## [General]
## runNumber:        241
## runTime:       	 7200
## runTimeFrames: 	 0
## pathName:         data/runs/Run_241_181022-16-16
## dateTime:         2018-10-22.18:01:26
## numChips:         7
## shutterTime:      30
## shutterMode:      verylong
## runMode:          0
## fastClock:        0
## externalTrigger:  0
## [Event]
## eventNumber:      8306
## useHvFadc:    	 1
## fadcReadout:    	 1
## szint1ClockInt:	 0
## szint2ClockInt:	 4095
## fadcTriggerClock: 0
# chipNumber: 0
# chipName:   E 6 W69
# numHits:    97
181	187	34
197	186	48
198	185	32
170	181	55
196	180	23
192	179	30
191	178	34
144	177	32
182	174	62
183	174	45
185	174	51
204	174	73
193	170	59
214	170	36
191	169	37
195	169	34
203	169	43
208	169	32
210	169	29
214	168	33
180	167	48
182	167	61
189	167	36
195	167	49
197	167	17
203	167	33
182	166	18
189	166	21
200	166	65
186	165	56
189	165	33
190	164	54
193	164	42
212	164	16
221	164	39
211	163	56
180	162	52
186	162	69
201	162	64
196	161	19
199	161	46
213	161	37
179	160	42
192	160	36
201	160	49
212	160	20
180	159	60
172	158	38
174	158	21
191	158	34
195	158	45
178	157	63
196	157	74
200	157	22
214	157	64
182	156	26
183	156	73
203	156	65
191	155	50
193	155	29
201	155	45
202	155	18
206	155	23
206	154	13
213	154	35
181	152	32
185	152	20
184	151	34
163	150	18
170	149	89
194	149	39
174	148	63
180	147	65
188	147	52
196	147	13
181	146	28
202	145	19
184	144	25
188	142	58
190	142	21
203	142	73
216	142	62
176	141	18
186	140	43
176	139	30
183	137	34
175	136	64
177	134	51
190	134	45
181	132	55
191	132	18
204	132	55
205	132	76
182	126	46
185	126	30
207	94	58
208	93	54
# chipNumber: 1
# chipName:   K 6 W69
# numHits:    0
# chipNumber: 2
# chipName:   H 9 W69
# numHits:    50
232	170	33
242	152	31
238	133	22
239	132	49
231	129	3
243	128	31
243	127	66
219	121	11
240	115	44
242	115	61
237	112	96
247	112	13
235	108	51
248	108	67
235	107	66
234	106	81
245	106	49
234	105	48
243	105	73
248	105	31
233	104	83
244	104	40
247	104	57
228	103	8
237	102	20
246	102	85
242	99	58
240	97	37
238	96	50
231	95	67
239	94	84
248	92	59
243	91	42
247	91	22
248	91	68
240	90	68
248	90	58
239	86	19
241	86	42
234	85	43
234	80	54
238	79	58
215	76	37
221	74	48
222	74	66
220	72	70
245	69	69
237	66	88
237	64	116
236	58	59
# chipNumber: 3
# chipName:   H 10 W69
# numHits:    21152
45	226	64
46	226	25
47	226	41
54	226	26
55	226	60
56	226	105
57	226	32
59	226	52
60	226	92
62	226	28
64	226	54
66	226	149
67	226	36
69	226	47
76	226	40
80	226	33
81	226	40
83	226	76
87	226	75
89	226	87
99	226	59
106	226	42
112	226	48
116	226	33
119	226	38
121	226	26
124	226	60
125	226	37
127	226	66
131	226	28
132	226	81
133	226	9
136	226	112
141	226	56
142	226	94
143	226	28
145	226	77
146	226	110
148	226	22
150	226	67
162	226	52
163	226	61
164	226	64
167	226	24
171	226	21
182	226	61
183	226	41
185	226	69
187	226	46
188	226	92
195	226	27
197	226	61
198	226	112
199	226	22
200	226	190
206	226	60
207	226	32
209	226	60
210	226	82
211	226	38
213	226	75
17	225	94
21	225	33
22	225	39
25	225	115
26	225	54
32	225	29
33	225	37
40	225	42
41	225	28
43	225	47
44	225	48
48	225	83
50	225	73
52	225	37
61	225	42
63	225	22
64	225	48
65	225	270
66	225	76
67	225	50
69	225	23
81	225	26
83	225	86
85	225	51
91	225	78
95	225	68
106	225	78
118	225	20
120	225	16
121	225	25
122	225	81
123	225	44
131	225	64
133	225	26
134	225	55
138	225	57
144	225	39
145	225	100
146	225	76
148	225	83
149	225	79
150	225	28
151	225	88
152	225	21
153	225	45
165	225	45
166	225	37
174	225	40
179	225	119
180	225	40
183	225	46
184	225	56
185	225	39
186	225	40
191	225	125
193	225	56
195	225	41
198	225	32
200	225	46
201	225	49
203	225	56
206	225	84
207	225	105
217	225	67
225	225	72
22	224	29
23	224	23
28	224	27
29	224	31
31	224	47
40	224	81
42	224	96
44	224	105
46	224	22
48	224	40
50	224	35
52	224	3
53	224	52
55	224	100
56	224	45
58	224	123
61	224	63
62	224	18
64	224	22
65	224	91
68	224	63
70	224	45
72	224	81
74	224	69
76	224	36
78	224	100
81	224	23
86	224	19
89	224	29
91	224	52
95	224	77
113	224	66
115	224	63
118	224	113
126	224	50
159	224	86
164	224	116
165	224	118
166	224	41
168	224	103
173	224	86
175	224	90
177	224	57
181	224	55
183	224	16
184	224	73
185	224	30
186	224	48
188	224	42
191	224	69
195	224	48
197	224	56
200	224	49
202	224	66
205	224	55
206	224	24
210	224	60
213	224	61
215	224	49
246	224	56
247	224	85
17	223	52
20	223	37
28	223	50
29	223	42
33	223	86
36	223	44
40	223	76
44	223	69
47	223	40
51	223	60
53	223	32
57	223	51
59	223	156
63	223	45
66	223	51
68	223	82
69	223	120
72	223	33
77	223	176
78	223	55
80	223	55
86	223	25
88	223	48
94	223	15
103	223	47
109	223	74
112	223	17
113	223	41
115	223	44
116	223	10
117	223	23
120	223	17
122	223	31
124	223	27
125	223	24
135	223	31
144	223	62
148	223	40
156	223	35
165	223	38
166	223	66
183	223	56
184	223	86
185	223	67
187	223	72
192	223	38
193	223	96
196	223	67
197	223	40
199	223	22
201	223	54
203	223	8
209	223	62
211	223	56
217	223	68
225	223	75
226	223	63
246	223	46
17	222	44
26	222	41
27	222	55
29	222	71
39	222	120
43	222	77
44	222	24
45	222	250
46	222	40
50	222	29
56	222	73
57	222	62
58	222	92
59	222	86
65	222	50
66	222	98
70	222	64
71	222	33
73	222	21
74	222	54
75	222	67
80	222	46
81	222	34
94	222	52
103	222	110
105	222	12
106	222	113
109	222	21
112	222	94
113	222	60
119	222	35
121	222	47
136	222	71
140	222	35
158	222	39
160	222	20
165	222	13
166	222	75
167	222	96
171	222	26
173	222	92
174	222	22
175	222	69
178	222	78
186	222	65
189	222	59
190	222	128
193	222	92
195	222	31
199	222	22
200	222	77
201	222	67
212	222	73
215	222	35
235	222	21
26	221	26
33	221	26
34	221	54
39	221	63
40	221	59
41	221	129
42	221	32
43	221	98
48	221	60
49	221	122
53	221	15
56	221	88
57	221	34
59	221	60
62	221	59
65	221	125
70	221	51
74	221	78
75	221	43
76	221	30
77	221	63
81	221	74
88	221	120
89	221	88
90	221	74
92	221	26
93	221	114
94	221	54
97	221	49
98	221	62
104	221	141
105	221	28
107	221	68
108	221	48
114	221	71
115	221	47
117	221	27
120	221	82
131	221	57
150	221	47
151	221	59
154	221	21
158	221	19
160	221	39
164	221	17
165	221	34
171	221	38
172	221	78
177	221	39
180	221	43
184	221	71
185	221	22
196	221	70
198	221	92
201	221	133
202	221	45
203	221	66
204	221	125
205	221	63
206	221	83
212	221	52
215	221	27
218	221	29
227	221	90
228	221	81
241	221	73
30	220	18
31	220	32
36	220	81
38	220	119
40	220	87
41	220	42
46	220	54
49	220	59
50	220	51
52	220	60
53	220	29
55	220	54
60	220	112
61	220	36
70	220	67
76	220	121
88	220	47
90	220	33
91	220	19
92	220	62
93	220	52
95	220	115
96	220	79
97	220	57
98	220	73
104	220	52
108	220	29
109	220	93
114	220	36
119	220	44
120	220	42
121	220	49
125	220	119
130	220	28
136	220	66
138	220	30
139	220	71
140	220	71
142	220	42
150	220	51
151	220	43
153	220	109
154	220	90
155	220	63
157	220	30
166	220	36
170	220	86
175	220	77
176	220	56
182	220	79
185	220	144
187	220	89
189	220	71
191	220	46
192	220	90
194	220	75
196	220	121
200	220	49
202	220	64
203	220	76
205	220	27
208	220	55
209	220	41
217	220	91
247	220	35
14	219	84
29	219	33
30	219	45
31	219	52
32	219	47
34	219	213
35	219	21
37	219	50
40	219	25
46	219	86
47	219	30
53	219	18
55	219	49
56	219	58
57	219	47
59	219	74
62	219	101
64	219	73
68	219	137
69	219	69
70	219	20
71	219	30
72	219	38
73	219	37
74	219	100
77	219	49
90	219	21
98	219	48
101	219	153
104	219	128
109	219	29
117	219	135
120	219	34
122	219	41
124	219	29
128	219	55
151	219	139
153	219	37
155	219	28
156	219	45
160	219	100
162	219	30
166	219	26
170	219	45
172	219	82
174	219	46
178	219	95
181	219	78
185	219	66
186	219	196
187	219	35
188	219	32
189	219	88
191	219	33
197	219	54
199	219	36
200	219	66
203	219	49
205	219	86
207	219	30
209	219	139
211	219	42
213	219	58
214	219	41
217	219	19
220	219	83
13	218	26
16	218	136
25	218	60
27	218	72
30	218	80
38	218	15
44	218	51
47	218	124
49	218	26
52	218	87
58	218	31
59	218	53
61	218	68
63	218	18
64	218	28
65	218	67
66	218	86
69	218	167
71	218	86
74	218	101
75	218	48
89	218	79
92	218	41
94	218	54
100	218	60
102	218	64
103	218	28
104	218	72
105	218	99
106	218	77
108	218	67
109	218	54
115	218	84
117	218	29
134	218	68
135	218	38
137	218	91
140	218	82
152	218	132
154	218	40
157	218	37
158	218	39
160	218	80
165	218	100
167	218	57
168	218	25
171	218	63
172	218	42
174	218	102
175	218	59
181	218	59
182	218	54
183	218	52
184	218	66
185	218	47
188	218	101
190	218	24
192	218	39
194	218	101
196	218	56
197	218	43
199	218	63
200	218	77
201	218	52
202	218	41
204	218	69
205	218	37
208	218	70
209	218	98
210	218	25
213	218	93
214	218	48
216	218	41
217	218	78
219	218	3
221	218	103
222	218	99
12	217	68
14	217	46
23	217	33
27	217	61
33	217	41
36	217	118
37	217	26
43	217	19
46	217	73
49	217	44
52	217	38
54	217	52
55	217	42
57	217	28
61	217	65
62	217	57
63	217	81
64	217	60
65	217	95
78	217	28
85	217	43
86	217	83
97	217	31
100	217	33
103	217	43
104	217	72
107	217	56
111	217	105
114	217	87
115	217	28
122	217	45
125	217	70
128	217	32
129	217	41
130	217	166
139	217	58
141	217	44
143	217	77
150	217	45
152	217	98
153	217	101
155	217	67
158	217	70
159	217	55
160	217	17
161	217	42
164	217	60
167	217	48
168	217	70
169	217	51
170	217	39
173	217	54
175	217	55
176	217	30
177	217	24
180	217	63
183	217	70
187	217	34
189	217	50
190	217	101
191	217	11
194	217	134
195	217	50
196	217	71
197	217	67
200	217	43
201	217	70
205	217	78
207	217	41
210	217	55
211	217	91
215	217	26
9	216	31
13	216	93
25	216	42
28	216	49
30	216	49
41	216	6
43	216	89
45	216	41
50	216	82
51	216	44
52	216	54
55	216	65
56	216	45
57	216	56
61	216	50
64	216	15
65	216	83
66	216	54
67	216	181
68	216	20
69	216	70
70	216	62
76	216	73
79	216	51
80	216	30
81	216	72
86	216	73
88	216	35
89	216	74
92	216	60
100	216	46
101	216	116
105	216	152
106	216	13
108	216	40
113	216	61
115	216	42
118	216	68
121	216	82
122	216	70
123	216	60
124	216	51
127	216	71
128	216	77
129	216	73
139	216	78
142	216	45
144	216	71
147	216	44
151	216	41
157	216	61
161	216	57
164	216	125
165	216	51
166	216	35
168	216	36
170	216	54
172	216	32
174	216	45
177	216	45
178	216	45
180	216	44
184	216	43
187	216	51
188	216	25
192	216	44
193	216	56
204	216	86
206	216	79
211	216	54
214	216	2
224	216	79
20	215	50
32	215	58
36	215	59
39	215	40
40	215	18
42	215	37
48	215	74
51	215	55
53	215	72
54	215	70
56	215	54
58	215	41
59	215	41
60	215	38
64	215	76
65	215	77
66	215	18
67	215	37
68	215	53
71	215	49
72	215	74
73	215	70
74	215	60
85	215	30
91	215	36
92	215	68
93	215	40
102	215	60
103	215	45
108	215	46
113	215	30
115	215	38
116	215	57
125	215	126
126	215	41
127	215	85
128	215	97
132	215	55
133	215	32
134	215	115
138	215	63
139	215	67
142	215	135
144	215	45
149	215	36
150	215	50
151	215	47
154	215	39
160	215	86
161	215	134
162	215	85
163	215	79
165	215	46
168	215	34
173	215	54
174	215	38
176	215	65
177	215	90
178	215	83
179	215	41
184	215	131
185	215	39
190	215	34
193	215	114
198	215	111
200	215	90
201	215	60
203	215	41
204	215	14
205	215	67
212	215	91
215	215	22
216	215	65
234	215	55
11	214	69
17	214	85
19	214	23
21	214	114
26	214	51
27	214	43
29	214	29
33	214	50
35	214	63
36	214	59
37	214	57
42	214	86
44	214	56
49	214	51
51	214	40
52	214	130
53	214	39
57	214	73
59	214	70
60	214	83
63	214	65
66	214	70
74	214	81
76	214	32
78	214	47
80	214	38
84	214	38
86	214	60
91	214	61
92	214	66
96	214	42
99	214	90
100	214	94
102	214	55
105	214	72
109	214	80
111	214	82
112	214	25
122	214	23
124	214	38
126	214	131
127	214	83
129	214	126
135	214	44
137	214	40
139	214	64
140	214	40
158	214	59
161	214	100
162	214	50
165	214	28
168	214	74
172	214	104
176	214	45
177	214	76
187	214	161
188	214	59
189	214	161
190	214	44
191	214	29
193	214	57
195	214	10
198	214	65
199	214	130
200	214	37
203	214	27
206	214	108
209	214	66
211	214	75
212	214	79
214	214	40
216	214	13
220	214	87
223	214	49
233	214	64
235	214	40
18	213	32
25	213	76
26	213	63
27	213	62
31	213	133
34	213	51
37	213	132
39	213	87
42	213	23
43	213	64
45	213	50
46	213	138
50	213	24
51	213	16
53	213	78
55	213	49
56	213	66
63	213	29
64	213	173
65	213	38
66	213	53
67	213	32
69	213	20
70	213	49
71	213	77
72	213	57
74	213	44
76	213	36
77	213	74
80	213	28
88	213	27
89	213	40
90	213	40
95	213	49
99	213	69
100	213	111
101	213	44
103	213	71
105	213	31
107	213	44
113	213	69
114	213	51
117	213	58
121	213	16
123	213	47
126	213	73
127	213	23
133	213	44
134	213	17
135	213	24
138	213	86
143	213	64
144	213	48
145	213	81
146	213	72
152	213	50
156	213	114
161	213	57
164	213	112
169	213	30
170	213	45
172	213	11
176	213	189
183	213	77
186	213	47
187	213	180
188	213	47
189	213	46
190	213	58
193	213	112
194	213	154
195	213	59
198	213	39
199	213	112
203	213	12
206	213	33
207	213	42
209	213	64
211	213	114
213	213	49
215	213	47
216	213	60
218	213	46
224	213	63
227	213	29
228	213	33
24	212	103
26	212	59
30	212	59
34	212	128
35	212	27
36	212	69
38	212	55
39	212	94
44	212	103
45	212	106
46	212	70
48	212	60
49	212	70
52	212	78
53	212	99
55	212	56
56	212	31
57	212	40
60	212	187
62	212	43
65	212	83
66	212	107
67	212	67
68	212	19
70	212	52
80	212	66
83	212	38
85	212	52
88	212	122
89	212	33
91	212	34
95	212	40
99	212	68
111	212	46
113	212	40
114	212	33
116	212	59
117	212	19
118	212	45
122	212	14
123	212	108
128	212	100
133	212	38
134	212	52
136	212	23
137	212	19
140	212	50
143	212	18
149	212	34
152	212	140
164	212	54
169	212	59
173	212	102
175	212	38
177	212	97
179	212	83
181	212	62
183	212	53
185	212	78
186	212	68
188	212	32
189	212	48
191	212	79
192	212	157
194	212	89
195	212	126
196	212	84
197	212	42
198	212	101
199	212	62
202	212	103
203	212	4
209	212	27
210	212	60
214	212	75
216	212	26
220	212	63
221	212	38
230	212	40
14	211	48
16	211	53
17	211	39
25	211	111
26	211	32
27	211	5
35	211	41
38	211	14
42	211	66
44	211	43
45	211	80
46	211	93
47	211	65
50	211	28
51	211	5
52	211	37
53	211	39
54	211	94
56	211	67
57	211	97
58	211	34
59	211	25
60	211	19
62	211	56
65	211	131
66	211	58
73	211	12
74	211	87
78	211	83
80	211	22
90	211	93
94	211	62
102	211	44
108	211	104
109	211	30
110	211	104
111	211	37
112	211	67
114	211	28
118	211	28
122	211	114
123	211	72
124	211	31
131	211	57
133	211	55
134	211	27
135	211	104
137	211	108
138	211	47
143	211	32
147	211	42
151	211	45
153	211	40
154	211	26
156	211	61
161	211	69
162	211	40
163	211	42
164	211	22
165	211	42
166	211	128
169	211	73
173	211	52
177	211	106
179	211	67
182	211	114
183	211	46
184	211	165
185	211	103
186	211	32
188	211	29
190	211	73
193	211	60
194	211	25
195	211	36
196	211	24
197	211	67
198	211	59
201	211	94
202	211	49
205	211	24
206	211	71
207	211	34
208	211	57
209	211	103
216	211	52
218	211	19
221	211	78
224	211	54
14	210	42
16	210	35
22	210	76
30	210	30
32	210	73
34	210	6
35	210	18
36	210	67
38	210	75
39	210	49
40	210	89
42	210	45
43	210	38
47	210	83
48	210	74
49	210	137
50	210	24
51	210	74
53	210	22
57	210	87
59	210	100
62	210	98
63	210	100
64	210	37
65	210	96
66	210	65
67	210	181
70	210	48
71	210	25
72	210	34
74	210	47
82	210	54
86	210	55
90	210	110
91	210	33
92	210	61
95	210	13
103	210	28
108	210	55
116	210	12
122	210	59
123	210	25
124	210	58
125	210	59
126	210	72
130	210	60
137	210	63
138	210	21
143	210	62
147	210	66
152	210	26
159	210	39
164	210	55
165	210	88
167	210	153
168	210	79
180	210	48
181	210	39
182	210	51
183	210	132
184	210	46
186	210	133
187	210	35
188	210	60
190	210	51
191	210	107
192	210	31
193	210	43
195	210	61
198	210	20
199	210	86
200	210	70
201	210	75
205	210	54
210	210	71
213	210	33
215	210	67
217	210	107
220	210	8
12	209	27
22	209	57
23	209	41
29	209	26
30	209	41
31	209	39
32	209	88
33	209	60
34	209	56
35	209	78
38	209	70
40	209	70
42	209	20
43	209	59
49	209	10
52	209	76
54	209	49
59	209	117
60	209	89
62	209	20
63	209	148
64	209	172
65	209	20
66	209	74
67	209	63
68	209	81
69	209	133
71	209	169
72	209	63
74	209	15
75	209	98
76	209	153
77	209	82
79	209	47
80	209	22
89	209	19
92	209	13
99	209	14
104	209	71
105	209	14
106	209	69
107	209	26
108	209	5
109	209	51
120	209	84
121	209	63
122	209	26
123	209	116
124	209	140
125	209	36
126	209	44
127	209	62
135	209	49
136	209	38
142	209	14
144	209	20
149	209	36
154	209	103
155	209	56
162	209	66
167	209	102
169	209	56
173	209	119
177	209	41
179	209	45
180	209	56
181	209	150
185	209	82
186	209	69
187	209	62
189	209	51
191	209	44
192	209	7
193	209	27
194	209	59
195	209	200
196	209	65
199	209	82
200	209	87
201	209	43
207	209	30
210	209	30
212	209	26
219	209	108
222	209	24
223	209	28
226	209	49
232	209	44
12	208	52
25	208	19
29	208	38
36	208	74
37	208	60
38	208	35
40	208	67
41	208	83
44	208	161
45	208	157
46	208	43
47	208	13
49	208	32
50	208	43
58	208	41
60	208	96
62	208	114
63	208	21
66	208	59
67	208	80
69	208	54
70	208	32
71	208	44
72	208	47
75	208	44
76	208	34
80	208	44
83	208	75
90	208	46
91	208	146
95	208	98
102	208	265
104	208	88
107	208	57
108	208	106
111	208	34
115	208	63
116	208	41
117	208	110
120	208	34
123	208	77
124	208	86
125	208	21
126	208	54
127	208	26
128	208	91
135	208	94
136	208	45
137	208	68
140	208	23
146	208	82
148	208	36
152	208	55
162	208	154
165	208	52
169	208	87
177	208	56
181	208	20
183	208	29
184	208	81
185	208	14
186	208	87
187	208	135
188	208	74
190	208	58
191	208	72
198	208	51
200	208	36
206	208	71
210	208	42
214	208	60
215	208	63
217	208	21
221	208	58
223	208	107
228	208	106
14	207	22
16	207	53
19	207	36
23	207	84
26	207	69
27	207	26
28	207	49
31	207	48
34	207	57
35	207	43
37	207	23
41	207	51
42	207	172
43	207	72
44	207	56
48	207	26
49	207	80
51	207	92
52	207	52
57	207	12
58	207	74
60	207	146
62	207	112
63	207	66
64	207	77
65	207	36
66	207	72
67	207	68
70	207	44
72	207	61
73	207	34
76	207	19
78	207	90
82	207	70
83	207	57
88	207	109
89	207	10
92	207	88
98	207	36
108	207	31
111	207	64
118	207	62
119	207	91
122	207	66
123	207	51
124	207	81
129	207	57
131	207	79
135	207	15
143	207	49
144	207	53
145	207	51
149	207	71
150	207	85
151	207	50
155	207	74
156	207	63
158	207	35
159	207	126
161	207	49
165	207	123
166	207	23
170	207	67
175	207	58
176	207	72
179	207	87
184	207	157
186	207	55
188	207	130
189	207	73
190	207	48
193	207	40
195	207	71
197	207	191
199	207	44
200	207	55
202	207	54
207	207	21
208	207	65
209	207	61
211	207	37
212	207	26
214	207	48
218	207	64
220	207	64
222	207	59
223	207	45
226	207	67
229	207	56
14	206	27
18	206	37
24	206	66
25	206	34
27	206	22
29	206	27
30	206	87
31	206	27
36	206	22
38	206	39
42	206	120
45	206	44
46	206	94
48	206	26
49	206	73
51	206	79
53	206	27
54	206	136
57	206	61
58	206	76
60	206	68
61	206	70
64	206	26
65	206	209
67	206	57
69	206	20
71	206	55
72	206	52
77	206	19
78	206	60
87	206	36
88	206	26
89	206	75
98	206	60
107	206	43
111	206	73
122	206	54
124	206	72
125	206	23
133	206	60
134	206	61
136	206	71
137	206	71
139	206	24
140	206	67
141	206	42
143	206	70
144	206	57
151	206	59
152	206	112
154	206	72
159	206	52
162	206	97
165	206	23
166	206	27
168	206	57
171	206	37
172	206	117
175	206	49
177	206	27
185	206	82
193	206	144
194	206	28
195	206	37
196	206	101
197	206	211
199	206	114
201	206	62
202	206	165
203	206	93
204	206	13
205	206	77
206	206	31
208	206	58
209	206	53
210	206	61
215	206	63
217	206	52
221	206	69
222	206	28
227	206	29
228	206	53
12	205	88
13	205	69
25	205	100
26	205	92
30	205	74
38	205	70
41	205	32
43	205	58
44	205	35
47	205	68
49	205	46
50	205	38
52	205	35
53	205	56
55	205	38
57	205	76
59	205	124
60	205	127
63	205	56
64	205	16
67	205	116
69	205	65
70	205	36
71	205	82
72	205	65
74	205	57
76	205	26
77	205	99
79	205	34
80	205	36
88	205	129
89	205	65
96	205	47
100	205	75
105	205	50
106	205	62
110	205	63
114	205	79
119	205	56
120	205	62
123	205	37
124	205	59
131	205	61
132	205	48
134	205	67
137	205	6
139	205	47
142	205	47
144	205	61
147	205	57
151	205	80
158	205	121
161	205	137
163	205	41
170	205	41
172	205	87
174	205	86
175	205	24
177	205	105
178	205	61
180	205	71
181	205	107
182	205	84
183	205	88
185	205	54
186	205	128
190	205	29
191	205	75
193	205	70
194	205	108
195	205	76
196	205	47
200	205	113
202	205	25
204	205	40
205	205	105
209	205	50
211	205	48
214	205	76
220	205	32
222	205	53
223	205	99
226	205	53
229	205	23
232	205	48
15	204	59
24	204	103
27	204	25
34	204	93
37	204	23
38	204	31
40	204	44
43	204	60
46	204	68
48	204	54
49	204	47
51	204	30
54	204	38
58	204	126
59	204	83
60	204	147
61	204	92
62	204	42
66	204	59
68	204	89
69	204	81
70	204	110
71	204	100
72	204	78
73	204	34
74	204	47
77	204	78
80	204	91
82	204	26
89	204	35
92	204	42
94	204	15
95	204	96
101	204	72
103	204	89
104	204	64
105	204	51
107	204	71
111	204	123
113	204	9
114	204	67
115	204	62
119	204	54
123	204	34
129	204	38
133	204	49
135	204	65
137	204	61
140	204	108
142	204	76
150	204	65
151	204	59
153	204	78
157	204	54
160	204	58
161	204	60
164	204	86
170	204	98
173	204	28
174	204	47
176	204	32
178	204	64
180	204	30
181	204	41
182	204	95
184	204	26
185	204	144
186	204	58
191	204	131
192	204	239
194	204	38
195	204	66
198	204	58
201	204	29
203	204	76
209	204	89
211	204	25
212	204	70
213	204	51
217	204	65
226	204	82
18	203	31
24	203	57
25	203	29
26	203	49
38	203	128
41	203	69
42	203	66
43	203	70
44	203	85
45	203	22
46	203	62
48	203	41
50	203	105
51	203	56
53	203	44
54	203	113
55	203	86
56	203	52
57	203	31
59	203	26
61	203	42
62	203	67
63	203	123
65	203	28
66	203	84
67	203	53
68	203	135
69	203	52
70	203	68
71	203	60
72	203	76
74	203	53
75	203	62
84	203	69
93	203	34
96	203	57
98	203	46
100	203	52
101	203	54
103	203	68
104	203	140
106	203	45
109	203	38
118	203	74
121	203	73
122	203	50
126	203	39
134	203	103
135	203	70
140	203	73
141	203	34
148	203	32
150	203	75
154	203	53
157	203	60
158	203	50
160	203	67
163	203	63
170	203	45
172	203	50
174	203	79
176	203	41
177	203	86
182	203	47
183	203	75
187	203	50
188	203	39
190	203	73
193	203	44
194	203	78
196	203	67
197	203	88
199	203	104
200	203	74
203	203	95
204	203	98
205	203	48
207	203	30
208	203	37
212	203	13
217	203	123
10	202	71
16	202	47
21	202	35
23	202	76
24	202	232
28	202	61
29	202	41
30	202	46
31	202	90
32	202	27
34	202	72
36	202	41
37	202	53
38	202	75
40	202	74
42	202	50
43	202	64
45	202	52
47	202	60
48	202	46
50	202	49
51	202	60
53	202	72
54	202	54
56	202	80
57	202	83
58	202	117
63	202	160
64	202	58
65	202	80
66	202	100
67	202	41
68	202	13
71	202	32
73	202	80
75	202	76
85	202	49
95	202	79
97	202	20
98	202	69
101	202	21
108	202	104
109	202	30
113	202	57
114	202	51
117	202	2
118	202	97
119	202	136
123	202	51
128	202	26
129	202	66
132	202	36
134	202	87
135	202	74
136	202	83
137	202	77
143	202	72
145	202	66
147	202	19
148	202	81
149	202	115
158	202	71
159	202	36
164	202	52
170	202	77
172	202	63
174	202	134
175	202	16
178	202	130
179	202	77
180	202	39
182	202	69
184	202	44
185	202	186
187	202	58
188	202	96
193	202	17
194	202	108
195	202	85
197	202	46
198	202	37
199	202	70
200	202	48
201	202	37
203	202	28
204	202	71
205	202	104
206	202	43
208	202	77
209	202	111
210	202	78
215	202	65
216	202	54
10	201	44
17	201	55
25	201	28
27	201	59
29	201	129
30	201	27
31	201	164
42	201	93
43	201	25
45	201	33
48	201	114
50	201	34
51	201	56
53	201	148
54	201	55
55	201	32
56	201	85
58	201	131
59	201	73
60	201	94
62	201	100
63	201	66
64	201	153
65	201	126
66	201	61
67	201	119
68	201	22
69	201	15
70	201	62
71	201	64
72	201	87
74	201	52
76	201	38
84	201	61
90	201	16
91	201	95
98	201	66
100	201	37
101	201	8
105	201	54
106	201	49
109	201	23
110	201	70
112	201	33
114	201	36
118	201	158
121	201	141
122	201	17
124	201	43
125	201	46
128	201	46
131	201	50
132	201	57
133	201	52
135	201	65
136	201	65
138	201	45
139	201	47
140	201	56
141	201	78
143	201	54
144	201	60
145	201	20
148	201	56
149	201	70
150	201	13
151	201	46
154	201	51
155	201	32
156	201	19
161	201	23
163	201	87
165	201	69
166	201	51
168	201	66
175	201	55
176	201	114
177	201	72
179	201	59
180	201	41
182	201	86
183	201	65
184	201	25
188	201	33
189	201	62
190	201	34
192	201	15
193	201	95
194	201	133
195	201	39
196	201	141
198	201	49
199	201	47
200	201	98
201	201	57
204	201	52
206	201	47
207	201	135
208	201	95
210	201	65
214	201	51
216	201	61
217	201	133
223	201	93
226	201	56
228	201	35
16	200	59
18	200	71
19	200	26
22	200	29
23	200	49
30	200	64
31	200	20
32	200	47
33	200	52
36	200	67
37	200	71
38	200	62
45	200	80
46	200	26
47	200	28
49	200	60
51	200	38
52	200	148
53	200	13
54	200	127
58	200	60
59	200	98
60	200	118
61	200	64
63	200	55
66	200	108
70	200	27
71	200	95
78	200	81
81	200	24
83	200	66
87	200	33
88	200	83
98	200	101
107	200	41
109	200	57
110	200	77
112	200	19
114	200	76
115	200	70
116	200	13
119	200	97
122	200	13
124	200	42
126	200	91
127	200	49
128	200	113
131	200	37
136	200	46
137	200	56
138	200	71
139	200	73
140	200	14
143	200	35
144	200	24
145	200	164
146	200	55
150	200	44
152	200	62
153	200	52
155	200	56
156	200	56
158	200	145
160	200	67
162	200	59
164	200	103
169	200	92
172	200	122
173	200	105
174	200	61
177	200	41
178	200	69
179	200	31
181	200	34
184	200	83
189	200	23
190	200	75
191	200	15
195	200	37
199	200	31
201	200	68
205	200	40
208	200	51
209	200	38
218	200	37
220	200	52
221	200	122
225	200	74
226	200	20
16	199	64
21	199	89
30	199	74
31	199	82
33	199	59
34	199	47
36	199	72
37	199	54
38	199	45
40	199	18
41	199	112
43	199	48
45	199	57
47	199	111
49	199	70
51	199	60
54	199	74
55	199	99
58	199	73
59	199	28
60	199	75
63	199	121
64	199	201
66	199	53
67	199	59
68	199	14
69	199	111
70	199	63
71	199	56
72	199	67
73	199	62
77	199	58
85	199	69
93	199	19
102	199	45
110	199	220
111	199	42
113	199	54
115	199	58
116	199	121
118	199	62
120	199	92
121	199	60
122	199	92
124	199	7
127	199	32
128	199	52
131	199	32
136	199	77
138	199	101
139	199	85
140	199	52
141	199	69
145	199	92
146	199	79
148	199	42
150	199	9
152	199	73
154	199	25
155	199	98
163	199	26
164	199	48
167	199	83
171	199	47
172	199	96
173	199	93
177	199	25
179	199	24
180	199	56
181	199	135
182	199	56
183	199	86
184	199	37
185	199	42
186	199	57
187	199	63
188	199	57
189	199	54
190	199	20
193	199	112
194	199	69
195	199	47
199	199	70
201	199	113
202	199	48
205	199	24
209	199	39
219	199	132
220	199	65
231	199	72
232	199	44
17	198	62
18	198	33
20	198	21
21	198	35
24	198	21
25	198	82
26	198	45
31	198	86
32	198	77
34	198	137
35	198	98
36	198	82
37	198	168
45	198	149
47	198	60
48	198	59
49	198	86
50	198	124
53	198	32
54	198	41
55	198	13
56	198	81
59	198	46
60	198	15
62	198	73
63	198	27
64	198	69
68	198	148
69	198	44
70	198	61
73	198	14
85	198	64
88	198	107
90	198	64
95	198	73
104	198	18
107	198	62
109	198	206
110	198	89
111	198	12
123	198	63
125	198	55
128	198	76
129	198	24
130	198	158
131	198	45
136	198	15
138	198	98
143	198	61
144	198	101
147	198	14
155	198	77
163	198	29
164	198	66
165	198	57
166	198	48
167	198	62
171	198	52
172	198	73
173	198	83
177	198	93
180	198	82
181	198	176
182	198	115
183	198	22
184	198	57
190	198	69
194	198	109
195	198	17
199	198	93
201	198	43
203	198	38
205	198	67
206	198	43
209	198	44
210	198	66
211	198	55
214	198	41
218	198	51
220	198	73
230	198	30
231	198	62
9	197	20
10	197	57
11	197	142
14	197	55
17	197	75
26	197	47
29	197	29
30	197	35
31	197	58
32	197	212
35	197	128
36	197	56
37	197	130
40	197	29
42	197	80
43	197	85
45	197	33
47	197	131
49	197	98
50	197	128
53	197	55
54	197	24
55	197	57
57	197	84
60	197	28
61	197	56
62	197	51
64	197	70
65	197	32
66	197	74
68	197	112
69	197	52
70	197	33
72	197	44
74	197	32
75	197	41
77	197	32
80	197	23
85	197	53
86	197	89
88	197	59
89	197	143
90	197	73
97	197	34
99	197	48
101	197	51
104	197	45
105	197	75
108	197	31
110	197	50
115	197	61
116	197	29
123	197	26
126	197	217
130	197	26
132	197	11
133	197	51
136	197	83
145	197	97
148	197	61
150	197	22
154	197	152
155	197	77
156	197	60
158	197	48
159	197	44
161	197	27
163	197	71
165	197	112
167	197	34
168	197	32
169	197	75
170	197	44
172	197	40
173	197	48
176	197	46
180	197	130
181	197	78
182	197	94
188	197	44
189	197	68
190	197	87
191	197	44
196	197	22
197	197	29
198	197	42
200	197	50
202	197	90
204	197	43
205	197	36
207	197	28
222	197	46
229	197	46
230	197	87
25	196	23
27	196	91
30	196	47
33	196	49
34	196	99
36	196	24
38	196	7
42	196	11
43	196	98
47	196	41
53	196	63
54	196	74
55	196	46
57	196	82
59	196	67
60	196	75
62	196	64
63	196	49
64	196	98
66	196	76
67	196	41
84	196	62
85	196	31
89	196	35
90	196	83
100	196	42
106	196	32
110	196	58
112	196	62
125	196	72
127	196	62
128	196	20
129	196	73
131	196	65
132	196	46
133	196	7
137	196	20
145	196	56
147	196	66
150	196	95
153	196	39
156	196	95
157	196	107
160	196	62
161	196	68
164	196	40
165	196	137
166	196	77
167	196	177
168	196	20
172	196	41
173	196	109
174	196	135
176	196	23
179	196	62
181	196	50
182	196	29
183	196	51
184	196	150
188	196	167
189	196	87
192	196	7
195	196	67
196	196	174
197	196	83
199	196	30
200	196	56
206	196	46
207	196	51
208	196	40
211	196	43
213	196	103
217	196	74
218	196	81
222	196	44
225	196	49
229	196	62
14	195	41
15	195	67
17	195	66
18	195	89
24	195	69
25	195	77
26	195	69
27	195	105
28	195	15
30	195	36
32	195	59
33	195	166
34	195	86
35	195	19
36	195	55
37	195	49
40	195	93
41	195	50
43	195	73
44	195	47
45	195	119
46	195	183
49	195	33
51	195	30
52	195	43
53	195	36
55	195	16
56	195	70
57	195	49
59	195	20
60	195	62
61	195	54
64	195	29
65	195	86
67	195	17
68	195	95
69	195	57
72	195	31
73	195	76
74	195	108
76	195	61
80	195	110
81	195	85
83	195	73
103	195	29
105	195	54
107	195	47
110	195	44
115	195	125
119	195	76
120	195	60
123	195	78
124	195	38
125	195	76
126	195	112
128	195	122
131	195	68
133	195	54
136	195	95
139	195	74
140	195	36
147	195	47
148	195	38
149	195	49
150	195	83
151	195	47
155	195	41
156	195	57
161	195	92
167	195	38
168	195	120
171	195	59
172	195	29
175	195	131
176	195	52
178	195	77
181	195	70
182	195	160
183	195	61
185	195	123
186	195	36
189	195	150
190	195	21
191	195	224
192	195	54
193	195	135
194	195	13
197	195	12
198	195	51
200	195	36
201	195	39
202	195	45
203	195	12
204	195	43
205	195	121
206	195	130
209	195	56
210	195	77
224	195	88
231	195	65
15	194	82
23	194	8
28	194	162
29	194	75
34	194	31
35	194	48
37	194	19
39	194	35
40	194	71
42	194	62
43	194	52
46	194	82
49	194	56
51	194	44
52	194	28
55	194	21
56	194	131
60	194	75
62	194	41
64	194	90
65	194	37
66	194	63
68	194	59
70	194	69
74	194	120
75	194	12
80	194	25
81	194	67
82	194	25
87	194	71
91	194	24
93	194	135
95	194	49
96	194	66
97	194	48
98	194	31
100	194	21
104	194	79
107	194	24
109	194	68
111	194	45
113	194	72
114	194	22
115	194	56
118	194	56
119	194	90
120	194	66
121	194	77
123	194	90
126	194	191
129	194	90
130	194	82
132	194	82
139	194	54
140	194	17
145	194	52
149	194	30
150	194	70
153	194	48
157	194	60
164	194	49
166	194	74
168	194	49
170	194	107
172	194	88
178	194	40
182	194	29
186	194	93
187	194	81
188	194	102
190	194	69
191	194	75
192	194	60
193	194	112
194	194	54
196	194	52
197	194	48
198	194	137
200	194	46
202	194	15
203	194	108
205	194	103
209	194	48
210	194	90
212	194	74
218	194	63
223	194	49
225	194	87
226	194	85
228	194	46
10	193	72
14	193	68
15	193	48
23	193	40
25	193	71
26	193	71
27	193	41
29	193	7
30	193	42
31	193	53
32	193	141
33	193	90
38	193	76
39	193	32
40	193	78
41	193	140
43	193	22
45	193	55
47	193	62
49	193	15
50	193	73
53	193	38
55	193	81
56	193	54
60	193	72
62	193	68
63	193	34
64	193	44
67	193	68
74	193	26
76	193	44
80	193	40
81	193	103
82	193	72
84	193	77
88	193	21
100	193	59
103	193	35
105	193	93
109	193	43
113	193	17
116	193	39
130	193	50
132	193	49
138	193	55
140	193	85
141	193	55
142	193	49
148	193	54
149	193	44
152	193	68
153	193	25
154	193	74
155	193	50
157	193	91
159	193	60
161	193	110
173	193	159
174	193	55
179	193	39
180	193	55
182	193	53
184	193	58
186	193	100
188	193	95
190	193	149
195	193	46
198	193	57
200	193	39
201	193	39
208	193	39
209	193	46
210	193	73
211	193	22
215	193	45
217	193	67
218	193	49
219	193	62
225	193	83
226	193	74
229	193	66
233	193	28
12	192	42
17	192	27
18	192	81
19	192	71
22	192	128
23	192	141
25	192	17
31	192	50
32	192	29
35	192	59
36	192	48
37	192	63
39	192	83
41	192	85
46	192	57
47	192	70
50	192	71
53	192	96
55	192	11
57	192	98
58	192	110
59	192	14
60	192	70
64	192	103
82	192	66
92	192	85
94	192	87
99	192	14
100	192	72
101	192	26
104	192	57
105	192	15
110	192	83
112	192	71
113	192	56
114	192	68
115	192	35
118	192	61
121	192	78
126	192	131
131	192	38
134	192	138
137	192	29
138	192	69
139	192	81
140	192	139
141	192	93
147	192	59
152	192	60
155	192	41
156	192	43
157	192	9
158	192	63
160	192	43
161	192	204
162	192	44
165	192	82
169	192	29
171	192	164
172	192	44
173	192	76
174	192	10
175	192	93
176	192	71
177	192	76
179	192	105
181	192	28
185	192	46
186	192	179
189	192	98
190	192	56
191	192	81
193	192	60
194	192	106
197	192	66
198	192	92
199	192	81
200	192	223
206	192	53
207	192	134
208	192	71
214	192	57
216	192	52
221	192	76
222	192	41
224	192	32
9	191	30
14	191	40
20	191	16
22	191	49
23	191	49
25	191	49
26	191	34
30	191	26
31	191	61
32	191	78
35	191	40
36	191	39
45	191	103
47	191	81
57	191	50
58	191	21
60	191	67
62	191	49
63	191	44
64	191	16
68	191	56
69	191	37
70	191	16
72	191	64
80	191	42
90	191	50
93	191	69
98	191	61
99	191	33
103	191	75
104	191	112
105	191	45
106	191	10
107	191	70
111	191	59
115	191	33
119	191	23
125	191	17
126	191	134
127	191	68
128	191	48
129	191	30
130	191	142
131	191	134
132	191	63
133	191	73
144	191	22
151	191	87
152	191	80
153	191	38
155	191	58
156	191	43
158	191	58
160	191	65
161	191	11
168	191	189
171	191	152
172	191	36
173	191	77
174	191	50
177	191	52
179	191	39
182	191	34
185	191	75
186	191	129
188	191	60
189	191	33
190	191	37
191	191	42
195	191	25
196	191	32
198	191	88
199	191	76
200	191	272
201	191	58
202	191	20
203	191	75
204	191	62
205	191	67
207	191	115
209	191	48
211	191	140
215	191	103
216	191	30
223	191	80
225	191	77
230	191	100
10	190	64
17	190	29
20	190	54
23	190	53
26	190	153
29	190	13
30	190	71
32	190	35
33	190	44
35	190	42
38	190	47
39	190	22
43	190	27
46	190	36
48	190	122
49	190	43
50	190	57
52	190	46
53	190	135
54	190	50
55	190	38
56	190	70
58	190	55
59	190	23
61	190	28
62	190	60
63	190	42
64	190	49
66	190	41
77	190	29
78	190	43
79	190	42
80	190	22
83	190	73
86	190	61
88	190	42
90	190	56
92	190	127
93	190	30
94	190	36
100	190	30
102	190	98
104	190	152
109	190	54
110	190	69
111	190	151
112	190	54
113	190	137
115	190	38
117	190	62
118	190	48
120	190	59
125	190	83
126	190	68
129	190	46
130	190	75
132	190	122
134	190	46
135	190	12
137	190	62
138	190	65
140	190	97
141	190	90
143	190	49
145	190	85
146	190	94
151	190	79
153	190	48
154	190	68
155	190	51
156	190	87
157	190	87
158	190	101
159	190	73
161	190	66
163	190	49
164	190	64
165	190	36
166	190	66
169	190	59
171	190	27
172	190	127
173	190	31
174	190	62
175	190	78
176	190	163
177	190	40
179	190	145
183	190	87
188	190	69
190	190	52
193	190	75
194	190	20
198	190	49
200	190	20
201	190	122
202	190	166
203	190	141
215	190	72
217	190	22
223	190	140
225	190	76
229	190	43
243	190	43
14	189	48
16	189	32
19	189	18
20	189	67
23	189	33
24	189	66
25	189	21
26	189	106
27	189	54
31	189	30
33	189	113
36	189	67
37	189	19
39	189	14
40	189	26
41	189	25
43	189	80
45	189	34
50	189	74
51	189	47
54	189	25
56	189	85
57	189	13
58	189	90
62	189	64
63	189	9
65	189	126
66	189	71
71	189	83
76	189	153
77	189	55
82	189	67
104	189	19
105	189	114
113	189	107
114	189	32
115	189	98
119	189	15
120	189	31
121	189	25
122	189	60
123	189	46
124	189	134
128	189	51
130	189	96
134	189	46
135	189	26
136	189	42
138	189	142
141	189	139
144	189	83
150	189	32
151	189	74
152	189	58
156	189	51
158	189	24
159	189	98
161	189	13
162	189	62
164	189	50
165	189	77
166	189	179
167	189	67
169	189	61
171	189	50
172	189	64
174	189	130
175	189	55
176	189	37
177	189	77
180	189	60
181	189	189
182	189	38
183	189	58
184	189	25
185	189	62
186	189	88
190	189	86
191	189	124
192	189	25
194	189	11
199	189	16
204	189	91
206	189	57
212	189	45
218	189	57
220	189	25
221	189	55
222	189	76
223	189	34
224	189	52
225	189	79
227	189	51
228	189	41
16	188	33
19	188	49
22	188	110
23	188	184
25	188	124
26	188	77
28	188	79
31	188	34
32	188	98
33	188	159
34	188	151
35	188	88
36	188	32
37	188	54
39	188	18
41	188	68
42	188	49
43	188	34
46	188	65
48	188	23
49	188	77
52	188	56
56	188	36
63	188	71
64	188	69
77	188	15
93	188	22
94	188	66
95	188	13
97	188	37
104	188	114
108	188	86
109	188	65
110	188	96
111	188	162
115	188	57
116	188	41
117	188	54
118	188	60
119	188	60
120	188	46
123	188	95
126	188	25
128	188	109
131	188	52
137	188	96
139	188	80
142	188	45
147	188	69
149	188	49
150	188	125
152	188	69
153	188	87
154	188	128
156	188	78
159	188	52
160	188	119
161	188	164
162	188	15
165	188	85
166	188	25
168	188	124
169	188	33
170	188	25
173	188	67
176	188	123
181	188	145
184	188	42
185	188	41
187	188	15
188	188	130
190	188	56
191	188	85
195	188	66
200	188	50
202	188	40
204	188	44
206	188	60
208	188	106
209	188	64
211	188	37
212	188	45
214	188	34
224	188	40
228	188	39
235	188	9
240	188	29
10	187	73
17	187	104
19	187	47
20	187	125
22	187	109
31	187	134
33	187	135
40	187	38
42	187	32
43	187	64
46	187	60
47	187	109
48	187	38
50	187	48
51	187	33
54	187	62
59	187	40
60	187	51
64	187	28
68	187	119
73	187	30
74	187	18
78	187	41
96	187	60
99	187	39
101	187	54
102	187	25
105	187	40
107	187	32
110	187	32
111	187	52
113	187	29
115	187	34
119	187	59
128	187	33
130	187	115
131	187	65
133	187	22
137	187	75
139	187	44
142	187	78
143	187	96
145	187	48
149	187	37
152	187	64
153	187	110
155	187	146
158	187	52
159	187	73
160	187	224
161	187	50
162	187	54
166	187	80
173	187	81
175	187	55
176	187	159
177	187	57
178	187	31
179	187	48
180	187	27
182	187	42
183	187	55
186	187	93
187	187	48
190	187	124
191	187	125
192	187	55
195	187	63
197	187	40
198	187	33
199	187	26
200	187	64
203	187	28
205	187	44
206	187	98
212	187	51
222	187	42
236	187	70
12	186	30
20	186	53
21	186	103
22	186	68
24	186	40
25	186	83
26	186	24
28	186	68
31	186	76
32	186	47
34	186	73
35	186	44
36	186	62
37	186	130
39	186	97
41	186	194
42	186	50
43	186	52
44	186	81
45	186	34
46	186	35
47	186	25
48	186	48
50	186	59
51	186	126
64	186	78
66	186	54
79	186	83
85	186	106
98	186	62
99	186	31
103	186	33
104	186	23
107	186	41
108	186	36
109	186	14
110	186	52
111	186	54
112	186	75
115	186	37
118	186	57
122	186	120
124	186	113
126	186	57
128	186	58
129	186	33
130	186	49
136	186	49
145	186	114
149	186	59
150	186	44
151	186	55
152	186	65
154	186	88
155	186	155
156	186	166
157	186	27
160	186	39
163	186	69
168	186	36
170	186	12
172	186	30
174	186	101
177	186	77
181	186	37
182	186	148
184	186	71
185	186	56
187	186	32
188	186	51
189	186	14
192	186	47
193	186	69
194	186	22
197	186	67
207	186	15
208	186	63
209	186	43
214	186	72
218	186	54
229	186	85
17	185	40
22	185	34
25	185	28
29	185	30
31	185	46
33	185	95
36	185	44
37	185	83
38	185	14
39	185	32
40	185	46
41	185	30
45	185	11
47	185	46
48	185	34
50	185	82
51	185	45
53	185	48
56	185	60
57	185	26
59	185	140
65	185	47
67	185	27
75	185	38
76	185	46
80	185	49
84	185	35
87	185	41
89	185	63
94	185	48
96	185	70
97	185	40
104	185	101
106	185	84
108	185	61
110	185	15
111	185	71
119	185	65
121	185	59
122	185	34
129	185	33
135	185	67
138	185	57
139	185	44
141	185	22
142	185	54
146	185	66
148	185	24
150	185	79
152	185	48
153	185	115
154	185	59
155	185	115
156	185	148
158	185	203
159	185	92
160	185	129
161	185	24
163	185	6
164	185	48
168	185	52
169	185	24
170	185	82
173	185	41
176	185	37
177	185	52
183	185	70
184	185	98
187	185	43
188	185	119
190	185	52
191	185	46
192	185	216
194	185	40
195	185	84
196	185	45
197	185	68
200	185	89
202	185	156
203	185	112
204	185	58
206	185	134
212	185	53
215	185	47
216	185	94
218	185	61
219	185	82
227	185	72
230	185	88
231	185	69
235	185	32
239	185	37
244	185	64
18	184	81
22	184	47
23	184	103
25	184	48
26	184	35
27	184	85
28	184	126
29	184	38
30	184	60
31	184	148
32	184	53
33	184	28
35	184	29
36	184	87
38	184	30
39	184	28
42	184	59
43	184	32
45	184	86
46	184	20
51	184	78
59	184	166
69	184	49
70	184	66
71	184	45
80	184	23
86	184	37
43	246	56
50	245	57
96	245	89
124	245	54
188	245	72
45	244	128
46	244	55
60	244	93
64	244	39
72	244	29
77	244	65
89	244	93
96	244	18
100	244	44
111	244	56
135	244	38
155	244	69
58	243	31
60	243	37
64	243	65
66	243	54
75	243	33
93	243	88
95	243	25
97	243	56
100	243	41
156	243	43
191	243	45
37	242	45
38	242	35
59	242	51
60	242	44
65	242	81
81	242	49
82	242	27
84	242	60
86	242	76
103	242	21
186	242	89
43	241	23
44	241	32
49	241	29
62	241	17
65	241	20
66	241	64
75	241	63
76	241	24
86	241	54
87	241	71
90	241	27
93	241	19
111	241	56
125	241	79
132	241	60
141	241	31
156	241	62
165	241	51
171	241	69
178	241	45
13	240	17
44	240	16
46	240	33
49	240	32
50	240	49
51	240	24
54	240	20
55	240	66
57	240	51
58	240	49
68	240	19
81	240	50
83	240	19
92	240	95
102	240	58
103	240	95
104	240	57
109	240	72
119	240	68
120	240	49
122	240	67
123	240	56
142	240	45
156	240	66
157	240	40
158	240	15
169	240	53
182	240	67
195	240	47
200	240	49
202	240	19
30	239	17
33	239	22
45	239	11
47	239	62
49	239	39
55	239	54
62	239	72
66	239	37
67	239	42
92	239	64
103	239	67
115	239	75
121	239	57
122	239	66
123	239	33
124	239	63
126	239	42
139	239	33
171	239	62
172	239	84
175	239	31
179	239	52
182	239	24
204	239	80
206	239	62
208	239	28
213	239	72
30	238	46
34	238	38
52	238	41
56	238	69
59	238	36
63	238	58
68	238	65
70	238	55
72	238	65
81	238	80
83	238	111
87	238	86
90	238	70
93	238	35
95	238	32
110	238	51
117	238	46
134	238	67
142	238	34
169	238	60
187	238	52
195	238	63
198	238	28
204	238	55
205	238	78
209	238	10
213	238	48
225	238	73
48	237	48
49	237	39
51	237	60
57	237	80
58	237	23
62	237	13
65	237	15
66	237	24
71	237	70
83	237	42
101	237	59
102	237	32
104	237	34
169	237	93
171	237	31
173	237	73
176	237	75
184	237	60
191	237	50
193	237	126
194	237	50
195	237	108
198	237	74
205	237	39
206	237	65
215	237	55
224	237	30
225	237	35
23	236	57
28	236	33
33	236	53
38	236	46
42	236	72
43	236	82
44	236	47
48	236	30
49	236	81
52	236	63
54	236	68
56	236	41
59	236	60
62	236	95
64	236	60
69	236	15
75	236	141
77	236	45
83	236	74
94	236	30
99	236	60
106	236	47
111	236	62
115	236	79
130	236	38
133	236	19
141	236	13
146	236	128
147	236	80
175	236	34
182	236	59
193	236	90
198	236	41
200	236	50
208	236	70
211	236	121
29	235	51
30	235	43
38	235	27
41	235	67
43	235	87
47	235	32
48	235	41
50	235	23
55	235	47
57	235	40
58	235	54
60	235	43
61	235	71
65	235	61
68	235	34
69	235	18
72	235	38
73	235	50
74	235	51
87	235	60
90	235	14
94	235	53
100	235	67
101	235	35
112	235	49
119	235	45
120	235	38
129	235	21
145	235	54
146	235	66
161	235	36
175	235	37
183	235	44
192	235	62
198	235	139
207	235	96
208	235	59
217	235	7
229	235	36
25	234	79
28	234	53
30	234	47
31	234	39
35	234	41
36	234	60
40	234	79
41	234	51
45	234	119
51	234	14
52	234	80
55	234	37
57	234	24
61	234	95
73	234	61
74	234	81
75	234	28
76	234	109
77	234	42
79	234	117
82	234	27
83	234	59
97	234	60
98	234	60
101	234	84
115	234	16
117	234	72
123	234	76
124	234	84
128	234	40
140	234	21
146	234	52
151	234	54
152	234	56
167	234	83
169	234	105
173	234	42
179	234	17
182	234	108
195	234	62
197	234	26
198	234	42
18	233	67
24	233	55
26	233	38
32	233	64
35	233	44
41	233	76
44	233	65
49	233	97
51	233	87
52	233	29
53	233	66
54	233	9
67	233	154
68	233	36
70	233	54
73	233	115
74	233	52
75	233	68
94	233	111
99	233	42
101	233	120
110	233	145
114	233	43
117	233	25
138	233	50
146	233	38
151	233	74
157	233	33
160	233	67
163	233	68
172	233	46
177	233	68
178	233	41
184	233	134
187	233	36
188	233	38
191	233	73
195	233	58
197	233	41
200	233	52
202	233	82
203	233	12
204	233	54
206	233	66
208	233	80
209	233	34
213	233	76
215	233	14
216	233	114
217	233	59
223	233	52
238	233	11
27	232	144
30	232	77
31	232	45
33	232	46
35	232	38
37	232	40
38	232	60
41	232	40
44	232	92
46	232	39
48	232	82
49	232	72
53	232	72
54	232	88
57	232	45
58	232	47
59	232	34
63	232	97
64	232	46
76	232	20
77	232	46
79	232	78
80	232	50
81	232	96
84	232	17
85	232	19
89	232	50
91	232	67
93	232	40
98	232	50
99	232	113
100	232	62
102	232	27
112	232	39
124	232	58
145	232	18
159	232	43
165	232	50
173	232	17
174	232	13
175	232	59
177	232	90
179	232	122
181	232	76
183	232	64
186	232	144
187	232	40
191	232	91
196	232	32
198	232	24
209	232	49
214	232	24
222	232	66
21	231	59
22	231	59
27	231	71
29	231	28
30	231	39
40	231	26
45	231	56
48	231	58
49	231	72
53	231	72
55	231	62
56	231	29
64	231	140
69	231	121
70	231	40
72	231	45
73	231	26
77	231	17
79	231	106
81	231	21
82	231	88
83	231	46
89	231	41
94	231	153
96	231	62
103	231	58
105	231	71
111	231	77
122	231	33
124	231	96
132	231	65
134	231	31
138	231	58
147	231	40
159	231	53
171	231	63
178	231	54
187	231	50
190	231	60
191	231	82
197	231	33
198	231	229
202	231	71
203	231	27
205	231	189
206	231	16
218	231	22
12	230	4
15	230	24
22	230	46
24	230	56
27	230	46
35	230	129
44	230	47
46	230	32
47	230	143
48	230	51
49	230	61
52	230	107
55	230	36
58	230	98
59	230	99
63	230	54
68	230	42
69	230	38
70	230	63
71	230	26
73	230	60
78	230	76
80	230	149
82	230	39
88	230	44
91	230	36
93	230	6
99	230	25
100	230	40
106	230	66
114	230	97
115	230	69
122	230	6
125	230	52
127	230	7
128	230	62
134	230	140
135	230	57
142	230	10
149	230	139
161	230	57
166	230	60
174	230	21
177	230	45
189	230	71
190	230	60
191	230	112
192	230	139
195	230	50
196	230	67
197	230	44
198	230	97
200	230	114
202	230	62
204	230	89
205	230	56
206	230	57
213	230	137
214	230	62
27	229	114
28	229	18
29	229	34
37	229	40
38	229	32
43	229	43
44	229	82
47	229	36
48	229	20
54	229	46
56	229	30
57	229	72
58	229	92
60	229	35
61	229	45
62	229	35
66	229	52
69	229	75
70	229	80
72	229	22
73	229	176
74	229	37
75	229	59
76	229	60
77	229	53
80	229	33
84	229	48
88	229	121
92	229	62
94	229	78
98	229	65
104	229	94
105	229	29
106	229	40
108	229	61
112	229	50
113	229	17
115	229	45
118	229	23
121	229	51
122	229	102
133	229	47
135	229	50
139	229	51
149	229	46
150	229	9
152	229	45
158	229	50
163	229	19
168	229	42
169	229	38
178	229	65
187	229	30
188	229	89
190	229	10
196	229	70
197	229	54
199	229	50
203	229	70
204	229	49
205	229	58
31	228	37
33	228	33
37	228	33
38	228	75
39	228	100
41	228	61
43	228	37
44	228	163
47	228	26
49	228	30
51	228	79
53	228	69
54	228	76
55	228	36
58	228	53
59	228	56
62	228	80
63	228	39
69	228	75
70	228	143
72	228	34
75	228	74
80	228	20
91	228	61
99	228	17
105	228	46
116	228	46
120	228	49
121	228	27
122	228	60
127	228	128
145	228	56
146	228	25
149	228	72
161	228	18
167	228	58
178	228	59
193	228	68
195	228	68
196	228	69
198	228	54
201	228	77
204	228	16
210	228	105
215	228	34
216	228	26
217	228	75
225	228	41
242	228	88
18	227	46
20	227	90
32	227	46
33	227	27
35	227	106
36	227	43
37	227	2
45	227	28
47	227	57
50	227	57
51	227	13
52	227	25
53	227	97
54	227	100
55	227	124
56	227	67
57	227	57
60	227	72
63	227	31
64	227	83
66	227	31
70	227	46
71	227	157
76	227	35
77	227	36
82	227	51
86	227	37
90	227	43
106	227	54
121	227	86
126	227	43
130	227	26
132	227	16
141	227	68
146	227	36
149	227	18
150	227	143
151	227	32
158	227	30
162	227	43
163	227	65
164	227	116
171	227	78
172	227	98
183	227	39
196	227	86
199	227	74
202	227	53
204	227	112
205	227	84
208	227	116
210	227	51
216	227	57
22	226	48
26	226	23
27	226	47
32	226	74
36	226	32
38	226	60
39	226	66
43	226	14
# chipNumber: 4
# chipName:   G 10 W69
# numHits:    20
26	139	53
8	131	77
15	128	57
9	126	73
16	122	74
17	122	35
10	118	35
11	118	12
11	117	39
11	116	100
12	116	62
12	95	83
9	17	22
8	16	111
33	16	66
32	15	42
32	14	17
13	13	75
13	10	56
25	10	66
# chipNumber: 5
# chipName:   D 9 W69
# numHits:    11
197	240	22
222	239	83
232	239	14
222	238	30
199	237	10
215	235	37
216	234	43
194	222	20
202	222	41
194	217	42
209	215	47
# chipNumber: 6
# chipName:   L 8 W69
# numHits:    5
39	239	13
166	233	11810
73	230	19
73	229	26
234	203	11810
