## [General]
## runNumber:        241
## runTime:       	 7200
## runTimeFrames: 	 0
## pathName:         data/runs/Run_241_181022-16-16
## dateTime:         2018-10-22.17:43:22
## numChips:         7
## shutterTime:      30
## shutterMode:      verylong
## runMode:          0
## fastClock:        0
## externalTrigger:  0
## [Event]
## eventNumber:      6872
## useHvFadc:    	 1
## fadcReadout:    	 1
## szint1ClockInt:	 0
## szint2ClockInt:	 0
## fadcTriggerClock: 0
# chipNumber: 0
# chipName:   E 6 W69
# numHits:    0
# chipNumber: 1
# chipName:   K 6 W69
# numHits:    0
# chipNumber: 2
# chipName:   H 9 W69
# numHits:    28
244	152	69
238	151	41
242	148	49
245	145	107
243	144	27
224	142	48
235	141	77
243	141	90
242	137	39
231	133	35
243	133	51
247	129	71
230	128	56
248	128	38
230	127	36
241	126	25
242	126	68
246	124	42
241	123	34
235	122	52
241	122	44
238	120	81
234	118	109
241	117	25
242	116	69
229	97	40
239	89	26
233	79	62
# chipNumber: 3
# chipName:   H 10 W69
# numHits:    22555
105	213	49
109	213	38
121	213	43
126	213	94
129	213	54
138	213	25
139	213	39
140	213	52
149	213	57
150	213	60
151	213	126
156	213	33
157	213	47
158	213	68
159	213	64
164	213	196
165	213	13
166	213	40
168	213	117
169	213	76
170	213	146
171	213	101
172	213	113
174	213	55
175	213	90
181	213	46
183	213	60
184	213	54
185	213	94
186	213	66
190	213	38
193	213	59
194	213	54
195	213	21
202	213	53
212	213	47
213	213	48
217	213	73
224	213	81
225	213	49
227	213	59
233	213	47
22	212	57
26	212	38
27	212	104
30	212	44
31	212	52
32	212	104
35	212	45
36	212	42
38	212	34
41	212	49
42	212	47
44	212	51
45	212	48
48	212	99
50	212	48
51	212	103
53	212	40
54	212	45
58	212	54
59	212	53
60	212	137
61	212	66
62	212	79
63	212	63
64	212	93
67	212	112
69	212	53
71	212	214
72	212	42
73	212	61
76	212	19
77	212	18
78	212	19
79	212	49
80	212	30
83	212	93
84	212	113
85	212	34
86	212	45
87	212	56
90	212	44
97	212	15
101	212	22
103	212	81
104	212	70
107	212	67
108	212	120
109	212	12
112	212	55
116	212	63
118	212	48
119	212	69
121	212	33
126	212	54
128	212	43
131	212	41
139	212	62
140	212	77
143	212	52
144	212	97
154	212	33
158	212	14
159	212	25
160	212	71
162	212	47
164	212	16
165	212	47
167	212	30
168	212	34
172	212	47
173	212	93
177	212	67
178	212	127
180	212	91
181	212	23
184	212	46
185	212	35
187	212	20
188	212	57
190	212	63
192	212	49
193	212	49
194	212	108
195	212	80
200	212	90
201	212	49
203	212	57
204	212	23
205	212	22
208	212	70
210	212	13
212	212	59
214	212	41
216	212	45
219	212	62
220	212	65
228	212	59
10	211	74
13	211	55
22	211	60
26	211	36
28	211	37
30	211	191
31	211	108
32	211	62
33	211	134
38	211	78
40	211	109
44	211	90
48	211	30
49	211	45
51	211	26
52	211	41
53	211	157
56	211	112
57	211	23
58	211	21
60	211	107
61	211	34
62	211	66
64	211	55
67	211	13
68	211	112
69	211	136
71	211	74
72	211	236
73	211	65
75	211	38
78	211	31
80	211	128
81	211	71
83	211	35
84	211	108
86	211	112
89	211	58
91	211	46
93	211	76
99	211	66
100	211	68
105	211	25
108	211	48
114	211	83
120	211	42
121	211	51
129	211	57
131	211	91
132	211	91
143	211	24
144	211	91
145	211	142
147	211	60
149	211	34
150	211	71
155	211	66
157	211	25
158	211	44
160	211	40
161	211	36
163	211	82
168	211	78
169	211	116
170	211	149
172	211	18
173	211	122
174	211	181
176	211	143
181	211	85
182	211	153
183	211	56
186	211	62
188	211	55
191	211	59
194	211	95
195	211	124
196	211	74
197	211	46
201	211	82
202	211	25
210	211	23
211	211	70
218	211	66
222	211	45
223	211	54
231	211	27
233	211	103
246	211	57
14	210	42
16	210	64
17	210	101
25	210	39
26	210	34
27	210	37
30	210	45
32	210	67
33	210	31
34	210	106
35	210	40
36	210	41
40	210	56
41	210	62
42	210	43
43	210	171
45	210	39
47	210	92
48	210	26
49	210	19
50	210	37
51	210	74
52	210	81
54	210	90
55	210	97
56	210	46
57	210	114
59	210	52
61	210	76
62	210	74
63	210	59
64	210	123
65	210	56
66	210	91
68	210	30
69	210	103
70	210	166
71	210	48
72	210	51
73	210	74
74	210	65
76	210	187
77	210	58
78	210	18
79	210	54
80	210	41
81	210	95
83	210	57
84	210	70
85	210	59
86	210	66
88	210	65
92	210	54
93	210	42
94	210	35
96	210	24
100	210	52
102	210	52
104	210	38
105	210	78
106	210	32
107	210	139
109	210	20
111	210	92
112	210	44
114	210	23
115	210	52
122	210	90
123	210	95
129	210	22
130	210	160
131	210	30
132	210	56
133	210	20
134	210	51
135	210	100
145	210	56
148	210	55
150	210	59
152	210	32
153	210	87
154	210	49
156	210	65
161	210	60
162	210	21
163	210	57
167	210	46
170	210	12
171	210	37
173	210	62
174	210	13
175	210	82
176	210	103
177	210	85
179	210	59
180	210	51
181	210	90
182	210	105
183	210	67
184	210	43
186	210	120
187	210	103
190	210	33
192	210	67
193	210	72
196	210	122
197	210	55
200	210	51
201	210	80
203	210	70
204	210	70
212	210	50
213	210	55
215	210	34
216	210	52
221	210	48
229	210	40
230	210	75
30	209	76
32	209	32
34	209	77
35	209	75
36	209	49
41	209	79
42	209	188
46	209	137
47	209	25
48	209	25
51	209	41
52	209	96
53	209	36
54	209	31
55	209	120
58	209	35
59	209	43
61	209	61
65	209	37
66	209	70
67	209	39
68	209	210
69	209	107
70	209	44
71	209	35
72	209	209
73	209	279
74	209	132
75	209	54
77	209	15
78	209	121
82	209	86
83	209	17
85	209	234
89	209	54
90	209	32
91	209	124
92	209	100
93	209	117
94	209	37
95	209	146
97	209	89
98	209	23
99	209	51
106	209	19
107	209	50
108	209	28
109	209	75
111	209	30
113	209	116
114	209	48
115	209	32
117	209	46
120	209	68
131	209	60
135	209	22
136	209	115
141	209	45
147	209	166
148	209	58
152	209	25
156	209	25
157	209	59
160	209	48
161	209	120
162	209	71
165	209	26
169	209	100
170	209	23
171	209	107
172	209	100
173	209	51
175	209	98
177	209	37
180	209	44
181	209	106
182	209	41
183	209	36
184	209	89
187	209	39
189	209	52
190	209	65
191	209	84
206	209	48
209	209	18
210	209	36
211	209	70
214	209	95
222	209	62
224	209	22
231	209	73
17	208	69
22	208	60
23	208	123
28	208	144
29	208	45
30	208	66
31	208	70
32	208	27
34	208	311
35	208	135
37	208	45
39	208	140
40	208	94
41	208	118
42	208	54
43	208	21
44	208	69
45	208	86
46	208	38
49	208	91
50	208	15
53	208	38
54	208	17
55	208	149
56	208	181
57	208	160
58	208	52
62	208	77
63	208	60
64	208	144
67	208	49
68	208	102
70	208	164
71	208	88
72	208	54
73	208	47
75	208	136
79	208	44
81	208	99
83	208	32
84	208	11
85	208	59
87	208	107
89	208	39
90	208	95
92	208	107
93	208	131
94	208	48
97	208	33
99	208	50
100	208	85
101	208	63
103	208	201
106	208	53
107	208	122
109	208	13
110	208	113
114	208	65
118	208	41
119	208	14
121	208	27
123	208	106
130	208	71
131	208	74
133	208	38
137	208	73
142	208	62
143	208	127
144	208	21
146	208	28
147	208	87
148	208	14
152	208	87
155	208	59
156	208	40
159	208	52
160	208	198
163	208	57
165	208	110
166	208	37
169	208	33
170	208	95
172	208	32
173	208	51
174	208	113
176	208	68
177	208	10
178	208	82
179	208	71
180	208	19
182	208	87
183	208	60
184	208	179
187	208	59
191	208	46
192	208	38
197	208	72
201	208	49
204	208	49
205	208	71
206	208	51
208	208	35
209	208	23
211	208	58
212	208	54
213	208	101
214	208	70
215	208	40
216	208	97
217	208	121
218	208	87
219	208	131
221	208	53
224	208	70
23	207	26
24	207	23
25	207	51
29	207	65
31	207	83
32	207	103
34	207	78
36	207	92
37	207	54
38	207	33
39	207	102
40	207	104
41	207	32
42	207	160
43	207	139
45	207	44
49	207	66
50	207	112
51	207	57
52	207	73
53	207	87
54	207	68
56	207	56
59	207	65
62	207	94
63	207	137
64	207	149
65	207	52
66	207	38
67	207	62
68	207	95
69	207	135
70	207	128
71	207	82
73	207	48
74	207	16
75	207	46
77	207	67
78	207	160
79	207	50
82	207	100
83	207	108
87	207	62
90	207	51
92	207	95
93	207	43
95	207	83
97	207	63
98	207	103
101	207	54
102	207	94
103	207	137
105	207	67
111	207	59
113	207	103
114	207	21
115	207	75
116	207	99
120	207	19
121	207	43
122	207	45
127	207	58
131	207	67
132	207	67
133	207	54
139	207	33
140	207	99
141	207	118
142	207	92
143	207	72
144	207	39
147	207	59
149	207	26
151	207	8
153	207	23
154	207	75
156	207	70
159	207	39
167	207	46
170	207	103
171	207	57
172	207	153
173	207	155
174	207	62
176	207	81
177	207	135
178	207	91
180	207	74
181	207	188
185	207	63
189	207	57
191	207	22
192	207	64
193	207	125
195	207	19
196	207	10
197	207	60
198	207	43
199	207	112
200	207	21
206	207	65
207	207	62
211	207	141
212	207	70
213	207	43
214	207	37
215	207	29
217	207	76
219	207	26
220	207	48
222	207	86
224	207	92
232	207	46
242	207	53
12	206	83
21	206	24
27	206	23
31	206	79
33	206	34
34	206	59
36	206	60
38	206	51
40	206	46
41	206	33
42	206	190
43	206	64
44	206	11
45	206	33
46	206	76
47	206	71
50	206	68
52	206	64
54	206	51
55	206	73
56	206	40
57	206	200
58	206	106
60	206	74
65	206	228
66	206	63
67	206	93
68	206	252
69	206	15
71	206	180
72	206	49
73	206	51
74	206	95
79	206	62
80	206	140
81	206	103
82	206	185
83	206	60
84	206	102
85	206	60
87	206	51
89	206	41
94	206	73
95	206	96
96	206	34
98	206	65
100	206	194
101	206	40
105	206	14
106	206	20
107	206	69
108	206	84
110	206	39
113	206	33
115	206	60
117	206	116
118	206	80
123	206	27
130	206	55
133	206	74
135	206	71
140	206	94
141	206	74
144	206	46
147	206	22
148	206	101
150	206	26
154	206	51
156	206	34
157	206	60
161	206	57
162	206	71
164	206	36
166	206	36
167	206	30
168	206	22
172	206	66
174	206	34
175	206	90
176	206	43
177	206	75
179	206	171
180	206	185
181	206	55
183	206	46
185	206	185
186	206	40
187	206	39
188	206	100
191	206	92
193	206	62
195	206	17
196	206	40
201	206	86
204	206	85
206	206	40
212	206	42
214	206	40
218	206	48
221	206	76
227	206	43
228	206	108
230	206	49
232	206	59
12	205	100
24	205	27
28	205	77
31	205	13
32	205	80
35	205	15
38	205	62
41	205	32
42	205	112
45	205	44
47	205	87
48	205	99
50	205	36
52	205	42
54	205	119
57	205	214
58	205	135
60	205	98
61	205	58
62	205	70
63	205	36
64	205	107
65	205	49
66	205	117
67	205	82
69	205	99
70	205	115
72	205	39
75	205	129
76	205	26
77	205	53
78	205	48
79	205	96
80	205	69
81	205	74
82	205	218
84	205	196
85	205	37
88	205	114
90	205	42
91	205	52
93	205	111
96	205	85
98	205	68
100	205	68
101	205	261
102	205	104
105	205	44
106	205	24
107	205	83
108	205	65
110	205	46
111	205	24
115	205	63
116	205	98
117	205	121
122	205	37
123	205	63
124	205	81
130	205	46
133	205	96
135	205	32
140	205	63
143	205	49
144	205	89
145	205	86
147	205	49
151	205	45
152	205	53
153	205	107
155	205	13
158	205	119
159	205	66
160	205	93
161	205	139
162	205	49
163	205	208
164	205	79
165	205	122
166	205	184
167	205	348
168	205	69
169	205	22
170	205	109
171	205	158
172	205	107
173	205	128
175	205	127
176	205	71
177	205	67
178	205	56
179	205	84
180	205	215
181	205	74
183	205	60
186	205	98
189	205	29
191	205	85
195	205	113
196	205	111
197	205	76
200	205	125
201	205	77
203	205	57
206	205	73
210	205	67
211	205	63
214	205	52
216	205	48
217	205	66
220	205	79
221	205	84
224	205	73
226	205	39
228	205	67
234	205	73
9	204	54
16	204	63
17	204	37
18	204	81
19	204	34
21	204	49
22	204	11
24	204	63
28	204	115
29	204	104
30	204	92
32	204	81
34	204	146
35	204	65
36	204	29
37	204	75
38	204	80
40	204	76
41	204	27
44	204	34
45	204	70
48	204	134
49	204	119
50	204	67
52	204	52
53	204	22
55	204	75
56	204	47
57	204	137
59	204	66
60	204	105
61	204	66
62	204	44
64	204	178
66	204	51
67	204	58
68	204	122
69	204	81
72	204	105
76	204	42
78	204	87
79	204	86
80	204	115
83	204	61
84	204	135
85	204	46
86	204	102
87	204	46
88	204	17
89	204	79
90	204	48
96	204	22
98	204	60
99	204	18
101	204	45
105	204	109
108	204	93
109	204	93
110	204	60
112	204	99
114	204	43
115	204	3
116	204	80
123	204	43
125	204	40
137	204	44
138	204	87
139	204	41
142	204	71
143	204	80
144	204	90
147	204	83
149	204	63
150	204	26
151	204	57
155	204	45
156	204	205
157	204	13
158	204	137
159	204	104
160	204	72
161	204	34
162	204	77
167	204	91
168	204	77
169	204	192
171	204	127
172	204	139
174	204	102
175	204	173
176	204	80
177	204	101
178	204	64
179	204	130
180	204	68
181	204	72
182	204	76
183	204	88
185	204	40
186	204	163
189	204	62
190	204	60
192	204	26
193	204	105
196	204	49
197	204	79
199	204	42
200	204	22
201	204	121
202	204	85
207	204	133
208	204	137
215	204	147
13	203	59
16	203	15
21	203	43
23	203	108
24	203	58
26	203	79
29	203	58
30	203	66
31	203	61
32	203	45
34	203	73
35	203	63
36	203	39
37	203	29
38	203	83
41	203	89
42	203	130
43	203	50
45	203	21
46	203	74
48	203	50
50	203	29
52	203	128
55	203	30
56	203	255
60	203	22
61	203	94
62	203	58
64	203	51
65	203	71
68	203	44
71	203	61
73	203	56
74	203	36
75	203	31
77	203	45
78	203	77
79	203	114
80	203	231
82	203	96
83	203	30
84	203	32
85	203	69
86	203	68
91	203	30
93	203	29
95	203	69
96	203	42
97	203	32
99	203	32
100	203	63
103	203	119
107	203	74
109	203	76
110	203	56
111	203	57
112	203	121
115	203	92
116	203	48
117	203	63
121	203	68
131	203	79
135	203	33
142	203	100
143	203	48
144	203	145
149	203	28
150	203	102
151	203	57
154	203	74
155	203	68
156	203	54
158	203	30
160	203	169
162	203	66
163	203	74
164	203	32
165	203	92
166	203	78
168	203	67
170	203	145
172	203	174
173	203	125
174	203	115
176	203	238
178	203	17
180	203	104
181	203	200
182	203	42
183	203	59
185	203	197
186	203	61
187	203	49
188	203	80
189	203	74
190	203	55
193	203	63
194	203	129
195	203	65
196	203	37
197	203	14
199	203	29
203	203	30
205	203	84
207	203	16
209	203	50
221	203	106
235	203	62
13	202	73
14	202	67
15	202	45
17	202	49
23	202	82
25	202	51
29	202	55
31	202	34
33	202	86
37	202	41
39	202	105
40	202	73
42	202	88
43	202	101
44	202	147
46	202	140
47	202	84
48	202	120
51	202	28
53	202	112
55	202	76
56	202	236
57	202	62
58	202	26
59	202	49
60	202	70
61	202	90
62	202	36
63	202	127
66	202	41
68	202	139
69	202	153
73	202	92
74	202	29
77	202	87
78	202	128
79	202	44
81	202	45
82	202	58
87	202	20
88	202	73
91	202	50
92	202	60
94	202	25
97	202	72
99	202	41
106	202	37
111	202	75
112	202	71
113	202	44
115	202	42
118	202	96
119	202	59
120	202	38
125	202	29
130	202	124
131	202	54
138	202	42
141	202	133
143	202	67
144	202	21
147	202	107
148	202	62
153	202	52
155	202	43
158	202	55
159	202	37
161	202	106
162	202	59
163	202	44
164	202	143
167	202	118
168	202	45
169	202	76
170	202	160
171	202	121
172	202	144
173	202	142
174	202	49
175	202	122
176	202	71
177	202	78
178	202	37
179	202	95
189	202	49
190	202	44
191	202	58
193	202	77
194	202	92
196	202	106
197	202	65
199	202	151
201	202	71
204	202	46
208	202	75
209	202	81
211	202	9
212	202	82
220	202	117
221	202	33
230	202	53
233	202	43
14	201	56
17	201	45
19	201	91
23	201	62
24	201	57
26	201	84
27	201	67
29	201	72
30	201	37
31	201	25
32	201	110
35	201	79
36	201	65
37	201	17
38	201	62
39	201	29
41	201	49
42	201	42
43	201	45
44	201	55
45	201	32
46	201	91
47	201	91
49	201	70
51	201	43
53	201	66
55	201	28
56	201	22
58	201	181
59	201	123
60	201	78
62	201	35
63	201	89
64	201	19
65	201	50
68	201	64
69	201	72
71	201	122
80	201	71
81	201	55
85	201	58
87	201	212
88	201	70
91	201	133
92	201	35
94	201	41
97	201	13
99	201	110
100	201	133
102	201	163
105	201	37
106	201	22
111	201	45
112	201	81
113	201	103
114	201	44
115	201	35
117	201	26
120	201	150
124	201	11
125	201	47
126	201	124
127	201	26
129	201	42
130	201	52
131	201	26
137	201	85
140	201	84
143	201	90
146	201	21
151	201	54
156	201	34
157	201	112
159	201	62
160	201	53
161	201	18
162	201	139
163	201	110
164	201	97
167	201	40
168	201	18
170	201	27
171	201	44
172	201	165
173	201	100
174	201	247
175	201	106
176	201	139
177	201	90
178	201	53
179	201	79
180	201	52
181	201	62
182	201	219
184	201	49
186	201	33
187	201	51
188	201	31
189	201	34
190	201	24
191	201	46
192	201	65
193	201	81
194	201	46
195	201	56
196	201	40
198	201	23
200	201	87
203	201	51
206	201	16
207	201	26
209	201	40
210	201	57
211	201	36
212	201	37
215	201	30
218	201	37
219	201	75
220	201	13
221	201	47
226	201	43
231	201	53
234	201	79
246	201	44
11	200	30
14	200	18
15	200	54
21	200	106
22	200	59
27	200	58
28	200	74
35	200	14
36	200	65
39	200	67
40	200	112
41	200	128
43	200	56
45	200	54
46	200	34
48	200	147
49	200	72
50	200	43
51	200	45
52	200	161
53	200	169
54	200	111
55	200	64
56	200	25
57	200	89
58	200	85
59	200	44
61	200	161
62	200	58
66	200	41
67	200	77
68	200	62
69	200	24
70	200	74
71	200	134
72	200	128
73	200	10
74	200	32
79	200	52
80	200	73
81	200	67
82	200	37
83	200	67
85	200	55
86	200	34
87	200	34
90	200	55
91	200	61
92	200	25
93	200	122
101	200	57
104	200	157
105	200	49
106	200	64
108	200	61
109	200	40
110	200	39
111	200	56
113	200	52
114	200	51
116	200	51
120	200	22
124	200	91
125	200	11
128	200	57
129	200	62
131	200	183
135	200	25
136	200	13
137	200	27
140	200	51
141	200	52
144	200	15
145	200	59
147	200	90
148	200	59
150	200	45
153	200	33
154	200	51
157	200	64
158	200	63
159	200	65
160	200	93
161	200	41
162	200	61
163	200	54
164	200	43
166	200	33
167	200	20
168	200	149
169	200	156
170	200	68
171	200	28
172	200	46
173	200	113
174	200	128
175	200	206
176	200	139
177	200	42
178	200	219
179	200	460
180	200	289
181	200	82
182	200	54
183	200	33
184	200	50
187	200	138
188	200	44
190	200	31
191	200	76
192	200	210
194	200	134
195	200	129
197	200	92
198	200	49
199	200	35
201	200	137
202	200	125
203	200	64
206	200	50
209	200	59
211	200	42
213	200	76
214	200	88
218	200	62
219	200	57
222	200	101
231	200	52
234	200	49
9	199	85
11	199	82
15	199	46
22	199	43
24	199	83
25	199	25
26	199	32
28	199	19
29	199	77
31	199	40
32	199	59
33	199	78
35	199	97
40	199	52
41	199	21
42	199	157
45	199	84
48	199	29
49	199	67
50	199	29
51	199	77
52	199	34
53	199	101
54	199	146
55	199	135
56	199	40
57	199	73
58	199	89
59	199	49
60	199	54
61	199	49
62	199	162
63	199	187
64	199	131
66	199	29
67	199	70
68	199	47
70	199	46
71	199	76
72	199	28
74	199	39
76	199	46
77	199	62
81	199	110
82	199	58
83	199	47
86	199	81
88	199	21
89	199	24
90	199	83
92	199	98
93	199	35
94	199	166
96	199	60
101	199	59
102	199	38
103	199	56
108	199	82
109	199	54
110	199	153
111	199	108
112	199	56
121	199	72
123	199	45
126	199	54
135	199	37
136	199	34
139	199	19
142	199	160
143	199	64
144	199	68
147	199	33
148	199	80
150	199	67
151	199	51
153	199	35
156	199	71
158	199	49
162	199	52
163	199	64
164	199	42
165	199	45
166	199	91
168	199	21
169	199	172
170	199	82
171	199	96
172	199	117
173	199	99
174	199	78
175	199	125
176	199	158
177	199	110
178	199	124
179	199	153
180	199	105
181	199	67
182	199	261
183	199	65
185	199	52
186	199	242
187	199	102
188	199	41
190	199	95
191	199	23
194	199	110
195	199	89
196	199	33
197	199	103
202	199	52
203	199	54
205	199	28
214	199	54
217	199	38
221	199	66
222	199	55
223	199	170
224	199	21
227	199	37
232	199	7
233	199	50
241	199	123
14	198	55
16	198	65
18	198	100
24	198	57
25	198	112
26	198	48
27	198	101
29	198	73
33	198	37
35	198	44
36	198	159
38	198	20
39	198	53
40	198	9
42	198	19
44	198	51
45	198	78
47	198	88
49	198	48
51	198	103
52	198	106
53	198	157
54	198	47
57	198	58
59	198	15
61	198	102
62	198	77
63	198	190
65	198	74
66	198	91
67	198	38
68	198	177
69	198	155
70	198	153
71	198	94
73	198	35
74	198	47
75	198	18
76	198	107
77	198	166
78	198	53
85	198	50
87	198	32
91	198	33
92	198	44
94	198	30
96	198	66
97	198	78
98	198	135
99	198	71
103	198	59
105	198	90
106	198	108
109	198	55
110	198	134
111	198	48
112	198	128
113	198	95
116	198	66
121	198	67
122	198	40
123	198	18
125	198	40
127	198	110
129	198	96
131	198	39
132	198	84
133	198	67
134	198	68
137	198	70
138	198	90
139	198	118
141	198	30
142	198	145
143	198	60
146	198	103
147	198	8
148	198	106
150	198	45
152	198	63
153	198	122
155	198	122
157	198	76
160	198	155
164	198	88
165	198	97
166	198	9
167	198	63
168	198	99
169	198	102
170	198	182
171	198	50
172	198	75
173	198	97
174	198	52
175	198	144
176	198	160
177	198	87
178	198	169
179	198	228
180	198	445
181	198	140
184	198	106
185	198	79
192	198	151
193	198	26
195	198	120
196	198	93
198	198	74
200	198	41
201	198	46
204	198	87
207	198	38
209	198	52
212	198	56
213	198	68
217	198	63
219	198	22
222	198	57
225	198	115
226	198	28
234	198	70
241	198	35
8	197	67
14	197	49
16	197	100
17	197	33
23	197	57
24	197	86
26	197	22
27	197	39
30	197	54
31	197	118
32	197	117
36	197	61
37	197	52
39	197	22
41	197	89
42	197	84
44	197	26
45	197	138
46	197	376
47	197	70
49	197	57
50	197	132
53	197	67
55	197	40
56	197	137
57	197	113
58	197	60
59	197	17
60	197	50
61	197	77
62	197	120
63	197	47
64	197	48
66	197	215
68	197	48
69	197	127
70	197	34
71	197	41
73	197	105
74	197	176
75	197	30
76	197	74
82	197	71
83	197	82
85	197	76
86	197	102
90	197	28
93	197	61
94	197	79
95	197	61
97	197	164
98	197	147
100	197	52
102	197	65
107	197	59
108	197	18
109	197	89
110	197	21
111	197	39
112	197	15
113	197	38
114	197	33
124	197	27
126	197	105
128	197	112
129	197	18
133	197	59
136	197	92
137	197	48
142	197	31
144	197	118
146	197	24
148	197	72
149	197	54
150	197	78
151	197	34
154	197	79
156	197	62
157	197	37
158	197	77
163	197	67
164	197	55
165	197	85
166	197	52
167	197	74
168	197	146
169	197	78
170	197	97
171	197	70
172	197	114
173	197	203
174	197	58
175	197	98
176	197	136
177	197	41
180	197	89
181	197	93
182	197	87
183	197	116
184	197	24
185	197	62
188	197	119
191	197	30
193	197	63
194	197	51
195	197	27
196	197	30
198	197	116
199	197	93
200	197	60
203	197	145
207	197	36
209	197	65
210	197	92
228	197	86
229	197	82
233	197	71
12	196	46
24	196	109
29	196	93
30	196	66
31	196	91
33	196	65
34	196	54
35	196	163
37	196	74
38	196	74
39	196	28
40	196	87
42	196	23
45	196	30
47	196	18
50	196	49
53	196	73
54	196	46
58	196	99
60	196	85
62	196	129
63	196	78
65	196	180
66	196	35
67	196	53
68	196	59
69	196	71
71	196	85
72	196	65
74	196	49
81	196	36
82	196	76
83	196	46
85	196	93
87	196	62
89	196	51
94	196	79
95	196	19
101	196	104
104	196	83
106	196	37
107	196	121
109	196	72
111	196	31
115	196	83
116	196	74
119	196	88
125	196	38
126	196	44
130	196	24
137	196	85
139	196	102
140	196	114
141	196	33
143	196	144
144	196	55
145	196	73
146	196	51
147	196	153
148	196	170
150	196	62
152	196	104
153	196	41
157	196	75
160	196	63
162	196	57
164	196	41
165	196	173
168	196	228
169	196	98
170	196	144
171	196	40
173	196	100
174	196	143
175	196	111
176	196	60
177	196	15
178	196	113
179	196	206
180	196	106
181	196	279
182	196	11
183	196	59
184	196	117
185	196	94
188	196	38
192	196	127
193	196	22
194	196	37
196	196	67
197	196	26
198	196	63
199	196	73
200	196	64
206	196	52
207	196	85
208	196	77
210	196	45
211	196	26
215	196	53
218	196	56
219	196	85
224	196	6
225	196	65
230	196	29
17	195	46
18	195	25
23	195	33
24	195	41
31	195	92
36	195	41
37	195	17
41	195	99
44	195	59
46	195	22
47	195	44
51	195	61
52	195	110
53	195	115
55	195	59
56	195	70
57	195	30
60	195	84
61	195	106
62	195	52
63	195	13
64	195	60
65	195	33
69	195	31
70	195	104
71	195	126
72	195	44
74	195	70
75	195	36
76	195	93
77	195	141
78	195	40
79	195	27
82	195	82
83	195	84
84	195	72
87	195	43
89	195	87
90	195	63
96	195	74
97	195	48
99	195	58
101	195	90
102	195	133
103	195	75
107	195	72
108	195	62
109	195	39
112	195	21
113	195	7
115	195	127
117	195	45
118	195	30
119	195	40
122	195	53
124	195	57
126	195	68
128	195	58
129	195	48
130	195	17
131	195	60
132	195	34
135	195	95
136	195	184
137	195	60
138	195	39
141	195	116
144	195	50
146	195	103
147	195	105
148	195	19
149	195	83
150	195	51
151	195	132
153	195	62
154	195	159
155	195	103
156	195	68
157	195	106
159	195	174
160	195	42
161	195	51
162	195	105
163	195	105
164	195	108
165	195	94
166	195	173
167	195	24
168	195	158
169	195	72
171	195	238
172	195	254
173	195	65
97	246	37
47	245	52
56	245	12
81	245	57
93	245	49
32	244	64
56	244	53
76	244	36
83	244	78
101	244	62
148	244	51
181	244	30
41	243	37
50	243	77
55	243	104
64	243	32
70	243	37
74	243	42
77	243	17
82	243	53
83	243	29
109	243	34
173	243	91
176	243	39
33	242	32
36	242	38
43	242	109
46	242	75
51	242	60
57	242	51
58	242	43
62	242	72
64	242	47
65	242	67
66	242	64
68	242	65
71	242	47
72	242	59
74	242	20
77	242	24
85	242	76
99	242	27
100	242	31
106	242	51
109	242	95
117	242	46
136	242	38
152	242	50
179	242	55
187	242	52
191	242	93
205	242	56
27	241	20
30	241	69
40	241	54
45	241	61
52	241	54
53	241	30
57	241	49
64	241	71
69	241	42
72	241	41
77	241	48
79	241	22
83	241	45
90	241	79
91	241	102
93	241	16
94	241	45
99	241	50
104	241	47
107	241	52
109	241	29
115	241	61
120	241	48
148	241	60
160	241	87
167	241	55
171	241	44
176	241	78
180	241	72
18	240	45
37	240	26
39	240	52
41	240	25
44	240	39
48	240	76
50	240	31
51	240	26
57	240	35
60	240	57
64	240	102
65	240	43
70	240	84
74	240	44
75	240	31
76	240	105
79	240	45
80	240	40
86	240	45
87	240	43
91	240	65
92	240	86
94	240	52
95	240	67
97	240	52
110	240	39
112	240	60
113	240	63
124	240	40
141	240	69
149	240	38
168	240	60
170	240	41
177	240	57
179	240	37
190	240	69
209	240	64
12	239	46
30	239	67
34	239	38
41	239	18
43	239	40
45	239	36
48	239	65
49	239	32
55	239	31
60	239	26
62	239	25
63	239	51
66	239	22
70	239	66
73	239	45
75	239	78
76	239	158
79	239	65
80	239	60
81	239	54
82	239	61
84	239	65
86	239	95
87	239	33
94	239	26
109	239	58
115	239	45
127	239	29
158	239	133
176	239	53
183	239	40
192	239	110
202	239	46
207	239	55
208	239	95
222	239	39
16	238	86
28	238	147
30	238	54
36	238	55
37	238	51
39	238	81
40	238	37
43	238	64
44	238	54
51	238	90
56	238	42
60	238	114
61	238	137
63	238	56
64	238	68
66	238	46
67	238	105
69	238	45
73	238	38
74	238	194
77	238	116
78	238	72
79	238	50
80	238	25
82	238	46
85	238	37
86	238	112
88	238	66
92	238	47
94	238	28
102	238	169
104	238	91
107	238	52
120	238	52
138	238	33
139	238	51
164	238	22
173	238	48
186	238	34
220	238	43
227	238	43
12	237	71
31	237	80
36	237	59
37	237	57
44	237	32
45	237	68
49	237	56
50	237	59
54	237	60
55	237	34
56	237	101
59	237	51
60	237	49
61	237	40
62	237	83
63	237	49
66	237	31
69	237	39
72	237	3
74	237	116
75	237	103
76	237	31
78	237	87
79	237	56
81	237	74
83	237	109
87	237	54
90	237	85
94	237	65
97	237	27
99	237	122
102	237	66
127	237	36
143	237	73
151	237	43
169	237	64
171	237	44
180	237	44
191	237	71
200	237	34
204	237	69
205	237	112
229	237	13
23	236	68
26	236	56
28	236	53
32	236	49
33	236	29
35	236	49
40	236	23
43	236	80
45	236	71
51	236	114
53	236	55
56	236	49
58	236	12
59	236	64
60	236	31
61	236	85
62	236	76
63	236	33
65	236	17
66	236	46
67	236	38
70	236	51
71	236	68
77	236	85
78	236	92
79	236	51
80	236	25
82	236	45
84	236	38
85	236	23
86	236	23
89	236	31
96	236	56
102	236	44
103	236	31
104	236	14
109	236	60
111	236	14
113	236	79
118	236	118
124	236	52
130	236	57
131	236	74
138	236	44
158	236	63
167	236	49
189	236	31
191	236	41
198	236	21
199	236	44
202	236	55
205	236	79
206	236	20
207	236	62
208	236	63
210	236	80
215	236	53
222	236	49
226	236	19
12	235	71
26	235	13
27	235	73
31	235	77
32	235	58
33	235	37
34	235	88
39	235	92
45	235	34
47	235	33
52	235	78
53	235	39
54	235	144
55	235	27
56	235	84
57	235	114
58	235	87
59	235	61
61	235	153
63	235	137
64	235	12
65	235	27
67	235	55
68	235	18
69	235	30
71	235	118
77	235	66
81	235	83
82	235	73
86	235	22
87	235	47
88	235	120
89	235	77
90	235	51
91	235	65
94	235	43
97	235	90
98	235	49
107	235	37
112	235	57
113	235	35
147	235	16
166	235	24
169	235	42
172	235	65
174	235	91
178	235	64
190	235	42
195	235	53
204	235	37
205	235	46
207	235	60
212	235	25
234	235	19
19	234	51
27	234	86
28	234	25
31	234	46
34	234	63
35	234	151
37	234	40
39	234	54
40	234	6
41	234	53
43	234	100
46	234	31
53	234	37
54	234	116
55	234	104
56	234	68
57	234	185
58	234	63
59	234	29
60	234	107
62	234	127
63	234	31
64	234	42
69	234	114
70	234	43
72	234	25
76	234	81
77	234	22
79	234	52
80	234	91
81	234	40
82	234	55
84	234	51
85	234	78
86	234	50
90	234	27
91	234	16
92	234	36
96	234	71
97	234	127
99	234	30
103	234	31
104	234	43
106	234	71
107	234	67
113	234	22
114	234	82
121	234	55
123	234	68
129	234	41
153	234	35
154	234	64
160	234	32
161	234	40
166	234	83
168	234	86
171	234	56
175	234	49
182	234	16
183	234	39
184	234	11
186	234	62
188	234	45
191	234	76
193	234	88
212	234	73
216	234	50
230	234	63
20	233	15
24	233	72
25	233	43
26	233	53
30	233	54
36	233	14
37	233	18
38	233	133
40	233	45
41	233	63
44	233	86
46	233	43
47	233	99
48	233	73
49	233	14
54	233	50
55	233	97
56	233	49
57	233	47
59	233	51
61	233	22
62	233	85
64	233	58
72	233	164
73	233	102
74	233	52
77	233	149
78	233	92
79	233	74
80	233	22
81	233	48
84	233	81
86	233	13
87	233	66
91	233	70
93	233	7
94	233	59
101	233	47
108	233	51
109	233	34
114	233	48
116	233	47
120	233	50
125	233	36
135	233	21
143	233	26
158	233	167
161	233	87
162	233	49
165	233	25
167	233	84
168	233	58
178	233	50
185	233	9
189	233	43
192	233	39
193	233	77
203	233	31
213	233	74
216	233	47
231	233	75
232	233	45
238	233	39
29	232	89
32	232	73
33	232	44
37	232	75
40	232	76
41	232	76
42	232	35
44	232	78
46	232	12
47	232	53
48	232	56
50	232	28
53	232	60
54	232	46
55	232	34
56	232	74
59	232	11
60	232	160
61	232	25
62	232	23
63	232	32
66	232	108
69	232	56
70	232	97
71	232	110
72	232	49
74	232	58
75	232	51
76	232	37
78	232	96
79	232	172
80	232	31
81	232	145
82	232	36
85	232	27
86	232	84
88	232	112
91	232	60
93	232	77
98	232	31
100	232	46
107	232	48
108	232	92
110	232	92
111	232	131
113	232	53
114	232	133
115	232	49
116	232	95
120	232	79
124	232	29
130	232	41
146	232	22
148	232	63
154	232	48
156	232	76
162	232	35
168	232	38
175	232	61
180	232	30
181	232	73
187	232	58
188	232	61
190	232	67
194	232	62
195	232	52
197	232	31
198	232	46
202	232	26
203	232	99
204	232	59
210	232	72
212	232	37
8	231	44
17	231	32
29	231	30
36	231	69
37	231	54
39	231	104
40	231	42
41	231	84
42	231	97
43	231	23
45	231	25
46	231	146
50	231	73
51	231	73
52	231	37
55	231	50
56	231	56
57	231	36
58	231	60
59	231	62
60	231	58
63	231	62
66	231	68
67	231	105
69	231	122
73	231	20
75	231	44
76	231	19
77	231	9
78	231	52
80	231	54
82	231	40
85	231	60
86	231	69
88	231	52
92	231	46
93	231	20
94	231	62
97	231	44
101	231	39
104	231	87
109	231	35
110	231	35
113	231	87
115	231	23
124	231	27
127	231	70
133	231	71
146	231	56
151	231	62
159	231	45
166	231	66
171	231	67
178	231	44
187	231	14
189	231	129
191	231	55
192	231	37
210	231	50
213	231	31
221	231	95
222	231	51
236	231	71
24	230	66
25	230	19
26	230	46
32	230	54
38	230	56
39	230	95
44	230	19
47	230	54
48	230	111
49	230	71
50	230	77
53	230	49
55	230	61
59	230	159
60	230	68
61	230	47
62	230	74
66	230	44
69	230	101
70	230	54
72	230	29
73	230	97
74	230	67
75	230	415
76	230	71
77	230	60
78	230	46
80	230	83
81	230	64
82	230	97
84	230	81
86	230	120
88	230	21
89	230	63
90	230	48
92	230	24
97	230	45
98	230	41
100	230	55
101	230	108
103	230	121
105	230	106
107	230	46
109	230	24
112	230	72
115	230	87
123	230	27
126	230	26
131	230	17
141	230	41
145	230	65
148	230	61
151	230	34
163	230	38
170	230	60
172	230	40
173	230	36
175	230	58
177	230	20
188	230	54
189	230	71
190	230	55
194	230	164
196	230	58
199	230	127
209	230	90
211	230	72
214	230	82
222	230	109
226	230	1
237	230	98
16	229	84
24	229	87
27	229	71
31	229	14
37	229	65
38	229	86
39	229	29
40	229	46
41	229	40
45	229	39
47	229	45
48	229	63
49	229	30
50	229	7
51	229	20
53	229	135
54	229	54
56	229	52
57	229	55
58	229	52
60	229	41
61	229	29
63	229	57
65	229	100
66	229	44
67	229	63
68	229	119
69	229	14
71	229	68
73	229	67
74	229	123
75	229	29
77	229	127
78	229	47
79	229	68
80	229	104
81	229	25
84	229	56
87	229	74
88	229	47
89	229	51
91	229	96
93	229	53
97	229	28
99	229	125
100	229	16
101	229	46
106	229	74
107	229	84
119	229	50
122	229	49
151	229	26
152	229	69
163	229	74
169	229	79
177	229	17
191	229	11
201	229	59
203	229	51
213	229	60
214	229	68
219	229	73
220	229	54
226	229	45
16	228	53
26	228	49
27	228	21
31	228	24
33	228	89
34	228	33
36	228	118
37	228	36
40	228	80
41	228	147
43	228	66
44	228	57
45	228	87
47	228	57
53	228	15
54	228	25
56	228	40
57	228	71
58	228	118
60	228	65
62	228	177
63	228	44
64	228	67
65	228	33
70	228	81
72	228	98
73	228	40
74	228	51
76	228	122
78	228	73
79	228	33
83	228	113
84	228	110
86	228	59
87	228	49
88	228	110
92	228	83
94	228	87
95	228	16
96	228	192
103	228	89
105	228	54
107	228	50
108	228	5
114	228	70
138	228	24
143	228	54
159	228	26
167	228	120
168	228	112
170	228	41
171	228	41
175	228	77
180	228	149
181	228	125
182	228	78
183	228	189
185	228	133
188	228	78
190	228	103
191	228	20
193	228	54
200	228	43
205	228	88
207	228	63
208	228	62
210	228	59
216	228	116
217	228	121
221	228	28
222	228	90
223	228	5
232	228	47
234	228	64
238	228	50
13	227	20
18	227	46
19	227	46
21	227	58
28	227	26
30	227	48
31	227	67
32	227	56
34	227	16
35	227	21
39	227	90
44	227	91
46	227	29
50	227	59
51	227	51
52	227	64
53	227	51
54	227	37
56	227	31
57	227	26
58	227	168
59	227	150
60	227	82
61	227	144
62	227	75
63	227	5
69	227	94
72	227	99
75	227	51
76	227	60
78	227	237
79	227	127
82	227	61
83	227	88
85	227	54
87	227	59
89	227	40
90	227	20
91	227	54
95	227	80
98	227	50
99	227	29
105	227	45
115	227	52
117	227	71
118	227	11
121	227	49
123	227	15
135	227	45
136	227	87
143	227	36
146	227	81
157	227	20
159	227	62
164	227	141
171	227	37
173	227	103
174	227	66
175	227	65
178	227	33
179	227	34
180	227	82
181	227	34
183	227	34
184	227	103
185	227	44
187	227	52
191	227	21
192	227	87
200	227	62
204	227	47
205	227	29
207	227	73
219	227	6
232	227	83
240	227	82
14	226	32
23	226	90
24	226	61
29	226	34
30	226	87
31	226	84
32	226	20
33	226	48
34	226	64
35	226	138
36	226	41
37	226	105
38	226	73
41	226	42
43	226	47
45	226	45
46	226	62
50	226	97
51	226	26
54	226	54
55	226	44
57	226	91
58	226	26
60	226	29
61	226	27
62	226	81
64	226	20
67	226	55
68	226	32
70	226	82
71	226	70
73	226	61
74	226	149
75	226	52
77	226	29
81	226	30
82	226	8
83	226	88
89	226	93
90	226	54
96	226	48
97	226	105
99	226	29
100	226	21
101	226	117
104	226	45
111	226	54
112	226	16
118	226	171
122	226	136
129	226	44
139	226	66
142	226	52
153	226	59
157	226	28
163	226	62
169	226	121
171	226	41
174	226	22
175	226	48
178	226	71
183	226	67
184	226	45
185	226	68
188	226	48
190	226	89
191	226	65
193	226	61
199	226	86
207	226	29
211	226	84
212	226	32
219	226	65
226	226	44
228	226	24
230	226	6
232	226	71
234	226	110
8	225	60
23	225	59
29	225	79
32	225	181
35	225	118
36	225	10
37	225	74
39	225	33
45	225	112
46	225	40
47	225	117
48	225	37
50	225	82
51	225	50
55	225	45
59	225	126
60	225	28
63	225	35
66	225	25
67	225	101
69	225	83
71	225	76
75	225	226
76	225	86
78	225	90
79	225	20
83	225	105
84	225	62
88	225	101
89	225	89
92	225	57
95	225	29
102	225	69
103	225	53
107	225	6
108	225	127
112	225	52
114	225	54
119	225	59
122	225	120
124	225	18
126	225	47
142	225	38
158	225	67
159	225	122
162	225	44
164	225	62
167	225	137
168	225	34
173	225	78
174	225	55
178	225	52
183	225	48
186	225	11
191	225	106
193	225	52
194	225	33
197	225	19
200	225	51
202	225	16
204	225	54
206	225	51
207	225	60
208	225	79
209	225	67
212	225	88
213	225	28
216	225	21
217	225	114
219	225	30
220	225	16
223	225	41
224	225	28
225	225	72
227	225	64
13	224	86
18	224	51
20	224	60
22	224	32
23	224	25
25	224	47
29	224	27
30	224	78
31	224	49
33	224	42
34	224	29
35	224	52
36	224	72
37	224	33
38	224	23
43	224	76
44	224	40
46	224	26
50	224	106
54	224	42
57	224	73
58	224	63
60	224	44
61	224	19
64	224	108
65	224	52
66	224	52
68	224	63
70	224	61
71	224	60
72	224	32
74	224	49
75	224	42
76	224	82
77	224	109
79	224	25
80	224	13
83	224	48
85	224	22
87	224	55
88	224	48
91	224	36
94	224	38
95	224	44
98	224	58
101	224	79
102	224	35
103	224	66
104	224	44
106	224	17
109	224	67
110	224	157
111	224	40
112	224	20
113	224	16
117	224	76
119	224	34
122	224	82
134	224	60
137	224	17
141	224	62
146	224	104
151	224	36
160	224	6
164	224	120
165	224	66
166	224	58
168	224	48
173	224	58
176	224	91
177	224	144
181	224	66
184	224	39
191	224	53
194	224	36
195	224	40
196	224	43
197	224	25
212	224	35
213	224	25
231	224	92
12	223	66
28	223	44
30	223	93
34	223	48
37	223	66
39	223	72
40	223	57
42	223	79
43	223	59
45	223	31
46	223	82
52	223	14
53	223	65
54	223	77
55	223	67
57	223	273
58	223	57
62	223	98
64	223	66
68	223	51
69	223	44
70	223	61
71	223	35
72	223	93
73	223	82
78	223	74
79	223	23
81	223	61
84	223	87
86	223	45
91	223	56
92	223	68
93	223	63
96	223	89
101	223	37
104	223	43
108	223	57
110	223	41
112	223	62
113	223	70
114	223	73
127	223	12
130	223	65
135	223	27
136	223	36
146	223	67
150	223	44
155	223	69
156	223	57
158	223	29
159	223	68
162	223	60
163	223	29
164	223	14
165	223	69
166	223	75
167	223	25
170	223	55
171	223	5
173	223	83
176	223	48
186	223	119
187	223	69
188	223	70
191	223	217
192	223	75
193	223	51
196	223	49
197	223	34
201	223	73
202	223	49
204	223	84
205	223	48
208	223	43
209	223	49
213	223	65
218	223	73
225	223	44
229	223	74
235	223	54
18	222	54
24	222	53
30	222	31
31	222	56
36	222	32
37	222	37
38	222	88
42	222	60
43	222	89
47	222	28
49	222	32
50	222	82
54	222	75
55	222	19
56	222	32
58	222	45
60	222	74
61	222	56
62	222	99
63	222	30
64	222	26
65	222	86
66	222	204
69	222	141
70	222	47
72	222	69
74	222	29
75	222	55
78	222	154
80	222	42
83	222	132
84	222	28
86	222	119
87	222	81
89	222	131
90	222	154
92	222	41
93	222	72
94	222	73
96	222	49
97	222	56
100	222	48
101	222	100
102	222	62
105	222	65
109	222	34
111	222	85
114	222	49
115	222	67
120	222	63
125	222	49
131	222	41
133	222	33
134	222	25
148	222	36
151	222	31
153	222	43
154	222	33
161	222	46
164	222	20
171	222	83
173	222	96
174	222	39
175	222	59
179	222	25
180	222	44
185	222	161
186	222	76
187	222	74
189	222	60
191	222	25
193	222	22
194	222	48
195	222	38
196	222	24
208	222	131
212	222	65
217	222	64
219	222	37
230	222	33
12	221	42
14	221	82
16	221	41
23	221	55
24	221	44
25	221	40
28	221	67
32	221	175
33	221	26
34	221	86
36	221	30
38	221	31
39	221	71
40	221	57
43	221	87
44	221	72
45	221	138
46	221	29
47	221	33
52	221	97
55	221	74
56	221	80
58	221	42
59	221	44
62	221	26
66	221	166
68	221	71
69	221	73
70	221	65
73	221	48
74	221	15
75	221	26
77	221	73
78	221	60
79	221	99
81	221	58
83	221	93
84	221	35
87	221	181
88	221	21
89	221	63
92	221	49
93	221	64
94	221	183
96	221	62
97	221	43
99	221	52
104	221	56
108	221	110
110	221	126
114	221	33
116	221	29
118	221	37
120	221	59
123	221	67
128	221	22
135	221	27
147	221	73
148	221	99
149	221	40
152	221	59
154	221	7
155	221	37
156	221	81
159	221	28
161	221	178
165	221	76
169	221	49
170	221	90
172	221	237
174	221	116
175	221	77
176	221	59
179	221	136
181	221	25
187	221	43
190	221	114
196	221	44
197	221	27
199	221	34
203	221	30
206	221	62
208	221	87
210	221	19
222	221	74
223	221	60
225	221	13
227	221	22
231	221	46
232	221	36
18	220	54
20	220	23
22	220	93
24	220	69
25	220	148
26	220	38
33	220	83
36	220	164
37	220	130
38	220	57
40	220	54
43	220	30
48	220	29
49	220	36
50	220	126
52	220	77
53	220	30
54	220	41
55	220	66
56	220	57
57	220	173
61	220	26
62	220	32
63	220	60
65	220	34
67	220	11
68	220	45
69	220	30
70	220	131
71	220	134
72	220	65
73	220	60
74	220	79
76	220	45
77	220	30
78	220	37
79	220	104
80	220	171
81	220	38
82	220	48
83	220	60
87	220	35
89	220	76
90	220	74
94	220	155
95	220	152
97	220	37
98	220	82
99	220	30
101	220	64
106	220	70
107	220	38
109	220	179
110	220	45
111	220	45
121	220	71
122	220	40
123	220	26
124	220	69
127	220	48
128	220	61
131	220	36
148	220	23
149	220	47
150	220	82
152	220	97
157	220	15
159	220	110
176	220	57
178	220	30
181	220	91
187	220	14
190	220	46
191	220	139
193	220	58
200	220	92
202	220	97
203	220	57
204	220	46
206	220	89
207	220	60
208	220	62
209	220	70
210	220	5
213	220	35
216	220	55
220	220	37
224	220	76
226	220	20
227	220	72
21	219	57
24	219	22
29	219	56
30	219	78
31	219	53
33	219	39
34	219	50
37	219	54
40	219	62
43	219	112
47	219	46
48	219	65
49	219	67
51	219	93
52	219	197
53	219	49
54	219	67
55	219	49
56	219	24
57	219	73
58	219	96
60	219	50
61	219	141
62	219	214
63	219	91
64	219	43
66	219	34
69	219	150
70	219	41
72	219	254
73	219	67
74	219	187
75	219	41
76	219	175
78	219	252
79	219	94
80	219	56
84	219	20
85	219	106
90	219	103
91	219	59
93	219	58
95	219	36
100	219	57
101	219	50
102	219	57
109	219	100
111	219	14
112	219	62
117	219	74
119	219	65
137	219	52
147	219	45
149	219	63
153	219	37
156	219	64
164	219	81
167	219	29
168	219	81
175	219	40
178	219	51
182	219	40
184	219	53
191	219	79
194	219	89
195	219	65
196	219	14
199	219	33
200	219	59
201	219	76
203	219	69
204	219	52
205	219	49
208	219	21
211	219	72
213	219	38
215	219	80
216	219	56
224	219	92
226	219	62
227	219	71
228	219	23
24	218	76
25	218	75
27	218	43
34	218	81
36	218	97
39	218	80
41	218	13
42	218	90
43	218	147
44	218	42
46	218	89
48	218	70
49	218	111
50	218	67
51	218	46
52	218	128
57	218	46
58	218	123
60	218	55
61	218	30
62	218	48
63	218	93
65	218	57
66	218	41
68	218	70
70	218	33
71	218	95
72	218	69
73	218	167
74	218	57
75	218	52
77	218	22
80	218	90
82	218	47
83	218	47
85	218	29
86	218	184
88	218	33
89	218	10
90	218	55
91	218	21
92	218	24
94	218	51
95	218	102
97	218	92
98	218	156
116	218	29
120	218	54
122	218	50
123	218	90
126	218	66
142	218	90
144	218	56
147	218	67
150	218	62
153	218	83
160	218	84
162	218	56
163	218	75
165	218	54
166	218	42
167	218	62
168	218	51
173	218	27
176	218	62
179	218	47
182	218	48
185	218	41
190	218	67
192	218	73
193	218	135
194	218	81
196	218	43
197	218	69
198	218	58
202	218	67
203	218	45
207	218	187
209	218	92
213	218	47
216	218	160
224	218	26
227	218	20
231	218	67
235	218	45
237	218	95
16	217	95
17	217	40
18	217	67
19	217	48
20	217	55
21	217	59
22	217	106
25	217	41
26	217	42
28	217	114
29	217	56
30	217	99
33	217	7
34	217	17
43	217	128
44	217	34
45	217	20
48	217	67
50	217	22
53	217	110
54	217	143
56	217	121
59	217	106
61	217	74
62	217	96
63	217	227
64	217	74
66	217	72
67	217	62
69	217	36
70	217	166
71	217	57
72	217	12
75	217	40
78	217	78
79	217	106
80	217	240
81	217	95
82	217	39
84	217	62
85	217	59
86	217	36
87	217	26
88	217	42
89	217	37
92	217	137
93	217	45
94	217	59
95	217	31
98	217	137
100	217	53
103	217	35
105	217	57
109	217	68
114	217	14
117	217	20
122	217	9
124	217	41
140	217	160
145	217	42
148	217	19
150	217	39
152	217	54
155	217	79
159	217	58
162	217	73
166	217	79
167	217	70
169	217	21
170	217	101
171	217	16
173	217	62
176	217	62
179	217	74
180	217	84
189	217	147
190	217	87
191	217	54
196	217	26
200	217	106
201	217	126
205	217	43
206	217	41
208	217	74
214	217	43
215	217	52
220	217	28
222	217	51
223	217	59
225	217	30
227	217	37
235	217	23
238	217	60
10	216	55
12	216	70
20	216	42
23	216	23
25	216	48
28	216	96
30	216	261
31	216	75
33	216	70
34	216	20
36	216	46
37	216	84
40	216	89
41	216	102
43	216	109
44	216	73
52	216	66
54	216	47
55	216	37
56	216	44
57	216	38
58	216	161
59	216	52
60	216	30
61	216	110
62	216	110
63	216	88
64	216	57
66	216	63
67	216	95
69	216	51
72	216	84
73	216	51
74	216	66
76	216	98
77	216	160
78	216	52
81	216	129
82	216	152
83	216	58
84	216	64
85	216	181
86	216	100
90	216	116
96	216	17
99	216	86
100	216	123
104	216	31
108	216	70
110	216	64
112	216	18
113	216	42
116	216	112
121	216	63
122	216	67
123	216	56
131	216	40
140	216	93
142	216	21
145	216	41
153	216	83
159	216	27
162	216	84
165	216	49
166	216	41
170	216	135
172	216	49
173	216	53
174	216	126
175	216	106
177	216	28
178	216	21
180	216	60
181	216	9
183	216	78
187	216	35
189	216	147
191	216	67
193	216	136
195	216	71
197	216	84
200	216	85
204	216	74
205	216	52
206	216	12
207	216	87
213	216	49
217	216	61
224	216	18
226	216	32
228	216	38
230	216	51
235	216	52
239	216	33
16	215	75
21	215	83
22	215	39
28	215	101
30	215	147
31	215	16
33	215	108
36	215	132
38	215	52
41	215	125
43	215	134
45	215	24
46	215	83
47	215	28
50	215	103
52	215	95
53	215	45
55	215	42
56	215	52
57	215	39
59	215	97
60	215	118
61	215	17
62	215	32
63	215	103
64	215	122
65	215	79
67	215	41
68	215	27
69	215	86
71	215	71
73	215	16
75	215	25
76	215	77
79	215	50
80	215	71
85	215	85
88	215	44
89	215	86
91	215	33
94	215	59
95	215	39
96	215	81
97	215	46
102	215	54
105	215	85
106	215	116
107	215	37
114	215	39
116	215	54
117	215	44
121	215	43
122	215	57
123	215	76
127	215	100
130	215	23
132	215	42
134	215	75
138	215	64
139	215	62
142	215	45
152	215	28
154	215	118
158	215	38
159	215	92
162	215	123
163	215	62
164	215	69
165	215	128
168	215	95
170	215	109
171	215	58
173	215	50
174	215	73
175	215	37
176	215	41
181	215	60
189	215	50
194	215	27
195	215	225
200	215	138
201	215	84
202	215	70
204	215	51
206	215	75
210	215	63
214	215	127
215	215	59
216	215	62
218	215	23
222	215	67
228	215	75
229	215	69
22	214	62
23	214	53
29	214	17
30	214	45
31	214	191
33	214	41
34	214	38
35	214	30
36	214	44
37	214	47
38	214	29
39	214	66
40	214	194
45	214	21
46	214	46
47	214	47
48	214	110
49	214	82
51	214	85
53	214	29
54	214	165
55	214	119
57	214	153
58	214	54
59	214	29
60	214	38
62	214	141
63	214	60
64	214	140
65	214	71
66	214	74
67	214	61
68	214	215
70	214	37
71	214	68
72	214	87
73	214	74
74	214	311
75	214	56
77	214	93
79	214	69
81	214	25
82	214	54
84	214	94
86	214	110
89	214	82
91	214	140
92	214	45
93	214	85
95	214	84
97	214	76
98	214	63
99	214	42
101	214	142
106	214	170
107	214	48
109	214	42
110	214	58
111	214	35
112	214	28
118	214	56
121	214	45
122	214	33
135	214	19
137	214	51
138	214	117
139	214	45
140	214	154
143	214	76
144	214	46
145	214	57
146	214	19
148	214	55
149	214	71
153	214	82
154	214	34
160	214	65
161	214	41
163	214	92
164	214	117
165	214	37
168	214	117
172	214	112
177	214	73
178	214	52
181	214	115
182	214	54
186	214	45
189	214	53
190	214	26
192	214	48
194	214	91
195	214	3
196	214	61
200	214	156
201	214	36
206	214	20
209	214	55
217	214	50
219	214	30
222	214	18
224	214	49
228	214	33
19	213	17
21	213	33
23	213	63
24	213	32
30	213	90
33	213	69
34	213	60
37	213	40
39	213	67
40	213	25
41	213	33
43	213	37
46	213	136
47	213	44
48	213	142
50	213	57
51	213	77
53	213	120
54	213	42
56	213	54
57	213	36
58	213	142
61	213	59
62	213	37
64	213	43
66	213	54
68	213	39
69	213	63
72	213	58
73	213	16
74	213	18
77	213	40
79	213	87
81	213	24
82	213	30
84	213	81
85	213	62
86	213	51
87	213	62
89	213	77
90	213	32
91	213	112
95	213	26
97	213	75
101	213	79
102	213	131
# chipNumber: 4
# chipName:   G 10 W69
# numHits:    143
20	250	5
73	196	36
69	190	45
72	186	53
84	186	109
85	186	13
86	186	73
82	185	57
61	184	37
89	184	37
58	183	41
82	183	84
87	182	41
94	181	21
91	180	26
90	179	29
59	178	57
62	178	14
66	178	91
82	178	73
84	178	66
114	178	18
116	178	78
76	177	51
81	177	54
84	176	32
86	176	46
160	176	17
108	175	75
77	174	55
86	174	68
96	174	16
97	174	20
104	174	71
58	173	40
71	173	39
104	173	59
114	173	65
62	172	68
66	172	66
70	172	62
73	172	67
74	172	51
87	172	88
70	171	96
71	171	12
84	171	43
85	171	91
95	171	65
68	170	27
77	170	31
78	170	70
79	170	57
84	170	60
43	169	106
60	169	77
70	169	18
53	168	60
79	168	52
84	168	75
87	168	61
82	167	78
69	166	82
77	166	42
85	166	9
55	165	49
74	165	55
85	165	31
80	164	25
83	164	60
84	164	19
69	163	52
69	162	81
73	162	52
50	161	68
67	161	34
69	161	18
73	161	37
74	161	51
119	161	67
50	160	71
67	160	29
78	160	42
96	160	29
56	159	57
85	159	65
88	159	44
62	158	54
80	158	67
95	158	14
102	158	56
78	157	84
95	157	38
102	157	5
103	157	29
114	157	43
45	156	74
67	156	58
84	156	69
101	156	65
113	156	79
68	155	86
70	154	105
73	154	25
79	154	45
87	154	67
106	154	50
103	153	26
119	153	108
71	152	20
40	151	28
60	151	90
74	151	48
77	151	60
87	151	39
106	151	73
44	150	65
56	150	70
68	150	49
74	150	104
96	150	53
14	149	95
58	149	66
75	149	95
76	149	47
76	148	60
85	148	43
77	147	68
80	146	88
62	145	56
84	144	24
66	142	52
97	141	72
58	140	50
103	140	31
114	140	51
92	139	53
110	138	40
63	137	66
66	135	47
91	134	88
52	131	60
70	116	35
# chipNumber: 5
# chipName:   D 9 W69
# numHits:    23
244	88	27
224	71	68
187	37	26
119	35	54
149	35	12
149	33	59
168	28	17
167	27	41
146	23	25
140	19	49
173	16	25
158	15	39
163	15	7
152	14	38
125	13	32
144	13	34
164	13	43
143	11	12
134	9	59
158	9	106
144	8	35
152	6	21
143	5	21
# chipNumber: 6
# chipName:   L 8 W69
# numHits:    4
166	233	11810
234	203	11810
13	89	46
28	70	63
