## [General]
## runNumber:        241
## runTime:       	 7200
## runTimeFrames: 	 0
## pathName:         data/runs/Run_241_181022-16-16
## dateTime:         2018-10-22.17:58:59
## numChips:         7
## shutterTime:      30
## shutterMode:      verylong
## runMode:          0
## fastClock:        0
## externalTrigger:  0
## [Event]
## eventNumber:      8103
## useHvFadc:    	 1
## fadcReadout:    	 1
## szint1ClockInt:	 0
## szint2ClockInt:	 0
## fadcTriggerClock: 0
# chipNumber: 0
# chipName:   E 6 W69
# numHits:    19
117	244	54
116	238	21
104	237	41
108	237	28
114	236	32
100	234	56
103	234	25
122	230	18
107	229	37
123	229	38
124	229	102
100	227	48
118	227	38
118	226	50
114	225	62
126	224	22
119	222	64
124	222	49
134	216	31
# chipNumber: 1
# chipName:   K 6 W69
# numHits:    0
# chipNumber: 2
# chipName:   H 9 W69
# numHits:    173
207	151	98
210	137	23
201	135	77
248	135	87
201	134	26
202	134	43
247	132	91
199	130	38
232	130	37
200	129	59
212	128	82
193	127	54
208	126	60
207	124	45
212	123	66
215	123	39
228	123	56
246	123	80
219	122	110
232	122	39
202	120	105
240	120	52
220	119	114
230	119	70
236	119	66
243	118	35
196	117	63
200	117	45
203	117	44
238	116	74
200	115	54
198	114	36
199	114	27
237	114	34
231	113	83
236	113	33
241	113	49
241	112	19
203	111	36
210	111	58
230	111	60
231	111	41
237	111	64
219	110	52
221	109	31
233	109	75
242	109	53
227	108	57
239	108	30
241	106	57
246	106	54
210	104	46
218	104	56
223	104	33
246	104	9
209	103	31
211	103	16
212	103	104
239	103	27
208	102	49
212	102	29
212	101	97
233	101	25
190	100	23
228	100	20
229	100	57
243	100	85
208	99	27
209	99	56
228	99	13
206	98	68
234	98	42
214	97	37
227	97	55
198	96	16
229	96	23
230	96	29
198	95	66
206	95	55
211	95	75
234	95	49
218	94	100
219	94	91
202	93	41
230	93	38
226	92	44
236	92	51
221	91	41
233	91	47
247	91	98
224	89	28
235	89	70
200	87	67
235	87	52
216	84	42
221	84	28
228	84	65
238	84	70
46	83	54
47	83	26
241	83	84
11	77	46
210	77	29
220	77	82
11	76	62
228	76	67
12	75	47
36	74	98
38	74	60
31	72	57
12	70	22
21	68	55
26	67	32
27	67	34
50	67	45
26	66	35
244	66	68
13	61	45
46	60	78
35	58	77
12	57	59
36	57	38
46	53	37
18	51	45
20	50	48
39	50	42
19	49	34
29	47	96
41	47	95
21	45	48
34	44	61
17	42	48
27	42	52
30	40	47
20	39	30
28	39	60
40	37	15
65	37	65
19	35	35
43	35	25
44	35	77
8	34	26
9	34	36
10	34	60
24	34	20
60	34	25
31	33	79
43	31	30
41	30	82
87	29	46
54	28	36
59	26	32
78	26	49
27	24	61
62	24	33
55	23	9
63	23	54
64	23	49
50	22	80
64	22	77
41	21	32
71	21	43
71	20	81
72	20	80
84	19	16
13	18	36
105	16	57
79	13	67
80	13	60
121	11	59
71	9	38
89	9	57
86	6	37
# chipNumber: 3
# chipName:   H 10 W69
# numHits:    17643
41	220	49
56	220	71
74	220	29
76	220	56
81	220	62
86	220	69
87	220	179
88	220	159
89	220	122
90	220	171
91	220	83
92	220	94
93	220	140
94	220	46
95	220	22
96	220	71
97	220	43
102	220	42
106	220	30
108	220	75
109	220	27
112	220	61
113	220	98
114	220	30
118	220	52
120	220	112
123	220	33
124	220	153
126	220	114
128	220	65
129	220	48
137	220	56
153	220	30
155	220	48
161	220	45
162	220	110
163	220	77
166	220	62
167	220	18
168	220	33
169	220	66
170	220	50
171	220	72
174	220	38
175	220	16
178	220	117
180	220	40
181	220	40
185	220	74
187	220	84
189	220	37
190	220	81
191	220	45
195	220	45
197	220	38
200	220	66
201	220	25
203	220	62
206	220	35
212	220	25
219	220	73
9	219	45
18	219	67
20	219	71
29	219	21
31	219	50
32	219	90
33	219	45
34	219	63
35	219	56
38	219	42
40	219	93
51	219	40
52	219	141
56	219	60
57	219	37
58	219	66
59	219	37
60	219	40
62	219	27
65	219	31
67	219	51
74	219	27
81	219	45
83	219	56
84	219	34
86	219	54
87	219	61
88	219	75
89	219	199
90	219	20
91	219	52
92	219	135
97	219	27
98	219	52
99	219	51
100	219	29
102	219	56
105	219	48
106	219	96
107	219	114
115	219	52
116	219	34
121	219	62
124	219	72
125	219	154
126	219	67
127	219	15
132	219	46
135	219	56
137	219	45
139	219	107
143	219	26
145	219	70
148	219	63
150	219	81
154	219	35
158	219	39
159	219	50
161	219	75
166	219	120
167	219	30
169	219	92
170	219	46
171	219	15
173	219	87
177	219	31
180	219	49
181	219	50
184	219	50
186	219	61
187	219	78
192	219	37
198	219	57
200	219	17
204	219	50
205	219	6
240	219	69
16	218	24
19	218	62
29	218	150
31	218	48
36	218	60
38	218	72
39	218	65
50	218	35
52	218	63
53	218	38
54	218	154
55	218	40
61	218	44
62	218	52
64	218	70
69	218	27
71	218	49
80	218	136
81	218	200
83	218	129
87	218	32
89	218	113
92	218	40
95	218	101
96	218	33
100	218	33
104	218	33
109	218	20
110	218	57
112	218	74
113	218	83
115	218	42
117	218	63
125	218	12
129	218	60
130	218	115
135	218	82
138	218	19
141	218	69
144	218	58
145	218	35
152	218	49
162	218	22
163	218	44
167	218	46
168	218	83
170	218	75
171	218	13
172	218	43
175	218	57
180	218	88
181	218	62
182	218	96
185	218	50
191	218	80
194	218	70
197	218	40
199	218	64
202	218	27
204	218	88
206	218	67
232	218	37
239	218	36
26	217	36
30	217	16
32	217	58
35	217	36
36	217	99
43	217	51
44	217	14
47	217	21
60	217	37
64	217	66
67	217	47
69	217	53
71	217	84
78	217	53
79	217	74
81	217	35
86	217	53
89	217	42
90	217	38
92	217	131
95	217	74
98	217	55
104	217	28
108	217	79
109	217	79
113	217	45
117	217	38
130	217	93
131	217	31
139	217	101
140	217	67
141	217	37
143	217	44
144	217	56
146	217	46
152	217	16
157	217	22
158	217	66
159	217	77
160	217	119
165	217	43
167	217	33
168	217	14
169	217	66
170	217	108
171	217	59
172	217	67
173	217	53
175	217	15
176	217	31
179	217	64
186	217	91
187	217	24
188	217	26
190	217	46
191	217	75
197	217	43
199	217	29
201	217	47
215	217	44
217	217	47
222	217	23
226	217	36
22	216	16
23	216	76
24	216	49
25	216	44
27	216	32
30	216	25
31	216	115
45	216	38
47	216	28
52	216	94
59	216	46
61	216	67
62	216	132
63	216	41
69	216	41
70	216	56
74	216	41
80	216	56
83	216	48
84	216	31
88	216	86
90	216	46
91	216	34
95	216	58
96	216	37
101	216	21
104	216	116
108	216	40
110	216	61
112	216	56
117	216	65
122	216	103
123	216	67
131	216	79
138	216	96
140	216	62
141	216	21
142	216	51
149	216	68
150	216	126
151	216	70
153	216	46
158	216	122
159	216	71
160	216	138
161	216	45
163	216	100
167	216	38
168	216	37
171	216	34
173	216	92
174	216	15
176	216	164
180	216	44
182	216	124
183	216	81
184	216	44
188	216	47
189	216	54
197	216	70
199	216	27
204	216	39
210	216	20
212	216	90
213	216	65
214	216	45
238	216	18
240	216	48
16	215	39
20	215	39
27	215	44
28	215	108
45	215	66
46	215	31
48	215	6
49	215	44
51	215	33
52	215	191
63	215	56
67	215	41
71	215	78
79	215	14
84	215	58
85	215	29
90	215	35
93	215	6
94	215	117
95	215	155
96	215	60
100	215	56
102	215	82
105	215	48
119	215	17
122	215	114
125	215	96
128	215	78
137	215	41
138	215	47
140	215	60
150	215	76
151	215	41
152	215	62
153	215	48
159	215	168
161	215	74
163	215	23
164	215	96
166	215	49
172	215	29
173	215	67
174	215	104
177	215	139
179	215	26
180	215	104
183	215	87
184	215	29
185	215	39
186	215	31
188	215	115
189	215	35
197	215	38
200	215	38
204	215	77
206	215	70
207	215	79
208	215	167
210	215	34
213	215	29
215	215	42
229	215	88
242	215	69
11	214	65
15	214	60
16	214	57
24	214	37
27	214	87
29	214	49
33	214	26
34	214	33
35	214	44
36	214	65
38	214	54
41	214	68
43	214	54
48	214	62
50	214	82
51	214	66
55	214	82
57	214	54
71	214	25
73	214	70
74	214	91
80	214	26
85	214	63
86	214	29
88	214	19
95	214	55
97	214	57
100	214	27
108	214	67
109	214	110
110	214	31
112	214	65
118	214	130
144	214	86
150	214	46
152	214	29
154	214	41
156	214	42
157	214	63
159	214	70
162	214	38
163	214	32
164	214	51
168	214	107
170	214	18
171	214	126
172	214	166
173	214	43
176	214	63
178	214	40
179	214	25
180	214	85
181	214	15
182	214	89
183	214	88
184	214	12
185	214	144
188	214	90
189	214	199
191	214	56
192	214	92
195	214	63
197	214	49
198	214	62
199	214	70
204	214	41
209	214	23
213	214	52
214	214	51
223	214	37
225	214	46
226	214	51
241	214	55
247	214	55
12	213	30
13	213	61
17	213	48
25	213	29
28	213	28
36	213	41
39	213	72
41	213	25
52	213	51
54	213	75
67	213	32
74	213	43
76	213	76
83	213	79
84	213	34
85	213	54
86	213	61
93	213	79
96	213	41
98	213	116
105	213	54
107	213	73
109	213	26
110	213	68
114	213	59
118	213	39
119	213	21
127	213	75
128	213	74
129	213	94
132	213	72
134	213	32
140	213	54
145	213	48
146	213	66
151	213	76
154	213	67
155	213	43
163	213	84
171	213	48
177	213	60
179	213	34
182	213	14
184	213	82
185	213	71
186	213	143
187	213	68
189	213	40
190	213	53
191	213	105
192	213	84
195	213	67
197	213	50
199	213	124
200	213	34
208	213	34
211	213	54
218	213	90
222	213	51
225	213	56
233	213	60
237	213	21
246	213	78
22	212	61
27	212	99
29	212	49
34	212	106
39	212	99
45	212	120
49	212	22
52	212	141
56	212	48
63	212	67
64	212	24
67	212	45
68	212	45
69	212	69
75	212	93
76	212	59
80	212	25
84	212	112
92	212	51
94	212	83
96	212	155
97	212	164
105	212	63
106	212	46
109	212	60
110	212	30
112	212	91
114	212	45
122	212	11
133	212	26
134	212	50
146	212	52
148	212	26
156	212	39
157	212	52
160	212	79
161	212	12
170	212	51
173	212	44
174	212	98
175	212	54
182	212	69
183	212	41
186	212	221
187	212	73
188	212	68
191	212	79
192	212	96
195	212	22
200	212	132
201	212	141
204	212	61
206	212	138
209	212	63
211	212	22
212	212	105
216	212	90
231	212	25
235	212	54
236	212	70
14	211	31
21	211	72
22	211	53
23	211	83
28	211	120
38	211	37
39	211	30
41	211	98
44	211	93
45	211	76
46	211	43
52	211	62
56	211	26
70	211	69
71	211	19
79	211	42
95	211	91
96	211	46
98	211	48
102	211	17
104	211	44
105	211	18
109	211	68
112	211	25
113	211	56
116	211	64
117	211	22
120	211	53
125	211	57
132	211	106
133	211	48
135	211	51
142	211	40
147	211	52
150	211	82
157	211	61
158	211	106
160	211	40
163	211	43
164	211	72
165	211	95
171	211	15
177	211	100
178	211	85
179	211	77
181	211	118
182	211	41
184	211	214
185	211	76
188	211	64
189	211	59
190	211	75
191	211	57
192	211	45
193	211	46
194	211	25
195	211	48
199	211	32
201	211	16
204	211	49
205	211	60
206	211	52
215	211	105
216	211	20
217	211	106
219	211	36
223	211	37
232	211	71
235	211	87
239	211	35
14	210	73
18	210	67
32	210	39
34	210	63
35	210	160
39	210	135
40	210	52
41	210	22
51	210	21
52	210	66
54	210	68
55	210	109
58	210	50
59	210	34
62	210	52
69	210	20
73	210	41
76	210	13
78	210	34
80	210	49
85	210	49
88	210	16
91	210	67
96	210	42
97	210	88
99	210	23
103	210	59
104	210	52
106	210	79
112	210	39
113	210	79
120	210	67
126	210	62
129	210	37
130	210	11
131	210	33
132	210	31
134	210	88
138	210	31
139	210	83
145	210	18
148	210	62
151	210	75
158	210	197
159	210	74
165	210	62
168	210	67
169	210	54
172	210	37
173	210	263
174	210	128
175	210	86
176	210	21
178	210	61
180	210	52
181	210	84
182	210	86
183	210	11
185	210	27
187	210	59
191	210	44
192	210	98
193	210	57
194	210	40
196	210	65
197	210	89
198	210	97
199	210	41
203	210	34
212	210	61
225	210	28
228	210	52
236	210	103
244	210	67
14	209	123
20	209	53
22	209	40
27	209	60
30	209	91
31	209	22
33	209	46
34	209	59
35	209	134
36	209	26
38	209	65
41	209	15
42	209	75
44	209	33
50	209	64
54	209	81
69	209	60
71	209	42
75	209	57
87	209	47
93	209	18
95	209	90
99	209	52
100	209	79
101	209	72
103	209	22
105	209	64
106	209	14
109	209	27
111	209	43
112	209	136
113	209	60
116	209	62
117	209	77
121	209	90
122	209	58
128	209	36
129	209	39
132	209	63
134	209	127
137	209	19
139	209	34
142	209	69
146	209	41
148	209	73
149	209	58
151	209	58
152	209	102
154	209	204
156	209	43
157	209	29
161	209	45
162	209	97
166	209	128
167	209	57
170	209	62
173	209	40
174	209	128
178	209	27
179	209	79
183	209	112
185	209	56
190	209	56
191	209	58
194	209	40
198	209	25
201	209	77
203	209	52
205	209	76
206	209	88
208	209	56
217	209	54
220	209	52
224	209	65
238	209	59
242	209	67
18	208	34
20	208	41
26	208	40
29	208	25
30	208	114
33	208	38
36	208	88
39	208	29
40	208	80
44	208	56
49	208	123
50	208	45
51	208	50
53	208	36
54	208	30
56	208	45
61	208	175
64	208	28
65	208	13
68	208	49
73	208	38
75	208	58
93	208	50
95	208	120
96	208	16
97	208	40
103	208	45
104	208	44
114	208	78
121	208	70
125	208	37
126	208	55
131	208	49
136	208	58
137	208	49
143	208	81
145	208	76
152	208	61
154	208	55
155	208	27
162	208	22
163	208	46
165	208	43
168	208	52
170	208	156
171	208	63
174	208	71
175	208	75
178	208	108
181	208	50
182	208	164
183	208	99
184	208	58
186	208	82
191	208	93
196	208	26
198	208	87
199	208	141
200	208	44
207	208	120
223	208	27
225	208	25
226	208	54
234	208	72
239	208	58
18	207	45
25	207	37
26	207	62
27	207	46
30	207	26
32	207	73
34	207	89
36	207	75
43	207	42
47	207	50
48	207	85
49	207	117
50	207	33
53	207	45
54	207	37
57	207	37
60	207	87
61	207	104
68	207	41
90	207	42
93	207	21
94	207	60
113	207	56
118	207	55
126	207	24
129	207	65
136	207	58
137	207	57
141	207	94
145	207	117
146	207	67
148	207	89
149	207	45
150	207	96
154	207	30
155	207	52
156	207	119
157	207	47
159	207	55
160	207	77
161	207	63
162	207	51
165	207	34
166	207	43
170	207	40
171	207	125
174	207	72
176	207	87
177	207	48
179	207	89
180	207	30
181	207	95
182	207	253
183	207	22
184	207	152
185	207	19
187	207	84
191	207	56
196	207	45
197	207	129
198	207	46
207	207	46
220	207	77
233	207	50
240	207	97
24	206	29
36	206	100
37	206	82
43	206	78
49	206	48
52	206	60
53	206	87
56	206	56
57	206	85
65	206	64
68	206	37
71	206	30
72	206	115
90	206	66
94	206	41
95	206	66
97	206	55
105	206	28
107	206	48
121	206	74
132	206	36
133	206	49
136	206	54
139	206	57
143	206	26
147	206	66
148	206	220
150	206	51
151	206	79
153	206	136
156	206	96
157	206	12
158	206	42
161	206	29
163	206	26
164	206	59
166	206	48
167	206	6
169	206	55
170	206	89
171	206	39
172	206	50
175	206	157
176	206	76
180	206	52
181	206	44
182	206	16
183	206	67
187	206	35
193	206	92
196	206	83
198	206	173
199	206	58
200	206	76
209	206	54
214	206	113
216	206	84
223	206	37
227	206	52
238	206	54
8	205	92
25	205	84
26	205	46
28	205	12
32	205	22
36	205	57
37	205	65
54	205	20
61	205	43
66	205	77
67	205	51
68	205	37
69	205	99
73	205	35
90	205	46
104	205	56
107	205	55
112	205	35
114	205	80
119	205	47
131	205	23
135	205	63
137	205	52
139	205	70
140	205	70
144	205	85
149	205	65
153	205	56
158	205	35
160	205	28
164	205	55
168	205	92
173	205	65
174	205	42
175	205	53
176	205	88
177	205	37
178	205	120
180	205	47
181	205	76
185	205	13
188	205	56
190	205	80
193	205	62
194	205	89
195	205	89
197	205	50
208	205	63
214	205	48
224	205	73
227	205	44
231	205	72
9	204	36
12	204	70
28	204	67
30	204	77
46	204	55
50	204	52
51	204	15
75	204	69
77	204	48
81	204	48
82	204	54
87	204	68
90	204	80
91	204	44
93	204	20
96	204	42
101	204	42
109	204	54
115	204	27
118	204	46
126	204	60
129	204	27
131	204	36
140	204	80
142	204	42
143	204	99
145	204	1
151	204	57
153	204	63
156	204	62
157	204	107
158	204	34
162	204	82
165	204	34
166	204	61
171	204	125
173	204	110
174	204	101
177	204	83
178	204	20
179	204	100
180	204	24
181	204	206
182	204	115
183	204	87
185	204	48
187	204	67
188	204	36
192	204	19
193	204	39
195	204	34
197	204	94
198	204	68
200	204	125
204	204	50
205	204	34
207	204	49
208	204	72
224	204	75
229	204	51
231	204	44
244	204	70
19	203	12
21	203	27
23	203	53
27	203	60
29	203	43
31	203	35
33	203	30
55	203	37
62	203	34
81	203	76
82	203	22
83	203	34
87	203	93
88	203	54
93	203	40
94	203	22
100	203	14
109	203	101
111	203	54
115	203	33
116	203	47
117	203	93
129	203	103
130	203	69
131	203	71
136	203	58
138	203	65
139	203	86
143	203	21
149	203	52
152	203	8
156	203	78
162	203	110
165	203	56
166	203	185
170	203	42
171	203	52
175	203	7
179	203	119
180	203	86
181	203	26
182	203	69
187	203	63
191	203	73
192	203	86
193	203	119
194	203	136
198	203	61
205	203	53
206	203	22
210	203	35
215	203	57
216	203	53
218	203	95
221	203	69
224	203	52
236	203	49
238	203	7
244	203	31
13	202	83
23	202	101
30	202	59
35	202	55
36	202	125
43	202	98
63	202	35
74	202	58
81	202	99
82	202	56
85	202	40
90	202	76
91	202	71
92	202	66
99	202	48
100	202	46
104	202	93
105	202	80
109	202	93
116	202	42
117	202	110
122	202	65
126	202	30
131	202	42
135	202	131
137	202	78
138	202	53
140	202	56
142	202	41
145	202	56
149	202	45
152	202	48
153	202	101
154	202	97
155	202	49
160	202	87
161	202	75
162	202	121
168	202	75
172	202	70
173	202	59
174	202	93
177	202	80
179	202	37
183	202	60
184	202	61
185	202	127
186	202	61
187	202	34
188	202	59
189	202	161
191	202	180
192	202	95
193	202	64
195	202	19
196	202	21
202	202	61
203	202	123
204	202	42
205	202	6
206	202	135
209	202	108
215	202	76
222	202	33
229	202	38
231	202	63
237	202	62
11	201	54
30	201	57
31	201	61
32	201	69
46	201	67
50	201	48
72	201	39
73	201	61
77	201	59
81	201	52
84	201	77
85	201	18
87	201	42
88	201	40
96	201	57
100	201	65
101	201	55
109	201	70
114	201	26
115	201	12
120	201	15
122	201	29
134	201	73
135	201	50
137	201	116
138	201	51
141	201	135
142	201	46
143	201	47
145	201	71
147	201	124
150	201	37
152	201	20
154	201	45
157	201	20
161	201	50
162	201	74
163	201	41
165	201	104
167	201	57
170	201	33
171	201	53
172	201	77
174	201	38
175	201	45
177	201	40
182	201	65
183	201	66
186	201	90
189	201	41
190	201	49
191	201	16
193	201	31
194	201	87
200	201	52
201	201	31
202	201	96
205	201	74
206	201	29
207	201	63
208	201	67
209	201	17
210	201	117
212	201	46
213	201	75
216	201	61
220	201	65
221	201	50
227	201	28
228	201	41
239	201	15
240	201	31
241	201	77
15	200	94
24	200	37
25	200	33
31	200	9
33	200	71
34	200	26
37	200	50
40	200	65
45	200	103
58	200	31
66	200	51
71	200	89
77	200	65
78	200	56
87	200	63
100	200	43
116	200	47
121	200	37
127	200	9
129	200	27
134	200	43
136	200	129
138	200	157
140	200	104
145	200	65
147	200	28
148	200	96
150	200	75
153	200	38
158	200	80
160	200	50
163	200	58
164	200	73
168	200	61
170	200	80
173	200	55
176	200	24
178	200	38
182	200	37
183	200	30
184	200	51
185	200	36
187	200	62
188	200	27
189	200	30
196	200	119
203	200	51
204	200	102
205	200	92
206	200	30
208	200	52
210	200	57
211	200	75
212	200	55
214	200	56
218	200	67
221	200	59
222	200	7
224	200	71
228	200	29
232	200	80
233	200	57
234	200	16
238	200	61
14	199	70
24	199	46
32	199	67
36	199	51
44	199	89
45	199	33
46	199	24
48	199	37
55	199	41
62	199	71
68	199	47
77	199	76
86	199	55
87	199	40
89	199	120
103	199	34
116	199	52
118	199	95
122	199	28
123	199	40
124	199	202
128	199	126
130	199	34
133	199	39
134	199	43
138	199	113
140	199	110
145	199	87
147	199	24
149	199	64
151	199	37
154	199	49
158	199	132
159	199	63
163	199	62
164	199	74
166	199	54
167	199	32
168	199	158
169	199	37
174	199	44
178	199	76
179	199	129
180	199	53
182	199	127
184	199	68
187	199	27
188	199	71
191	199	141
192	199	62
193	199	30
194	199	52
198	199	128
199	199	62
200	199	30
201	199	78
203	199	47
206	199	76
216	199	79
219	199	47
221	199	31
224	199	55
226	199	106
227	199	54
228	199	157
234	199	48
235	199	79
236	199	34
41	198	67
45	198	35
49	198	68
52	198	31
54	198	49
58	198	32
59	198	33
65	198	16
69	198	49
82	198	39
89	198	115
90	198	134
97	198	33
98	198	85
102	198	46
114	198	47
119	198	61
125	198	100
132	198	40
133	198	48
134	198	66
135	198	51
137	198	37
138	198	66
144	198	47
145	198	100
146	198	74
147	198	122
150	198	76
154	198	163
155	198	100
158	198	59
160	198	40
161	198	60
163	198	213
165	198	58
166	198	81
167	198	53
168	198	25
172	198	9
173	198	47
174	198	61
176	198	22
177	198	96
178	198	27
180	198	18
182	198	72
183	198	50
184	198	27
185	198	3
189	198	57
197	198	57
198	198	49
201	198	64
202	198	110
208	198	76
213	198	47
217	198	65
220	198	51
223	198	43
227	198	52
228	198	193
229	198	187
230	198	55
234	198	23
235	198	58
238	198	110
11	197	67
27	197	50
37	197	57
38	197	137
43	197	40
65	197	64
77	197	44
89	197	34
106	197	46
109	197	21
110	197	30
112	197	54
128	197	68
130	197	60
135	197	70
136	197	77
152	197	117
154	197	89
155	197	5
157	197	26
158	197	53
159	197	139
160	197	42
161	197	165
163	197	92
164	197	79
165	197	65
167	197	131
171	197	128
173	197	77
175	197	108
176	197	45
178	197	72
179	197	47
181	197	165
184	197	34
185	197	62
186	197	229
189	197	59
192	197	65
193	197	15
194	197	128
195	197	31
197	197	73
198	197	84
199	197	119
201	197	52
202	197	42
203	197	67
204	197	26
205	197	251
207	197	92
210	197	117
213	197	46
214	197	133
215	197	53
217	197	31
222	197	56
224	197	70
225	197	113
227	197	25
230	197	52
233	197	43
242	197	84
11	196	47
12	196	52
24	196	76
25	196	54
26	196	85
30	196	84
34	196	46
38	196	15
39	196	93
51	196	61
62	196	46
65	196	49
75	196	67
78	196	43
79	196	29
83	196	55
91	196	70
92	196	25
94	196	14
97	196	42
99	196	33
107	196	147
116	196	24
117	196	34
126	196	52
128	196	18
129	196	56
130	196	102
131	196	41
132	196	101
135	196	15
142	196	86
143	196	105
144	196	86
146	196	38
148	196	19
149	196	32
150	196	38
152	196	62
153	196	49
154	196	32
156	196	20
160	196	73
161	196	52
163	196	46
169	196	142
170	196	125
171	196	82
172	196	167
173	196	40
174	196	167
175	196	155
176	196	27
177	196	88
178	196	20
179	196	53
180	196	38
182	196	79
183	196	40
184	196	27
185	196	38
187	196	45
188	196	70
190	196	74
191	196	25
193	196	146
194	196	91
196	196	46
199	196	82
200	196	92
201	196	34
202	196	98
203	196	60
205	196	171
206	196	55
208	196	86
211	196	96
213	196	223
215	196	82
216	196	17
217	196	60
220	196	91
222	196	150
223	196	78
224	196	152
227	196	25
228	196	52
232	196	200
234	196	79
239	196	37
240	196	14
242	196	42
9	195	74
25	195	33
28	195	57
30	195	11
31	195	60
32	195	83
37	195	60
51	195	38
52	195	60
55	195	51
60	195	66
68	195	60
69	195	90
73	195	43
75	195	22
87	195	45
97	195	49
104	195	61
110	195	28
113	195	23
114	195	66
119	195	128
121	195	37
122	195	45
126	195	88
127	195	66
128	195	62
129	195	76
130	195	20
133	195	38
137	195	64
139	195	38
140	195	15
141	195	62
142	195	111
143	195	37
144	195	33
145	195	62
146	195	23
148	195	37
149	195	77
151	195	116
152	195	110
155	195	66
156	195	41
158	195	15
162	195	86
164	195	18
165	195	56
169	195	123
172	195	125
173	195	18
174	195	104
175	195	75
176	195	89
177	195	100
178	195	41
180	195	140
183	195	197
185	195	19
187	195	60
188	195	94
189	195	58
190	195	101
191	195	54
192	195	50
194	195	70
196	195	77
198	195	110
199	195	63
201	195	79
204	195	16
212	195	34
213	195	64
215	195	125
220	195	49
223	195	77
226	195	69
234	195	86
238	195	29
241	195	86
29	194	14
30	194	37
31	194	55
32	194	38
45	194	47
47	194	49
49	194	101
54	194	62
61	194	138
63	194	92
69	194	44
70	194	34
73	194	80
74	194	66
78	194	76
85	194	83
87	194	72
88	194	112
89	194	41
93	194	3
96	194	17
97	194	119
102	194	35
103	194	14
107	194	40
113	194	58
114	194	63
118	194	31
119	194	102
124	194	41
126	194	29
127	194	74
128	194	77
129	194	74
130	194	37
132	194	81
136	194	30
137	194	16
139	194	15
140	194	58
144	194	53
145	194	130
146	194	37
149	194	144
150	194	79
152	194	84
154	194	44
155	194	58
156	194	125
157	194	60
158	194	101
159	194	85
160	194	32
162	194	156
163	194	117
165	194	84
167	194	66
170	194	55
172	194	33
173	194	58
174	194	45
177	194	49
178	194	57
179	194	97
181	194	98
182	194	78
185	194	73
186	194	96
189	194	122
190	194	51
191	194	289
192	194	105
193	194	41
194	194	93
195	194	21
196	194	66
199	194	55
201	194	99
208	194	67
209	194	161
214	194	139
218	194	67
220	194	27
222	194	156
223	194	48
226	194	189
233	194	44
234	194	66
242	194	26
15	193	37
16	193	29
20	193	69
26	193	58
27	193	87
37	193	29
42	193	96
45	193	95
47	193	83
48	193	31
50	193	61
53	193	62
62	193	33
66	193	17
75	193	46
79	193	37
84	193	84
86	193	59
95	193	47
101	193	69
119	193	51
122	193	72
124	193	16
126	193	104
128	193	28
129	193	44
133	193	29
134	193	78
136	193	46
140	193	42
143	193	102
144	193	27
145	193	118
146	193	52
150	193	58
153	193	65
154	193	146
155	193	156
157	193	131
160	193	104
161	193	80
163	193	44
165	193	45
166	193	49
167	193	23
169	193	99
171	193	30
173	193	116
175	193	62
176	193	158
177	193	71
178	193	56
179	193	78
180	193	32
181	193	170
183	193	44
185	193	53
188	193	29
189	193	65
191	193	117
192	193	247
193	193	32
198	193	83
201	193	112
205	193	165
207	193	160
208	193	32
209	193	126
212	193	26
214	193	125
215	193	106
217	193	15
218	193	29
219	193	52
220	193	15
225	193	57
226	193	120
227	193	63
231	193	66
242	193	64
16	192	63
19	192	43
20	192	60
22	192	86
27	192	85
29	192	38
30	192	84
31	192	51
38	192	38
47	192	45
48	192	13
51	192	114
59	192	51
65	192	49
73	192	69
75	192	69
79	192	119
80	192	80
82	192	48
86	192	124
87	192	128
95	192	36
99	192	59
101	192	73
104	192	47
114	192	77
115	192	85
116	192	107
121	192	163
122	192	52
126	192	86
128	192	131
129	192	48
130	192	62
131	192	94
135	192	179
138	192	59
142	192	133
143	192	85
144	192	97
146	192	57
147	192	104
150	192	52
152	192	95
153	192	46
157	192	72
158	192	18
161	192	7
162	192	65
163	192	73
165	192	157
166	192	64
168	192	66
169	192	56
171	192	46
173	192	53
177	192	63
178	192	26
179	192	75
183	192	22
184	192	184
185	192	48
186	192	98
187	192	72
189	192	25
190	192	133
191	192	73
192	192	57
193	192	76
194	192	58
196	192	55
197	192	48
198	192	66
200	192	110
201	192	17
202	192	135
209	192	42
211	192	33
212	192	62
214	192	86
215	192	194
216	192	92
218	192	101
219	192	138
220	192	84
221	192	62
224	192	44
225	192	70
232	192	57
238	192	146
12	191	22
18	191	7
20	191	79
27	191	29
30	191	31
34	191	28
37	191	59
42	191	53
45	191	57
55	191	78
60	191	36
62	191	70
64	191	69
75	191	146
87	191	63
88	191	62
93	191	18
94	191	74
109	191	33
110	191	56
112	191	44
113	191	63
119	191	46
121	191	125
122	191	70
125	191	82
126	191	60
127	191	79
129	191	68
131	191	22
132	191	49
133	191	39
134	191	57
136	191	11
137	191	119
138	191	67
141	191	91
143	191	29
145	191	54
153	191	79
156	191	126
163	191	32
164	191	86
165	191	95
166	191	53
167	191	82
170	191	31
171	191	90
172	191	29
173	191	63
174	191	74
175	191	82
176	191	195
177	191	132
178	191	116
182	191	42
184	191	134
185	191	71
187	191	119
189	191	227
190	191	91
191	191	55
192	191	169
194	191	147
196	191	98
197	191	121
198	191	102
199	191	27
200	191	99
202	191	32
204	191	42
207	191	36
209	191	89
210	191	108
211	191	14
212	191	22
214	191	44
215	191	33
216	191	36
220	191	113
224	191	60
226	191	119
227	191	54
228	191	59
233	191	56
19	190	70
21	190	22
23	190	35
34	190	23
35	190	70
37	190	94
38	190	47
48	190	72
49	190	32
54	190	86
75	190	59
91	190	66
97	190	186
102	190	45
103	190	57
104	190	68
105	190	101
108	190	62
109	190	155
111	190	117
116	190	24
119	190	70
120	190	53
122	190	136
123	190	63
124	190	70
131	190	67
132	190	70
136	190	75
140	190	81
144	190	29
146	190	9
147	190	64
150	190	82
152	190	54
153	190	81
154	190	30
156	190	49
157	190	95
158	190	42
159	190	58
160	190	46
161	190	33
162	190	86
163	190	161
164	190	142
165	190	51
167	190	35
168	190	37
171	190	22
173	190	178
174	190	59
175	190	23
176	190	119
177	190	140
178	190	51
180	190	29
181	190	60
182	190	190
185	190	52
186	190	321
188	190	124
189	190	66
192	190	74
194	190	41
196	190	132
197	190	92
198	190	51
199	190	26
204	190	144
205	190	49
207	190	82
209	190	38
210	190	119
212	190	153
215	190	59
219	190	91
229	190	56
232	190	84
237	190	82
16	189	37
17	189	81
24	189	41
27	189	16
33	189	50
35	189	102
36	189	62
40	189	63
41	189	94
44	189	52
45	189	23
48	189	22
54	189	53
56	189	53
66	189	33
78	189	74
91	189	46
97	189	100
106	189	52
109	189	82
110	189	9
111	189	48
112	189	64
115	189	83
119	189	85
123	189	57
127	189	50
128	189	62
129	189	26
131	189	49
137	189	50
139	189	54
140	189	188
141	189	69
146	189	77
148	189	83
150	189	89
151	189	41
152	189	53
153	189	38
154	189	43
157	189	82
158	189	67
160	189	73
162	189	18
163	189	181
164	189	166
165	189	63
166	189	67
168	189	3
169	189	166
170	189	61
171	189	30
172	189	209
173	189	19
175	189	93
176	189	90
177	189	59
178	189	154
179	189	58
180	189	67
182	189	176
183	189	47
184	189	17
185	189	60
186	189	29
189	189	26
191	189	49
194	189	95
195	189	25
197	189	136
200	189	153
201	189	74
204	189	143
205	189	49
206	189	54
207	189	58
208	189	29
209	189	68
210	189	98
214	189	93
215	189	40
216	189	50
218	189	54
219	189	141
220	189	54
221	189	46
222	189	52
223	189	82
225	189	83
229	189	54
235	189	24
244	189	60
16	188	49
29	188	68
31	188	49
33	188	48
43	188	122
45	188	50
46	188	41
50	188	9
54	188	14
58	188	43
59	188	46
63	188	52
75	188	63
79	188	7
84	188	38
97	188	122
102	188	66
115	188	39
116	188	55
119	188	32
121	188	49
129	188	65
130	188	20
131	188	112
132	188	65
133	188	54
134	188	100
136	188	178
137	188	60
140	188	84
143	188	89
146	188	47
148	188	68
149	188	151
151	188	53
156	188	115
157	188	74
158	188	35
159	188	41
162	188	18
163	188	112
164	188	225
165	188	148
167	188	80
168	188	127
169	188	165
170	188	190
171	188	63
172	188	78
173	188	125
175	188	22
176	188	48
178	188	53
179	188	16
180	188	60
181	188	98
182	188	168
183	188	49
184	188	27
185	188	67
187	188	53
188	188	162
189	188	24
190	188	67
192	188	54
193	188	152
194	188	84
195	188	98
196	188	18
197	188	236
200	188	21
202	188	60
203	188	41
207	188	17
208	188	69
209	188	147
210	188	47
211	188	75
212	188	40
213	188	368
216	188	36
219	188	46
220	188	70
224	188	145
226	188	54
230	188	99
231	188	66
233	188	38
31	187	49
33	187	19
36	187	21
44	187	85
50	187	95
54	187	20
58	187	64
74	187	57
75	187	82
76	187	42
79	187	108
81	187	34
95	187	40
96	187	60
97	187	36
101	187	64
103	187	57
104	187	37
108	187	52
112	187	134
114	187	46
116	187	59
122	187	73
123	187	54
124	187	53
128	187	70
130	187	25
132	187	48
133	187	49
134	187	109
135	187	51
136	187	175
137	187	27
143	187	19
144	187	42
145	187	52
147	187	96
149	187	66
155	187	67
158	187	61
160	187	50
161	187	32
162	187	41
163	187	65
166	187	32
167	187	36
168	187	27
169	187	71
170	187	98
171	187	76
172	187	19
176	187	262
177	187	69
178	187	75
181	187	124
182	187	172
183	187	149
184	187	77
188	187	54
189	187	71
190	187	40
192	187	154
193	187	57
194	187	115
195	187	246
197	187	49
198	187	111
199	187	79
203	187	62
204	187	33
206	187	99
207	187	61
208	187	105
209	187	24
211	187	33
212	187	37
213	187	18
214	187	14
220	187	71
221	187	79
223	187	123
226	187	72
227	187	33
228	187	32
229	187	182
230	187	45
231	187	38
234	187	17
19	186	93
20	186	21
21	186	51
25	186	15
28	186	60
33	186	60
43	186	32
66	186	30
67	186	16
79	186	28
80	186	10
86	186	39
90	186	22
93	186	32
102	186	54
108	186	77
112	186	67
113	186	106
119	186	173
121	186	72
123	186	121
127	186	19
128	186	108
129	186	105
130	186	86
131	186	47
134	186	208
135	186	40
136	186	267
137	186	135
138	186	127
141	186	66
142	186	52
145	186	33
148	186	49
149	186	54
150	186	96
152	186	112
154	186	41
155	186	50
159	186	124
161	186	64
162	186	70
163	186	63
165	186	55
167	186	147
168	186	34
169	186	105
175	186	132
176	186	216
177	186	64
178	186	39
179	186	83
180	186	159
181	186	66
182	186	139
183	186	173
184	186	91
185	186	141
186	186	77
188	186	55
189	186	28
190	186	62
193	186	59
194	186	35
196	186	86
199	186	54
200	186	45
201	186	183
203	186	51
204	186	82
206	186	82
208	186	98
209	186	198
211	186	119
212	186	62
214	186	47
216	186	29
217	186	95
220	186	89
221	186	42
222	186	42
224	186	31
229	186	114
230	186	106
231	186	74
232	186	24
238	186	53
239	186	86
242	186	75
243	186	72
9	185	74
15	185	78
36	185	26
38	185	43
52	185	42
58	185	59
66	185	11
67	185	7
98	185	61
120	185	78
122	185	68
125	185	93
126	185	147
127	185	90
128	185	71
130	185	47
131	185	51
133	185	33
134	185	168
139	185	13
140	185	49
141	185	44
143	185	60
146	185	63
150	185	23
153	185	28
160	185	22
161	185	143
163	185	59
164	185	164
165	185	120
166	185	38
167	185	82
168	185	112
170	185	117
171	185	78
172	185	243
173	185	94
174	185	27
175	185	47
176	185	71
177	185	167
178	185	46
180	185	96
182	185	74
184	185	227
185	185	143
188	185	250
190	185	35
191	185	33
193	185	29
194	185	142
195	185	135
197	185	24
201	185	59
203	185	151
204	185	74
205	185	73
206	185	75
208	185	92
209	185	244
213	185	16
215	185	59
218	185	53
220	185	58
223	185	17
225	185	88
227	185	70
230	185	85
231	185	57
234	185	41
238	185	28
244	185	48
10	184	97
22	184	15
24	184	99
27	184	22
30	184	26
36	184	42
38	184	43
43	184	15
47	184	73
54	184	20
56	184	65
72	184	32
74	184	42
86	184	24
88	184	13
93	184	65
94	184	30
99	184	46
106	184	45
121	184	62
123	184	39
126	184	3
130	184	30
131	184	47
132	184	86
133	184	83
134	184	91
135	184	43
136	184	141
139	184	91
140	184	69
141	184	45
142	184	79
144	184	44
145	184	42
146	184	56
147	184	19
148	184	37
149	184	55
150	184	54
153	184	95
154	184	20
155	184	44
159	184	119
160	184	79
161	184	115
162	184	67
163	184	103
164	184	49
167	184	86
168	184	74
170	184	127
171	184	113
172	184	116
173	184	96
174	184	33
176	184	35
177	184	57
178	184	81
179	184	11
180	184	110
181	184	45
182	184	160
184	184	112
185	184	153
186	184	108
188	184	263
190	184	20
192	184	122
195	184	45
196	184	185
197	184	25
198	184	81
199	184	75
200	184	58
201	184	71
202	184	115
203	184	76
204	184	54
205	184	49
206	184	18
208	184	49
211	184	106
214	184	79
216	184	82
217	184	39
219	184	35
220	184	49
223	184	31
224	184	101
228	184	43
232	184	62
233	184	36
234	184	69
235	184	41
237	184	103
241	184	72
248	184	59
14	183	38
32	183	68
33	183	126
35	183	75
41	183	22
42	183	17
48	183	74
50	183	14
51	183	76
53	183	56
55	183	69
56	183	90
57	183	37
71	183	106
89	183	63
90	183	70
93	183	62
108	183	42
110	183	56
113	183	30
121	183	18
122	183	20
128	183	43
130	183	179
131	183	63
132	183	68
133	183	73
137	183	58
139	183	115
143	183	6
144	183	73
146	183	54
148	183	58
151	183	55
153	183	122
154	183	105
155	183	70
158	183	17
160	183	47
161	183	40
162	183	39
163	183	69
164	183	100
165	183	38
166	183	170
167	183	119
170	183	38
171	183	20
172	183	71
173	183	107
174	183	116
176	183	143
177	183	428
178	183	63
179	183	70
180	183	41
182	183	15
183	183	40
184	183	88
185	183	25
186	183	49
187	183	78
188	183	303
189	183	34
190	183	58
191	183	38
192	183	138
193	183	189
194	183	30
195	183	46
196	183	79
198	183	41
199	183	15
201	183	50
202	183	132
203	183	71
204	183	48
205	183	46
206	183	98
210	183	138
212	183	92
215	183	152
221	183	85
227	183	46
232	183	82
233	183	28
238	183	187
239	183	39
25	182	44
39	182	45
44	182	30
46	182	42
49	182	29
90	182	53
102	182	30
111	182	37
112	182	64
117	182	86
118	182	42
119	182	69
121	182	49
125	182	65
128	182	68
130	182	71
131	182	45
132	182	46
133	182	37
134	182	22
135	182	64
136	182	180
137	182	119
140	182	44
142	182	42
146	182	21
148	182	92
149	182	47
151	182	56
152	182	41
153	182	62
155	182	110
156	182	71
157	182	56
159	182	53
161	182	27
163	182	20
165	182	160
166	182	192
167	182	237
169	182	57
170	182	143
171	182	79
67	246	35
127	245	30
154	245	60
65	244	59
94	244	46
102	244	15
153	244	27
178	244	51
183	244	62
31	243	14
64	243	66
66	243	26
76	243	66
79	243	56
91	243	22
97	243	58
107	243	43
108	243	54
208	243	51
24	242	55
32	242	63
47	242	44
68	242	51
85	242	82
88	242	90
98	242	103
99	242	50
100	242	59
102	242	70
105	242	43
113	242	12
114	242	52
120	242	71
165	242	53
168	242	48
173	242	41
183	242	72
186	242	24
188	242	12
190	242	97
191	242	67
192	242	101
196	242	52
44	241	18
57	241	49
75	241	15
76	241	42
88	241	38
92	241	26
94	241	71
96	241	66
97	241	66
99	241	20
110	241	52
114	241	17
129	241	56
130	241	69
141	241	63
179	241	87
184	241	34
191	241	28
26	240	77
27	240	44
54	240	113
71	240	52
76	240	51
87	240	73
90	240	75
91	240	76
95	240	55
97	240	27
98	240	96
99	240	78
104	240	60
105	240	144
112	240	48
117	240	40
118	240	56
122	240	63
133	240	45
136	240	39
140	240	49
150	240	23
158	240	52
159	240	54
161	240	25
162	240	14
169	240	178
170	240	49
176	240	28
181	240	67
204	240	65
206	240	69
207	240	53
21	239	63
22	239	11
40	239	69
58	239	13
64	239	4
65	239	57
70	239	37
71	239	13
74	239	87
75	239	49
76	239	48
81	239	18
88	239	63
89	239	61
90	239	21
95	239	80
96	239	87
98	239	66
99	239	60
106	239	73
107	239	153
108	239	49
109	239	90
125	239	52
126	239	61
127	239	82
128	239	68
133	239	44
136	239	50
152	239	17
164	239	5
165	239	78
168	239	57
170	239	34
171	239	20
176	239	61
185	239	83
189	239	74
192	239	40
196	239	42
203	239	24
209	239	56
21	238	76
28	238	40
37	238	27
43	238	55
44	238	46
46	238	54
82	238	40
93	238	45
95	238	28
96	238	64
98	238	82
101	238	56
102	238	64
104	238	36
105	238	52
106	238	40
109	238	17
110	238	42
111	238	92
124	238	61
126	238	60
127	238	44
139	238	59
140	238	47
148	238	79
161	238	60
163	238	32
164	238	38
168	238	71
169	238	36
170	238	28
171	238	57
172	238	118
179	238	62
181	238	68
182	238	172
184	238	53
203	238	50
204	238	45
209	238	67
22	237	69
29	237	46
31	237	8
34	237	48
38	237	19
39	237	31
43	237	25
50	237	64
51	237	77
53	237	23
54	237	41
55	237	58
59	237	16
61	237	54
62	237	68
74	237	64
75	237	51
76	237	57
81	237	45
86	237	172
93	237	88
94	237	15
97	237	97
98	237	24
99	237	11
101	237	59
103	237	98
104	237	69
105	237	167
106	237	22
107	237	35
108	237	48
110	237	80
112	237	41
118	237	75
119	237	4
120	237	25
122	237	45
133	237	66
147	237	30
154	237	61
155	237	56
162	237	95
165	237	27
166	237	45
167	237	57
172	237	71
175	237	58
181	237	105
185	237	41
189	237	84
215	237	34
11	236	41
21	236	57
38	236	48
40	236	121
41	236	42
46	236	42
49	236	58
53	236	32
56	236	36
60	236	59
67	236	25
68	236	70
77	236	43
80	236	73
81	236	49
82	236	32
83	236	137
84	236	64
85	236	57
86	236	136
90	236	30
92	236	36
93	236	49
97	236	45
98	236	44
100	236	38
102	236	78
103	236	23
106	236	105
130	236	23
133	236	38
134	236	82
138	236	72
140	236	73
144	236	33
157	236	78
167	236	133
173	236	61
177	236	81
178	236	83
184	236	45
185	236	75
186	236	130
190	236	74
196	236	33
204	236	83
209	236	46
11	235	45
29	235	42
30	235	65
46	235	115
47	235	30
51	235	17
52	235	61
59	235	57
60	235	31
69	235	54
70	235	68
79	235	51
83	235	29
86	235	147
88	235	43
89	235	54
92	235	39
94	235	53
95	235	47
96	235	73
99	235	54
102	235	55
103	235	139
105	235	32
106	235	79
107	235	67
109	235	52
112	235	48
113	235	27
120	235	60
121	235	44
149	235	68
150	235	51
167	235	64
176	235	28
177	235	115
179	235	104
180	235	71
182	235	73
186	235	59
187	235	140
190	235	31
191	235	75
192	235	66
196	235	20
197	235	158
207	235	31
218	235	65
11	234	13
21	234	20
25	234	75
26	234	60
30	234	58
32	234	24
33	234	15
34	234	59
38	234	34
39	234	30
42	234	43
46	234	33
47	234	21
59	234	60
60	234	25
64	234	29
68	234	19
77	234	26
78	234	55
83	234	55
92	234	33
93	234	92
94	234	48
95	234	80
98	234	33
100	234	50
101	234	48
103	234	125
106	234	67
109	234	100
110	234	50
111	234	46
113	234	46
115	234	63
119	234	82
121	234	42
150	234	106
158	234	27
167	234	218
169	234	43
170	234	116
172	234	48
173	234	106
179	234	79
180	234	60
183	234	72
186	234	58
191	234	17
192	234	105
193	234	14
194	234	72
197	234	51
202	234	64
204	234	26
13	233	12
22	233	17
26	233	34
30	233	85
39	233	75
46	233	102
47	233	59
50	233	37
54	233	41
65	233	100
69	233	59
70	233	59
73	233	26
77	233	85
82	233	62
85	233	117
87	233	138
88	233	30
89	233	41
91	233	44
92	233	26
97	233	38
100	233	67
101	233	64
105	233	62
110	233	28
115	233	12
121	233	45
124	233	132
126	233	22
141	233	59
143	233	60
152	233	142
153	233	74
154	233	73
162	233	33
168	233	90
169	233	58
171	233	41
176	233	102
181	233	77
184	233	46
187	233	93
193	233	13
194	233	64
196	233	47
197	233	36
200	233	53
203	233	37
222	233	40
223	233	57
227	233	77
238	233	23
11	232	61
33	232	50
34	232	47
38	232	17
41	232	19
42	232	61
43	232	55
45	232	37
47	232	56
51	232	63
56	232	59
79	232	105
85	232	25
87	232	76
88	232	150
90	232	71
93	232	35
94	232	57
95	232	43
96	232	47
97	232	114
100	232	100
101	232	90
102	232	23
103	232	71
104	232	15
106	232	116
107	232	142
109	232	20
116	232	67
118	232	30
121	232	36
122	232	34
137	232	61
140	232	74
143	232	98
147	232	49
149	232	115
150	232	58
151	232	100
152	232	83
158	232	11
161	232	69
163	232	32
164	232	78
174	232	49
175	232	61
176	232	161
177	232	87
178	232	62
179	232	16
180	232	65
181	232	3
183	232	111
193	232	23
199	232	30
206	232	52
22	231	66
24	231	87
26	231	62
34	231	49
40	231	61
50	231	67
51	231	49
54	231	101
58	231	84
71	231	26
73	231	25
74	231	71
76	231	22
82	231	14
87	231	70
88	231	52
89	231	51
90	231	40
94	231	43
97	231	43
101	231	52
103	231	39
105	231	121
106	231	87
107	231	59
111	231	65
112	231	237
115	231	62
122	231	52
128	231	65
146	231	39
147	231	33
148	231	44
156	231	110
161	231	49
164	231	23
166	231	75
171	231	63
174	231	100
175	231	83
177	231	28
178	231	43
180	231	43
181	231	46
182	231	41
183	231	128
184	231	20
185	231	36
186	231	42
191	231	17
193	231	12
194	231	72
198	231	72
207	231	61
208	231	57
11	230	26
20	230	34
26	230	54
29	230	18
31	230	48
37	230	58
42	230	59
48	230	25
49	230	67
50	230	52
51	230	45
59	230	23
60	230	60
62	230	27
72	230	77
74	230	37
76	230	53
79	230	64
82	230	80
83	230	54
84	230	55
86	230	127
87	230	140
88	230	78
90	230	37
92	230	51
97	230	50
99	230	30
100	230	82
101	230	54
104	230	80
105	230	23
109	230	91
110	230	95
117	230	46
127	230	23
129	230	43
152	230	57
156	230	32
157	230	34
158	230	66
161	230	42
167	230	38
169	230	65
171	230	57
174	230	57
178	230	20
179	230	138
180	230	147
182	230	22
186	230	38
188	230	43
190	230	101
197	230	102
198	230	52
201	230	53
209	230	36
228	230	82
29	229	23
30	229	61
39	229	47
40	229	50
47	229	66
53	229	34
57	229	57
61	229	49
70	229	63
73	229	37
74	229	76
76	229	70
77	229	36
84	229	45
85	229	41
86	229	156
87	229	67
88	229	76
89	229	53
90	229	97
91	229	72
92	229	26
93	229	58
94	229	82
95	229	44
96	229	86
99	229	139
100	229	60
101	229	69
108	229	43
114	229	50
115	229	36
116	229	91
119	229	21
121	229	44
127	229	31
137	229	46
170	229	44
171	229	54
175	229	59
177	229	45
179	229	73
182	229	35
183	229	18
184	229	70
186	229	20
191	229	56
192	229	76
210	229	29
218	229	44
15	228	63
29	228	64
30	228	37
31	228	79
32	228	108
33	228	72
34	228	61
35	228	150
40	228	30
41	228	100
44	228	77
46	228	44
52	228	61
55	228	57
57	228	47
59	228	37
61	228	32
68	228	60
74	228	72
77	228	36
78	228	51
79	228	41
80	228	172
82	228	77
83	228	72
84	228	81
85	228	89
86	228	41
88	228	79
89	228	103
90	228	187
92	228	66
94	228	212
98	228	42
99	228	105
104	228	65
109	228	58
114	228	28
115	228	58
117	228	58
122	228	45
128	228	38
129	228	33
130	228	23
131	228	49
142	228	62
145	228	96
149	228	34
150	228	68
151	228	47
154	228	51
160	228	112
163	228	78
165	228	42
166	228	177
167	228	20
171	228	48
172	228	91
173	228	56
175	228	104
176	228	30
177	228	53
178	228	31
179	228	93
181	228	60
186	228	29
187	228	40
188	228	84
189	228	74
190	228	39
191	228	36
192	228	126
197	228	23
198	228	67
205	228	46
208	228	45
211	228	22
214	228	30
10	227	23
28	227	16
32	227	27
41	227	48
44	227	87
46	227	43
48	227	20
50	227	54
53	227	81
57	227	31
66	227	45
69	227	22
71	227	78
74	227	41
75	227	33
82	227	101
83	227	68
84	227	115
85	227	166
86	227	30
87	227	41
88	227	66
89	227	136
91	227	82
92	227	98
94	227	219
95	227	57
96	227	49
99	227	79
102	227	83
103	227	92
105	227	11
106	227	61
108	227	15
111	227	38
113	227	118
114	227	72
115	227	53
120	227	15
121	227	62
125	227	53
130	227	38
131	227	15
132	227	56
134	227	41
139	227	29
144	227	52
152	227	38
153	227	91
156	227	68
162	227	67
163	227	34
164	227	34
165	227	98
166	227	59
167	227	42
169	227	51
170	227	79
172	227	78
174	227	55
176	227	39
177	227	53
178	227	43
179	227	20
181	227	21
182	227	26
185	227	115
186	227	139
187	227	69
188	227	94
189	227	153
190	227	76
194	227	68
199	227	14
204	227	90
225	227	20
15	226	70
22	226	45
30	226	55
35	226	117
39	226	107
46	226	168
48	226	34
52	226	50
55	226	51
57	226	17
64	226	71
74	226	64
75	226	90
81	226	119
83	226	78
84	226	84
85	226	83
86	226	207
87	226	165
88	226	209
89	226	279
90	226	316
91	226	72
92	226	167
93	226	95
94	226	90
96	226	89
98	226	51
99	226	58
100	226	62
104	226	52
105	226	18
109	226	22
112	226	64
113	226	51
120	226	26
121	226	88
122	226	42
123	226	54
125	226	39
133	226	65
137	226	41
140	226	59
159	226	79
160	226	31
162	226	95
163	226	71
164	226	85
165	226	49
166	226	51
168	226	41
171	226	86
173	226	56
176	226	127
177	226	132
179	226	132
183	226	66
185	226	127
186	226	43
187	226	111
188	226	23
191	226	144
192	226	20
193	226	95
195	226	27
196	226	89
208	226	62
18	225	73
19	225	103
20	225	13
29	225	50
36	225	81
39	225	47
46	225	95
48	225	48
50	225	92
51	225	34
53	225	73
56	225	42
58	225	51
74	225	44
81	225	56
83	225	93
85	225	76
86	225	167
87	225	119
88	225	248
89	225	154
90	225	241
91	225	93
92	225	110
93	225	114
95	225	44
98	225	117
99	225	43
102	225	47
104	225	59
105	225	23
106	225	53
108	225	49
109	225	58
111	225	23
113	225	51
116	225	43
120	225	59
122	225	27
126	225	57
129	225	37
132	225	130
152	225	56
153	225	75
157	225	26
165	225	30
170	225	28
171	225	118
173	225	99
174	225	90
175	225	58
176	225	79
177	225	34
178	225	79
179	225	79
180	225	58
181	225	47
182	225	66
184	225	47
185	225	86
187	225	83
188	225	39
190	225	21
196	225	84
203	225	51
211	225	78
214	225	43
215	225	48
218	225	43
224	225	4
236	225	53
17	224	41
21	224	52
24	224	112
27	224	97
28	224	119
29	224	71
30	224	64
33	224	60
35	224	76
37	224	31
39	224	86
43	224	128
44	224	14
58	224	10
61	224	49
64	224	87
77	224	71
80	224	79
82	224	178
84	224	203
85	224	198
86	224	162
87	224	103
88	224	106
89	224	112
90	224	147
91	224	175
92	224	194
93	224	46
94	224	135
95	224	77
96	224	120
97	224	72
98	224	101
100	224	47
101	224	77
102	224	43
103	224	43
105	224	80
106	224	171
107	224	36
109	224	70
110	224	67
115	224	86
116	224	24
117	224	66
120	224	61
121	224	37
122	224	59
123	224	37
129	224	52
133	224	101
138	224	17
140	224	67
146	224	49
149	224	14
152	224	74
157	224	13
159	224	43
162	224	155
164	224	87
167	224	13
168	224	66
171	224	46
172	224	88
174	224	36
176	224	42
178	224	38
179	224	19
180	224	110
181	224	87
182	224	86
183	224	49
184	224	74
185	224	160
186	224	90
191	224	104
192	224	78
193	224	79
195	224	53
196	224	75
197	224	71
199	224	75
208	224	158
224	224	57
229	224	24
15	223	35
19	223	58
29	223	79
33	223	64
36	223	40
37	223	57
39	223	21
40	223	92
41	223	36
42	223	38
43	223	69
44	223	75
45	223	31
46	223	29
47	223	52
50	223	30
51	223	17
52	223	34
54	223	34
57	223	81
59	223	18
64	223	25
69	223	52
71	223	64
74	223	80
75	223	22
84	223	152
85	223	90
86	223	158
87	223	158
88	223	233
89	223	145
90	223	126
91	223	167
92	223	89
93	223	123
94	223	62
97	223	68
99	223	169
100	223	70
101	223	52
104	223	123
106	223	53
108	223	91
109	223	105
114	223	74
116	223	113
117	223	43
118	223	48
128	223	43
139	223	49
140	223	44
144	223	41
145	223	53
146	223	62
153	223	45
157	223	59
160	223	84
163	223	48
164	223	60
165	223	62
166	223	30
167	223	41
170	223	60
172	223	128
175	223	38
177	223	77
179	223	31
180	223	12
181	223	42
183	223	22
188	223	41
189	223	96
192	223	63
195	223	67
196	223	38
197	223	50
198	223	139
199	223	40
202	223	135
15	222	46
24	222	57
35	222	46
42	222	34
44	222	46
45	222	51
48	222	45
52	222	55
57	222	80
66	222	65
68	222	18
73	222	62
77	222	45
78	222	34
80	222	61
81	222	42
82	222	48
85	222	126
86	222	178
87	222	125
88	222	322
89	222	167
90	222	231
91	222	145
92	222	115
93	222	147
94	222	121
95	222	87
98	222	146
99	222	27
100	222	85
101	222	18
102	222	79
104	222	32
106	222	56
107	222	77
109	222	46
113	222	45
117	222	91
122	222	45
131	222	23
138	222	42
142	222	108
145	222	62
147	222	34
148	222	38
149	222	41
150	222	37
157	222	61
161	222	52
162	222	68
164	222	104
166	222	68
167	222	45
168	222	94
169	222	127
173	222	47
181	222	62
182	222	78
184	222	43
185	222	90
187	222	66
189	222	105
190	222	89
192	222	62
196	222	70
197	222	43
202	222	137
212	222	68
222	222	93
15	221	47
20	221	17
21	221	81
27	221	102
32	221	41
34	221	106
35	221	58
38	221	68
39	221	27
43	221	46
44	221	28
46	221	32
47	221	33
52	221	28
55	221	26
58	221	40
64	221	86
69	221	50
74	221	28
84	221	95
86	221	185
88	221	90
89	221	125
90	221	89
91	221	43
92	221	44
93	221	81
94	221	112
95	221	61
97	221	20
99	221	51
100	221	110
101	221	41
102	221	94
107	221	59
109	221	79
113	221	88
115	221	62
118	221	37
121	221	60
123	221	33
124	221	99
128	221	32
129	221	57
130	221	98
132	221	79
141	221	47
143	221	54
148	221	60
164	221	68
165	221	47
168	221	75
170	221	96
171	221	63
172	221	22
173	221	81
176	221	52
177	221	110
178	221	45
180	221	85
181	221	68
182	221	48
183	221	25
184	221	60
185	221	43
188	221	70
189	221	44
193	221	49
195	221	103
196	221	38
209	221	46
219	221	31
223	221	37
240	221	20
18	220	32
26	220	33
33	220	19
35	220	31
36	220	42
38	220	40
40	220	31
# chipNumber: 4
# chipName:   G 10 W69
# numHits:    38
137	237	7
19	213	27
15	165	23
18	163	46
9	156	79
9	146	36
18	143	30
23	143	43
18	142	111
19	142	28
17	141	44
18	141	148
11	138	25
12	138	21
15	138	59
26	136	48
30	136	56
12	134	47
22	134	65
13	133	16
24	133	91
30	133	81
28	130	60
27	126	61
13	125	90
16	125	42
17	125	51
25	125	26
13	124	76
17	124	29
16	123	55
16	121	90
12	120	52
14	120	99
13	119	75
14	119	77
13	118	63
15	103	39
# chipNumber: 5
# chipName:   D 9 W69
# numHits:    0
# chipNumber: 6
# chipName:   L 8 W69
# numHits:    82
53	246	45
52	237	17
166	233	11810
234	203	11810
145	199	41
120	190	32
131	190	27
145	190	41
121	189	18
131	189	15
117	186	24
118	185	23
155	184	35
156	184	33
157	184	41
128	182	42
130	182	22
139	182	16
112	181	24
136	181	21
146	181	29
116	180	16
133	180	23
132	179	44
127	178	23
128	178	25
132	177	14
166	177	22
115	176	22
116	173	71
141	173	15
136	172	62
169	171	23
115	170	15
116	169	48
132	169	8
115	168	61
131	168	32
132	168	1
122	167	11
127	167	20
130	167	38
163	167	46
118	166	20
124	166	21
138	166	14
138	165	16
126	164	38
155	164	59
153	163	21
154	163	47
147	162	12
153	162	55
154	162	19
152	161	43
109	159	26
143	158	19
108	157	19
125	156	67
122	154	67
147	154	34
172	153	52
157	152	14
173	152	30
125	151	42
157	151	46
138	150	36
85	149	43
118	149	60
108	148	34
132	147	49
113	146	19
139	146	13
149	146	36
154	144	21
112	143	13
139	143	23
149	143	20
151	142	15
122	141	53
140	140	62
122	134	60
