## [General]
## runNumber:        241
## runTime:       	 7200
## runTimeFrames: 	 0
## pathName:         data/runs/Run_241_181022-16-16
## dateTime:         2018-10-22.18:07:02
## numChips:         7
## shutterTime:      30
## shutterMode:      verylong
## runMode:          0
## fastClock:        0
## externalTrigger:  0
## [Event]
## eventNumber:      8739
## useHvFadc:    	 1
## fadcReadout:    	 1
## szint1ClockInt:	 0
## szint2ClockInt:	 4095
## fadcTriggerClock: 0
# chipNumber: 0
# chipName:   E 6 W69
# numHits:    91
130	190	41
129	180	19
147	179	69
148	179	57
142	178	25
150	177	52
178	177	33
179	177	91
178	176	51
187	176	53
152	175	42
177	175	40
149	172	26
174	172	48
146	170	66
186	170	23
144	169	39
163	169	34
132	166	38
185	165	22
136	164	45
160	163	30
170	163	35
140	162	70
154	162	20
176	162	37
179	162	89
142	161	54
144	158	56
162	158	30
168	157	57
176	157	30
150	155	63
189	155	60
200	154	11
128	153	62
129	153	21
166	153	57
168	153	41
129	152	27
159	152	28
160	152	28
161	152	50
164	150	30
130	149	19
154	149	45
166	148	74
152	147	50
160	145	62
161	145	13
176	145	59
150	144	50
171	144	43
158	143	70
149	142	68
155	142	32
147	141	12
193	140	41
147	139	38
140	138	97
152	138	29
155	137	36
188	137	48
142	136	24
172	136	18
142	135	15
143	135	95
172	135	61
172	134	23
195	134	43
198	134	62
193	133	47
126	132	18
147	132	54
152	131	46
154	131	22
182	130	37
137	129	47
165	129	35
142	127	24
139	126	27
159	124	48
160	124	52
174	123	28
132	120	32
138	118	47
165	118	25
177	117	45
138	116	41
133	114	27
146	107	25
# chipNumber: 1
# chipName:   K 6 W69
# numHits:    0
# chipNumber: 2
# chipName:   H 9 W69
# numHits:    117
172	245	20
220	240	86
203	239	55
200	237	44
210	237	52
218	236	48
220	236	24
226	232	72
189	230	86
221	230	38
210	229	24
183	227	46
183	226	21
227	226	72
194	225	57
207	225	34
210	225	15
183	224	79
206	224	53
209	224	64
223	224	48
179	223	60
216	222	9
223	222	24
185	221	43
242	220	42
193	219	60
197	218	48
210	218	30
212	218	104
216	218	25
148	217	68
166	217	30
212	217	40
175	216	44
202	216	51
205	216	35
214	216	28
221	216	62
176	215	32
225	215	27
209	214	83
218	214	65
197	213	30
205	213	23
235	213	25
203	212	71
215	212	78
222	212	72
226	212	56
232	212	31
206	211	50
207	211	78
204	209	44
210	208	44
216	208	49
219	208	41
212	207	47
236	207	46
202	204	49
230	204	33
183	203	44
206	203	23
193	202	55
209	202	75
227	202	33
237	202	31
182	200	40
188	199	46
218	199	27
208	198	26
218	198	52
188	196	65
215	196	43
216	196	64
196	195	73
216	195	62
183	194	43
195	194	62
196	193	41
242	191	46
186	190	59
188	190	36
226	190	48
191	189	26
193	189	40
178	188	50
227	188	58
240	186	23
240	185	63
231	182	60
176	180	85
176	179	39
219	179	40
208	176	21
217	147	42
238	134	89
234	120	75
245	116	70
248	115	36
248	114	38
245	113	67
243	110	59
238	106	28
245	106	62
229	104	19
240	102	66
244	99	48
236	93	79
242	91	104
235	80	44
239	64	52
240	64	65
226	63	34
224	62	21
247	56	43
243	53	43
# chipNumber: 3
# chipName:   H 10 W69
# numHits:    22014
63	217	83
64	217	44
65	217	48
67	217	42
73	217	45
75	217	62
79	217	53
82	217	23
86	217	53
91	217	28
92	217	129
94	217	80
95	217	122
97	217	39
99	217	31
101	217	94
102	217	21
105	217	37
109	217	32
110	217	66
111	217	77
112	217	19
115	217	13
117	217	33
122	217	18
123	217	60
126	217	75
129	217	42
133	217	67
141	217	61
143	217	86
146	217	175
147	217	82
148	217	59
155	217	46
156	217	32
157	217	11
159	217	105
161	217	23
163	217	81
164	217	44
165	217	116
167	217	61
168	217	171
170	217	64
171	217	39
174	217	51
175	217	127
178	217	95
181	217	42
185	217	59
188	217	50
189	217	91
191	217	154
195	217	79
197	217	144
198	217	98
199	217	102
205	217	68
212	217	140
213	217	56
218	217	60
222	217	61
15	216	65
19	216	62
21	216	32
24	216	106
25	216	85
29	216	52
33	216	27
38	216	106
39	216	17
41	216	70
47	216	52
48	216	48
50	216	67
52	216	51
53	216	90
54	216	42
55	216	23
56	216	147
57	216	59
58	216	65
60	216	30
61	216	77
62	216	18
64	216	227
67	216	41
69	216	52
71	216	78
74	216	18
75	216	68
77	216	47
81	216	69
84	216	44
87	216	24
88	216	25
94	216	48
97	216	46
104	216	58
106	216	128
107	216	21
109	216	54
110	216	101
113	216	90
115	216	14
120	216	37
121	216	74
123	216	113
124	216	114
127	216	50
128	216	49
130	216	58
133	216	44
137	216	60
138	216	29
143	216	53
147	216	104
148	216	61
149	216	64
150	216	37
155	216	62
165	216	84
166	216	41
168	216	103
169	216	135
170	216	29
174	216	121
175	216	57
176	216	73
178	216	97
180	216	6
184	216	72
185	216	24
186	216	81
190	216	56
191	216	166
192	216	50
193	216	52
195	216	98
196	216	54
198	216	49
199	216	169
200	216	65
202	216	58
203	216	69
204	216	115
211	216	53
212	216	143
213	216	164
214	216	61
220	216	87
221	216	89
25	215	52
27	215	31
28	215	20
29	215	66
30	215	77
31	215	39
33	215	131
36	215	65
37	215	40
40	215	48
42	215	51
44	215	43
45	215	28
46	215	59
47	215	63
48	215	47
51	215	61
52	215	53
53	215	49
54	215	47
56	215	100
57	215	74
58	215	42
60	215	117
62	215	92
63	215	22
64	215	37
66	215	70
72	215	81
76	215	64
79	215	75
85	215	84
87	215	27
94	215	57
96	215	14
105	215	66
112	215	38
115	215	76
123	215	98
124	215	54
125	215	109
127	215	66
128	215	19
131	215	77
133	215	16
134	215	36
135	215	48
136	215	29
137	215	71
138	215	46
139	215	39
140	215	34
144	215	98
147	215	31
152	215	44
153	215	18
155	215	79
163	215	26
166	215	62
167	215	91
168	215	23
170	215	102
172	215	64
173	215	84
175	215	49
176	215	128
177	215	60
178	215	37
179	215	52
181	215	110
182	215	130
183	215	38
184	215	88
186	215	19
189	215	105
190	215	15
192	215	60
193	215	26
196	215	55
200	215	47
202	215	45
206	215	65
209	215	63
210	215	65
220	215	44
228	215	41
239	215	45
15	214	18
30	214	46
34	214	41
37	214	102
42	214	33
43	214	37
44	214	117
45	214	62
47	214	23
48	214	126
52	214	99
56	214	63
58	214	57
59	214	189
60	214	89
61	214	31
62	214	58
63	214	78
64	214	125
67	214	101
70	214	27
74	214	65
78	214	54
79	214	27
83	214	73
92	214	32
94	214	28
95	214	55
102	214	19
107	214	49
110	214	31
114	214	66
116	214	46
121	214	36
122	214	68
123	214	161
124	214	82
126	214	64
129	214	51
134	214	84
135	214	89
136	214	61
138	214	49
139	214	52
141	214	79
142	214	65
144	214	72
145	214	82
147	214	47
148	214	82
149	214	95
150	214	57
151	214	57
156	214	47
157	214	8
158	214	52
166	214	33
169	214	37
171	214	32
176	214	87
177	214	39
179	214	20
180	214	95
183	214	77
184	214	74
186	214	37
187	214	45
193	214	10
199	214	154
202	214	59
204	214	67
205	214	148
208	214	60
209	214	91
210	214	34
214	214	34
215	214	84
219	214	52
222	214	65
228	214	95
230	214	72
237	214	45
241	214	81
14	213	48
17	213	51
21	213	18
36	213	66
37	213	95
40	213	32
41	213	73
42	213	38
43	213	32
46	213	40
47	213	80
50	213	63
52	213	29
54	213	73
55	213	49
56	213	119
57	213	89
58	213	176
59	213	60
60	213	89
62	213	115
64	213	97
69	213	97
70	213	26
75	213	27
83	213	82
88	213	79
89	213	40
94	213	53
101	213	87
102	213	49
103	213	34
105	213	38
106	213	22
109	213	98
112	213	67
117	213	46
119	213	43
123	213	42
125	213	33
126	213	39
127	213	67
134	213	61
135	213	39
137	213	73
138	213	108
139	213	76
140	213	16
142	213	116
144	213	168
152	213	26
156	213	52
158	213	73
159	213	110
161	213	36
163	213	91
164	213	111
165	213	170
167	213	57
175	213	230
176	213	153
178	213	89
179	213	106
180	213	60
181	213	43
182	213	122
185	213	44
186	213	146
188	213	97
189	213	10
191	213	44
192	213	110
195	213	71
196	213	57
198	213	57
199	213	41
205	213	39
206	213	155
207	213	28
219	213	46
220	213	68
221	213	164
223	213	26
231	213	59
236	213	65
12	212	81
14	212	73
18	212	31
24	212	74
31	212	67
36	212	30
38	212	80
39	212	40
48	212	89
49	212	70
51	212	47
53	212	40
55	212	125
58	212	70
61	212	34
62	212	49
64	212	63
66	212	14
69	212	47
73	212	91
95	212	64
96	212	84
101	212	49
102	212	143
104	212	99
105	212	15
106	212	68
109	212	42
110	212	29
114	212	57
120	212	69
124	212	37
125	212	49
128	212	169
131	212	82
132	212	62
134	212	68
136	212	36
138	212	30
139	212	34
142	212	66
143	212	39
145	212	63
146	212	50
148	212	14
149	212	58
151	212	112
152	212	32
157	212	68
166	212	76
167	212	37
168	212	59
171	212	261
172	212	131
174	212	87
175	212	69
176	212	60
178	212	134
180	212	74
181	212	58
182	212	80
183	212	21
184	212	70
186	212	40
187	212	28
188	212	93
189	212	87
191	212	79
192	212	45
194	212	113
195	212	134
199	212	97
200	212	67
201	212	54
203	212	40
204	212	48
205	212	9
206	212	39
214	212	70
219	212	149
222	212	51
227	212	92
235	212	73
13	211	35
14	211	62
26	211	29
28	211	92
29	211	75
32	211	52
42	211	122
43	211	66
45	211	29
46	211	80
48	211	53
49	211	47
50	211	54
56	211	76
58	211	45
59	211	95
61	211	59
62	211	24
66	211	101
82	211	57
84	211	41
85	211	41
91	211	44
92	211	49
97	211	54
101	211	72
103	211	24
111	211	29
113	211	23
114	211	84
118	211	39
120	211	4
122	211	40
123	211	27
124	211	92
127	211	75
130	211	22
131	211	59
134	211	49
135	211	114
136	211	30
141	211	123
142	211	276
144	211	42
145	211	59
151	211	24
152	211	44
153	211	20
154	211	188
165	211	92
168	211	76
169	211	25
170	211	33
171	211	25
174	211	50
175	211	91
176	211	42
179	211	29
181	211	75
183	211	99
184	211	88
185	211	86
188	211	20
189	211	49
192	211	41
197	211	17
198	211	60
202	211	68
205	211	71
206	211	73
210	211	121
211	211	129
213	211	42
216	211	27
221	211	90
223	211	56
226	211	87
228	211	89
18	210	29
19	210	51
24	210	31
26	210	105
27	210	35
28	210	44
30	210	120
36	210	79
39	210	39
43	210	48
44	210	61
46	210	143
48	210	31
49	210	55
52	210	51
54	210	29
55	210	78
56	210	92
60	210	102
64	210	52
65	210	38
68	210	28
69	210	59
71	210	17
73	210	48
75	210	64
77	210	144
81	210	43
82	210	104
85	210	63
87	210	72
90	210	120
91	210	65
93	210	42
99	210	49
106	210	59
107	210	84
108	210	74
110	210	46
111	210	98
113	210	39
114	210	93
118	210	38
123	210	56
126	210	82
131	210	36
132	210	67
134	210	56
136	210	155
142	210	55
143	210	31
147	210	84
152	210	13
155	210	92
160	210	58
162	210	96
163	210	33
165	210	68
168	210	59
170	210	94
171	210	112
172	210	49
173	210	9
174	210	32
178	210	45
179	210	75
180	210	29
181	210	59
185	210	14
186	210	54
187	210	44
188	210	69
191	210	109
195	210	33
198	210	21
200	210	76
201	210	41
202	210	59
204	210	60
206	210	64
208	210	66
209	210	87
210	210	71
212	210	34
213	210	55
219	210	55
220	210	100
221	210	88
222	210	44
225	210	42
233	210	41
9	209	22
13	209	27
14	209	109
15	209	27
17	209	33
22	209	49
24	209	49
27	209	80
29	209	34
32	209	61
33	209	43
37	209	61
38	209	41
39	209	54
40	209	37
41	209	11
42	209	36
45	209	37
47	209	20
49	209	68
54	209	68
55	209	60
60	209	28
61	209	76
62	209	80
64	209	45
65	209	117
71	209	73
75	209	63
76	209	48
83	209	41
87	209	26
88	209	83
89	209	62
102	209	88
106	209	77
107	209	54
108	209	26
112	209	10
113	209	25
115	209	26
116	209	56
117	209	221
118	209	199
121	209	44
124	209	71
125	209	24
126	209	116
128	209	66
132	209	47
135	209	122
136	209	98
137	209	50
138	209	38
139	209	57
140	209	21
146	209	50
147	209	28
148	209	49
150	209	74
151	209	51
154	209	64
156	209	58
157	209	54
159	209	65
164	209	38
167	209	98
169	209	45
173	209	84
174	209	125
175	209	69
176	209	49
177	209	141
179	209	74
180	209	86
182	209	93
184	209	68
185	209	52
186	209	157
187	209	25
188	209	29
189	209	66
190	209	77
191	209	92
193	209	92
195	209	32
196	209	50
199	209	79
200	209	24
201	209	19
204	209	29
206	209	114
208	209	33
209	209	71
210	209	39
215	209	64
218	209	52
221	209	26
224	209	71
226	209	43
227	209	70
228	209	45
13	208	74
18	208	52
19	208	78
20	208	29
23	208	51
30	208	85
31	208	85
33	208	57
38	208	52
39	208	46
42	208	23
45	208	45
47	208	46
48	208	62
51	208	45
52	208	48
55	208	90
56	208	44
57	208	57
62	208	49
74	208	54
76	208	25
81	208	51
82	208	55
84	208	44
87	208	37
88	208	36
96	208	68
97	208	124
107	208	67
118	208	65
120	208	57
121	208	37
122	208	64
125	208	33
129	208	57
130	208	26
133	208	97
135	208	90
136	208	104
137	208	13
142	208	25
144	208	23
147	208	46
148	208	46
155	208	43
158	208	91
163	208	104
166	208	128
167	208	81
169	208	42
170	208	52
172	208	85
173	208	73
174	208	110
175	208	130
177	208	124
179	208	65
181	208	55
182	208	65
183	208	112
184	208	109
187	208	132
191	208	62
192	208	35
193	208	44
196	208	34
197	208	95
198	208	84
200	208	210
204	208	185
205	208	137
206	208	113
207	208	113
208	208	60
212	208	42
217	208	77
218	208	79
221	208	78
222	208	199
225	208	156
226	208	48
227	208	53
228	208	74
230	208	71
232	208	57
233	208	65
235	208	44
241	208	47
10	207	39
27	207	17
30	207	51
35	207	74
37	207	114
38	207	50
39	207	62
40	207	80
42	207	17
47	207	44
48	207	57
49	207	67
50	207	40
51	207	44
55	207	41
56	207	135
58	207	136
59	207	87
61	207	162
68	207	117
71	207	80
74	207	60
81	207	22
84	207	40
87	207	15
88	207	39
96	207	17
98	207	37
103	207	46
104	207	92
106	207	14
112	207	109
115	207	30
116	207	38
117	207	52
120	207	54
121	207	54
123	207	46
124	207	31
125	207	43
128	207	32
129	207	95
131	207	50
132	207	83
139	207	60
141	207	49
143	207	19
146	207	140
151	207	70
154	207	128
156	207	22
158	207	59
161	207	42
162	207	141
163	207	66
164	207	11
166	207	39
169	207	11
170	207	84
171	207	17
172	207	175
173	207	82
174	207	101
175	207	131
176	207	65
177	207	131
178	207	42
179	207	62
180	207	43
181	207	51
182	207	40
183	207	43
184	207	42
185	207	27
189	207	58
190	207	118
193	207	89
194	207	96
196	207	82
198	207	99
204	207	130
205	207	80
206	207	46
208	207	24
209	207	154
212	207	44
217	207	7
219	207	34
220	207	89
221	207	67
223	207	62
225	207	95
226	207	91
228	207	44
230	207	21
232	207	43
233	207	63
235	207	77
240	207	21
10	206	88
19	206	46
21	206	23
22	206	65
25	206	41
26	206	15
30	206	54
35	206	43
36	206	135
39	206	39
41	206	108
42	206	49
46	206	57
48	206	40
49	206	133
50	206	122
52	206	52
54	206	76
55	206	43
57	206	93
58	206	65
59	206	85
61	206	136
62	206	96
63	206	16
66	206	48
68	206	28
70	206	56
72	206	60
75	206	50
84	206	97
86	206	44
93	206	47
95	206	50
96	206	14
97	206	34
98	206	48
99	206	53
103	206	76
109	206	28
114	206	76
117	206	5
118	206	50
127	206	54
128	206	277
130	206	25
131	206	75
132	206	67
133	206	22
134	206	45
135	206	60
136	206	76
137	206	45
138	206	88
139	206	45
140	206	90
143	206	76
145	206	19
146	206	67
150	206	65
154	206	75
161	206	26
162	206	108
163	206	218
164	206	87
165	206	47
168	206	49
169	206	63
170	206	93
172	206	132
175	206	80
176	206	83
178	206	104
179	206	64
181	206	26
183	206	13
185	206	71
188	206	45
190	206	146
191	206	73
194	206	130
195	206	55
196	206	22
197	206	112
198	206	55
199	206	101
202	206	115
204	206	133
211	206	70
218	206	52
226	206	80
19	205	35
20	205	99
27	205	89
30	205	16
34	205	115
35	205	35
36	205	59
39	205	85
44	205	100
48	205	40
49	205	57
50	205	104
51	205	35
52	205	34
55	205	53
57	205	76
61	205	26
68	205	84
70	205	56
71	205	28
73	205	53
74	205	15
80	205	38
81	205	67
83	205	41
96	205	65
98	205	35
111	205	42
112	205	41
120	205	70
121	205	21
124	205	24
125	205	38
126	205	70
127	205	54
128	205	116
129	205	42
132	205	76
134	205	53
136	205	191
137	205	82
139	205	55
141	205	8
146	205	55
147	205	85
148	205	93
152	205	39
154	205	71
155	205	184
156	205	151
160	205	44
161	205	95
162	205	165
169	205	30
170	205	173
171	205	63
172	205	68
173	205	31
176	205	124
177	205	78
178	205	129
179	205	72
182	205	30
183	205	11
185	205	97
186	205	56
188	205	79
190	205	80
191	205	30
194	205	111
198	205	53
200	205	86
201	205	71
203	205	82
215	205	56
217	205	51
218	205	104
219	205	56
220	205	36
221	205	69
222	205	34
223	205	41
224	205	122
226	205	53
227	205	88
229	205	51
237	205	25
241	205	34
9	204	83
11	204	33
18	204	29
26	204	66
27	204	49
34	204	64
36	204	65
37	204	58
40	204	130
41	204	14
43	204	82
45	204	103
46	204	71
47	204	76
50	204	21
51	204	134
52	204	11
53	204	36
54	204	68
57	204	34
58	204	110
59	204	26
63	204	54
64	204	83
65	204	116
67	204	66
77	204	34
80	204	18
84	204	54
86	204	69
91	204	60
97	204	46
99	204	35
101	204	54
102	204	62
104	204	117
107	204	41
108	204	71
109	204	64
112	204	48
113	204	67
114	204	34
120	204	156
122	204	71
123	204	47
124	204	66
126	204	127
127	204	37
128	204	42
130	204	79
131	204	35
133	204	37
135	204	36
136	204	25
137	204	72
138	204	71
141	204	73
144	204	92
149	204	58
152	204	95
154	204	82
157	204	37
161	204	38
162	204	29
164	204	80
166	204	49
167	204	62
168	204	46
169	204	91
170	204	105
174	204	146
175	204	55
176	204	122
177	204	94
179	204	33
180	204	52
181	204	66
182	204	72
184	204	122
185	204	94
190	204	59
192	204	49
194	204	61
195	204	112
196	204	62
198	204	143
200	204	55
201	204	81
205	204	52
206	204	25
209	204	39
217	204	156
218	204	94
219	204	21
220	204	78
222	204	102
223	204	52
225	204	66
227	204	30
231	204	41
243	204	23
8	203	63
13	203	56
17	203	93
27	203	94
31	203	62
32	203	63
35	203	49
36	203	36
37	203	59
38	203	97
41	203	94
42	203	71
43	203	63
44	203	49
45	203	45
46	203	33
47	203	185
48	203	57
51	203	53
52	203	96
53	203	74
58	203	50
59	203	75
60	203	52
62	203	24
63	203	59
65	203	101
66	203	34
67	203	60
73	203	35
80	203	92
82	203	41
84	203	34
85	203	83
87	203	54
91	203	26
94	203	41
98	203	45
101	203	77
103	203	96
107	203	7
108	203	73
109	203	104
112	203	37
113	203	70
114	203	38
116	203	22
117	203	41
119	203	59
120	203	119
123	203	88
124	203	15
126	203	18
129	203	59
130	203	140
134	203	72
138	203	25
145	203	25
146	203	24
148	203	34
150	203	72
155	203	61
159	203	51
162	203	47
163	203	59
165	203	18
166	203	61
170	203	90
171	203	40
172	203	136
176	203	17
177	203	97
178	203	97
179	203	54
180	203	74
181	203	56
182	203	83
183	203	69
184	203	34
185	203	34
191	203	51
194	203	145
196	203	70
200	203	23
202	203	150
203	203	26
209	203	37
211	203	95
214	203	79
218	203	115
219	203	118
222	203	75
223	203	128
225	203	73
227	203	25
237	203	106
12	202	67
15	202	93
17	202	98
20	202	29
23	202	46
27	202	55
28	202	54
31	202	33
32	202	26
35	202	59
37	202	70
38	202	29
40	202	70
43	202	70
47	202	41
48	202	57
49	202	66
51	202	93
52	202	66
53	202	50
54	202	39
55	202	34
59	202	49
64	202	174
66	202	108
68	202	73
70	202	28
74	202	11
78	202	61
85	202	84
87	202	22
88	202	132
91	202	62
95	202	47
96	202	30
101	202	66
102	202	55
109	202	45
114	202	83
115	202	62
116	202	90
118	202	73
120	202	70
124	202	82
129	202	64
130	202	112
135	202	33
140	202	82
143	202	64
145	202	28
146	202	40
147	202	122
148	202	57
150	202	171
156	202	70
157	202	52
158	202	26
159	202	40
160	202	61
162	202	30
166	202	72
168	202	70
169	202	30
170	202	44
172	202	49
176	202	102
177	202	95
178	202	18
183	202	63
184	202	50
186	202	21
188	202	72
191	202	94
194	202	145
195	202	33
196	202	79
197	202	29
201	202	23
203	202	131
205	202	73
207	202	33
209	202	66
212	202	62
214	202	64
215	202	67
217	202	60
221	202	125
226	202	46
229	202	16
232	202	153
237	202	22
239	202	34
240	202	76
241	202	76
245	202	66
12	201	49
16	201	41
18	201	60
21	201	76
22	201	17
23	201	36
27	201	71
28	201	89
29	201	54
30	201	46
32	201	67
33	201	46
34	201	37
37	201	76
39	201	38
42	201	63
43	201	37
45	201	38
49	201	28
50	201	92
52	201	76
56	201	42
57	201	31
59	201	8
63	201	59
66	201	53
69	201	31
78	201	201
79	201	65
81	201	23
84	201	45
85	201	34
89	201	46
90	201	90
91	201	119
103	201	23
107	201	104
108	201	46
111	201	60
114	201	48
119	201	64
121	201	43
123	201	83
126	201	83
127	201	33
129	201	51
134	201	25
135	201	69
138	201	48
140	201	28
141	201	31
143	201	49
145	201	92
148	201	26
152	201	66
154	201	39
155	201	50
156	201	61
159	201	8
160	201	95
168	201	58
172	201	72
176	201	83
180	201	111
182	201	73
183	201	30
184	201	48
185	201	34
189	201	42
190	201	72
193	201	49
194	201	53
195	201	24
196	201	66
197	201	9
202	201	130
204	201	59
205	201	144
207	201	41
209	201	37
210	201	101
211	201	65
217	201	45
220	201	38
221	201	106
222	201	76
225	201	51
242	201	23
11	200	41
16	200	69
23	200	51
31	200	97
33	200	157
36	200	62
37	200	20
40	200	38
41	200	26
44	200	86
45	200	57
46	200	54
49	200	63
55	200	168
56	200	76
58	200	119
60	200	37
61	200	28
62	200	134
65	200	59
66	200	51
67	200	64
73	200	46
81	200	74
82	200	58
93	200	37
99	200	25
103	200	21
105	200	100
110	200	38
112	200	48
116	200	30
117	200	78
118	200	28
121	200	43
122	200	62
123	200	68
124	200	37
126	200	57
127	200	87
129	200	57
130	200	57
131	200	42
132	200	28
134	200	40
135	200	78
137	200	97
138	200	23
139	200	92
140	200	58
141	200	66
142	200	34
143	200	29
144	200	117
145	200	45
146	200	41
147	200	125
149	200	71
154	200	41
155	200	26
158	200	217
159	200	12
161	200	70
162	200	63
164	200	24
165	200	23
168	200	60
170	200	40
172	200	133
173	200	78
174	200	73
177	200	36
179	200	74
180	200	37
181	200	199
182	200	55
183	200	17
185	200	30
186	200	44
195	200	97
198	200	54
201	200	20
202	200	92
204	200	42
205	200	30
206	200	135
207	200	29
211	200	29
212	200	72
214	200	64
215	200	77
217	200	41
220	200	74
223	200	39
224	200	89
225	200	108
226	200	52
236	200	56
240	200	37
15	199	83
29	199	4
30	199	44
35	199	66
36	199	66
39	199	48
45	199	57
52	199	109
53	199	66
56	199	33
58	199	71
59	199	88
64	199	50
65	199	63
67	199	40
72	199	74
78	199	37
79	199	67
80	199	77
82	199	48
85	199	78
87	199	73
92	199	82
96	199	56
102	199	56
103	199	25
104	199	48
105	199	71
106	199	170
111	199	79
112	199	68
114	199	212
118	199	29
119	199	101
120	199	139
124	199	37
128	199	26
129	199	90
135	199	51
136	199	36
138	199	68
139	199	25
140	199	83
141	199	27
146	199	37
148	199	54
153	199	47
155	199	106
166	199	69
168	199	17
169	199	63
170	199	99
171	199	86
172	199	40
175	199	98
176	199	47
178	199	193
179	199	68
181	199	87
185	199	77
186	199	65
187	199	14
189	199	86
190	199	75
191	199	54
193	199	76
197	199	66
198	199	42
200	199	36
201	199	83
202	199	149
203	199	50
205	199	86
211	199	59
212	199	92
215	199	129
216	199	67
217	199	91
219	199	34
220	199	47
221	199	161
223	199	61
224	199	67
228	199	83
232	199	51
235	199	62
17	198	48
19	198	83
28	198	76
30	198	123
31	198	39
35	198	75
38	198	48
39	198	75
41	198	62
44	198	19
45	198	106
47	198	41
48	198	85
53	198	15
56	198	20
58	198	56
62	198	58
63	198	79
64	198	108
68	198	42
72	198	92
80	198	25
84	198	17
88	198	57
92	198	48
97	198	57
101	198	37
102	198	87
104	198	46
113	198	128
116	198	95
117	198	198
118	198	77
119	198	42
120	198	188
127	198	73
129	198	48
130	198	88
133	198	96
137	198	51
139	198	81
144	198	125
145	198	37
149	198	88
153	198	76
156	198	47
163	198	28
166	198	109
169	198	56
170	198	79
175	198	119
178	198	42
179	198	56
185	198	58
187	198	34
188	198	85
192	198	137
196	198	85
197	198	70
200	198	51
201	198	45
205	198	42
206	198	122
213	198	75
220	198	22
223	198	137
225	198	42
226	198	141
227	198	60
229	198	28
232	198	19
233	198	103
237	198	18
241	198	22
13	197	69
18	197	38
20	197	73
24	197	46
25	197	62
26	197	51
28	197	54
29	197	69
30	197	45
34	197	36
38	197	22
39	197	47
40	197	35
43	197	53
44	197	78
45	197	79
46	197	38
47	197	41
53	197	62
54	197	44
56	197	63
61	197	16
62	197	56
65	197	57
74	197	70
76	197	53
81	197	40
82	197	83
84	197	72
86	197	49
87	197	57
88	197	41
92	197	67
98	197	66
104	197	22
109	197	51
110	197	64
112	197	62
113	197	112
115	197	134
119	197	60
122	197	60
124	197	76
128	197	51
130	197	29
132	197	106
135	197	129
138	197	34
140	197	60
142	197	42
143	197	62
144	197	68
145	197	131
148	197	29
154	197	98
155	197	26
163	197	37
167	197	19
169	197	61
171	197	49
172	197	67
173	197	77
177	197	38
178	197	46
181	197	71
184	197	45
185	197	22
186	197	48
188	197	156
189	197	34
190	197	126
191	197	110
199	197	140
202	197	146
203	197	178
204	197	115
205	197	46
206	197	12
207	197	90
208	197	26
212	197	42
213	197	61
214	197	82
216	197	36
218	197	52
219	197	35
220	197	70
223	197	65
226	197	51
229	197	59
234	197	117
236	197	34
9	196	39
23	196	54
25	196	73
26	196	39
27	196	40
28	196	49
29	196	103
32	196	58
34	196	59
36	196	71
37	196	58
41	196	35
42	196	77
43	196	42
44	196	34
48	196	14
53	196	67
55	196	28
56	196	56
57	196	44
58	196	13
59	196	39
60	196	61
62	196	104
63	196	83
66	196	96
68	196	39
69	196	29
71	196	97
73	196	18
74	196	16
75	196	76
76	196	107
77	196	53
78	196	36
79	196	17
88	196	7
92	196	20
93	196	30
95	196	65
99	196	50
100	196	67
112	196	116
114	196	49
116	196	97
118	196	164
121	196	92
124	196	115
125	196	24
126	196	115
127	196	53
129	196	36
132	196	189
133	196	56
134	196	46
137	196	60
139	196	129
140	196	30
141	196	33
142	196	31
144	196	74
145	196	104
148	196	144
150	196	73
153	196	144
154	196	88
155	196	15
156	196	26
160	196	98
162	196	45
164	196	37
169	196	85
171	196	40
176	196	37
178	196	82
180	196	105
181	196	82
182	196	34
183	196	54
185	196	131
190	196	23
191	196	72
193	196	25
197	196	258
199	196	100
202	196	87
203	196	46
204	196	72
210	196	26
211	196	65
212	196	149
216	196	42
217	196	117
218	196	28
220	196	38
221	196	16
223	196	29
226	196	75
229	196	23
231	196	135
232	196	80
234	196	51
236	196	75
246	196	38
18	195	39
19	195	45
20	195	39
25	195	66
26	195	41
27	195	93
28	195	43
30	195	64
32	195	231
33	195	14
36	195	154
39	195	91
44	195	34
45	195	56
46	195	30
49	195	41
50	195	59
53	195	56
56	195	45
58	195	100
59	195	35
60	195	19
62	195	12
68	195	48
70	195	82
71	195	62
72	195	35
74	195	41
77	195	13
78	195	65
79	195	23
82	195	66
84	195	55
87	195	63
88	195	21
95	195	42
98	195	39
99	195	89
100	195	74
102	195	56
106	195	54
109	195	69
111	195	14
113	195	75
114	195	83
116	195	49
117	195	57
119	195	43
120	195	43
123	195	43
124	195	148
127	195	68
128	195	66
133	195	34
134	195	73
135	195	174
136	195	199
138	195	132
139	195	54
140	195	49
142	195	153
151	195	51
159	195	34
172	195	33
173	195	83
175	195	128
176	195	223
177	195	102
180	195	24
183	195	55
184	195	40
185	195	49
187	195	46
189	195	59
191	195	81
192	195	71
193	195	40
194	195	55
196	195	113
202	195	88
203	195	4
204	195	67
205	195	36
207	195	25
208	195	52
209	195	24
212	195	62
214	195	73
215	195	40
218	195	76
220	195	38
221	195	63
223	195	72
225	195	62
227	195	50
228	195	26
231	195	53
232	195	26
234	195	48
235	195	33
244	195	67
21	194	52
26	194	88
27	194	70
29	194	54
30	194	62
33	194	99
36	194	67
38	194	48
39	194	29
40	194	58
42	194	63
43	194	54
44	194	202
45	194	74
46	194	54
49	194	59
50	194	57
51	194	26
53	194	41
54	194	49
55	194	75
56	194	110
65	194	55
74	194	124
81	194	54
83	194	103
85	194	57
87	194	17
89	194	45
100	194	51
102	194	114
103	194	76
108	194	58
112	194	98
113	194	30
117	194	59
118	194	46
119	194	88
121	194	60
122	194	50
130	194	85
131	194	42
132	194	157
133	194	17
138	194	44
141	194	53
142	194	141
143	194	94
145	194	49
148	194	68
150	194	233
151	194	107
154	194	49
160	194	106
164	194	54
166	194	75
169	194	51
171	194	49
172	194	68
175	194	85
181	194	17
182	194	48
183	194	84
184	194	136
185	194	142
186	194	51
188	194	145
190	194	14
191	194	117
192	194	62
193	194	131
196	194	80
197	194	50
199	194	201
200	194	42
203	194	74
204	194	108
207	194	42
208	194	38
209	194	43
210	194	88
211	194	49
213	194	78
214	194	91
215	194	76
216	194	48
218	194	92
220	194	17
221	194	128
222	194	143
224	194	76
233	194	70
234	194	43
235	194	26
240	194	47
11	193	108
15	193	50
23	193	67
26	193	19
28	193	38
30	193	41
31	193	25
35	193	78
37	193	94
38	193	165
39	193	109
40	193	29
41	193	60
43	193	113
44	193	86
50	193	37
51	193	110
52	193	19
53	193	74
55	193	31
57	193	25
59	193	35
60	193	22
68	193	51
71	193	64
72	193	65
74	193	107
75	193	59
76	193	74
82	193	72
85	193	48
87	193	57
88	193	44
89	193	49
93	193	38
97	193	30
100	193	40
101	193	91
103	193	33
107	193	20
111	193	79
112	193	46
115	193	49
116	193	66
124	193	37
128	193	83
130	193	65
132	193	76
134	193	27
135	193	55
138	193	55
139	193	65
144	193	60
146	193	82
147	193	64
152	193	87
153	193	70
156	193	47
157	193	54
169	193	75
173	193	71
179	193	45
182	193	131
187	193	69
188	193	132
191	193	131
192	193	189
193	193	115
194	193	221
197	193	32
199	193	45
200	193	11
202	193	59
203	193	54
204	193	108
207	193	80
209	193	29
210	193	128
211	193	173
213	193	38
214	193	56
215	193	71
219	193	46
222	193	156
223	193	94
233	193	51
235	193	83
236	193	39
16	192	58
17	192	101
23	192	110
25	192	48
26	192	26
30	192	77
31	192	129
37	192	55
38	192	61
42	192	60
43	192	44
46	192	92
47	192	64
48	192	30
49	192	60
52	192	54
54	192	59
55	192	105
57	192	9
61	192	36
63	192	52
66	192	69
68	192	53
69	192	88
70	192	62
71	192	49
72	192	59
75	192	88
77	192	57
81	192	60
94	192	81
100	192	70
110	192	65
113	192	117
117	192	48
120	192	31
121	192	57
124	192	49
126	192	47
127	192	85
129	192	86
130	192	86
131	192	70
135	192	81
136	192	78
137	192	60
138	192	51
141	192	20
142	192	45
144	192	74
148	192	65
152	192	59
154	192	26
155	192	18
156	192	81
160	192	70
161	192	34
165	192	65
166	192	48
170	192	55
171	192	81
172	192	27
174	192	54
176	192	28
177	192	25
180	192	84
181	192	59
182	192	31
184	192	91
186	192	95
189	192	98
190	192	70
192	192	154
193	192	87
195	192	30
198	192	37
199	192	114
200	192	199
202	192	90
203	192	113
206	192	185
208	192	58
211	192	87
212	192	139
213	192	15
215	192	56
216	192	21
217	192	34
218	192	25
221	192	18
222	192	53
223	192	26
224	192	29
225	192	143
226	192	33
228	192	44
235	192	55
236	192	51
239	192	62
246	192	124
13	191	34
16	191	10
17	191	79
21	191	22
22	191	24
25	191	46
26	191	91
27	191	59
33	191	97
34	191	86
37	191	60
38	191	59
40	191	21
41	191	43
46	191	67
48	191	67
50	191	56
51	191	77
52	191	69
53	191	48
54	191	67
58	191	35
63	191	74
68	191	118
71	191	42
73	191	79
74	191	69
75	191	93
76	191	126
77	191	57
88	191	61
91	191	38
92	191	58
94	191	53
100	191	125
102	191	56
105	191	78
106	191	10
110	191	79
111	191	25
113	191	68
117	191	78
118	191	45
120	191	38
121	191	79
123	191	65
124	191	165
126	191	86
128	191	39
129	191	43
130	191	83
131	191	89
132	191	17
135	191	76
137	191	23
138	191	51
144	191	80
148	191	75
151	191	31
153	191	65
157	191	40
159	191	27
161	191	38
162	191	18
163	191	45
166	191	73
167	191	70
168	191	3
169	191	114
170	191	34
173	191	70
175	191	113
177	191	154
178	191	75
181	191	65
183	191	10
184	191	124
189	191	51
190	191	62
191	191	73
192	191	52
194	191	24
195	191	11
196	191	51
198	191	298
199	191	54
200	191	56
201	191	60
203	191	44
205	191	39
206	191	184
207	191	105
208	191	145
209	191	34
211	191	72
212	191	55
214	191	70
219	191	79
223	191	32
227	191	48
232	191	26
233	191	98
241	191	35
245	191	125
25	190	63
27	190	88
28	190	47
33	190	43
35	190	44
41	190	52
44	190	116
45	190	15
47	190	88
49	190	38
51	190	121
52	190	75
55	190	31
58	190	57
61	190	15
64	190	52
67	190	65
70	190	28
72	190	60
76	190	32
78	190	27
86	190	45
87	190	86
89	190	26
94	190	17
99	190	83
105	190	53
110	190	62
111	190	37
113	190	47
114	190	141
116	190	60
117	190	50
119	190	106
120	190	75
121	190	26
125	190	188
126	190	84
127	190	48
130	190	30
131	190	59
132	190	26
133	190	50
134	190	73
135	190	77
138	190	61
139	190	64
140	190	53
141	190	27
142	190	20
143	190	57
145	190	43
149	190	135
150	190	57
157	190	89
161	190	65
176	190	50
177	190	67
178	190	102
179	190	13
181	190	81
183	190	112
184	190	89
185	190	84
186	190	115
189	190	41
194	190	65
195	190	60
198	190	70
199	190	18
200	190	92
201	190	74
204	190	77
206	190	97
208	190	81
209	190	68
211	190	84
212	190	33
214	190	22
215	190	57
216	190	100
217	190	84
218	190	180
220	190	58
221	190	42
229	190	77
230	190	42
237	190	50
242	190	35
246	190	42
13	189	32
20	189	30
21	189	72
30	189	49
31	189	66
33	189	52
40	189	119
41	189	40
46	189	31
47	189	46
48	189	41
49	189	54
55	189	65
56	189	42
57	189	56
63	189	94
68	189	67
71	189	66
79	189	17
85	189	74
54	246	40
81	246	68
51	245	62
186	245	33
187	245	27
35	244	64
44	244	72
52	244	72
81	244	39
109	244	40
110	244	22
119	244	79
127	244	19
138	244	45
168	244	72
169	244	39
178	244	77
41	243	39
48	243	63
50	243	36
52	243	44
53	243	18
78	243	27
95	243	14
113	243	73
115	243	49
126	243	67
128	243	103
137	243	47
168	243	33
169	243	68
172	243	47
195	243	23
35	242	45
50	242	82
51	242	40
76	242	33
79	242	67
102	242	77
103	242	55
111	242	63
123	242	93
124	242	47
143	242	45
157	242	70
167	242	145
169	242	79
170	242	35
171	242	28
175	242	33
182	242	58
186	242	47
189	242	94
197	242	41
206	242	40
54	241	10
55	241	16
57	241	37
78	241	50
80	241	144
83	241	30
103	241	47
104	241	82
120	241	54
124	241	47
131	241	58
140	241	67
154	241	76
155	241	30
170	241	102
171	241	41
175	241	28
201	241	83
208	241	28
209	241	70
211	241	55
30	240	14
37	240	90
46	240	46
47	240	46
50	240	13
52	240	51
54	240	37
55	240	38
56	240	69
57	240	110
77	240	31
78	240	71
96	240	60
98	240	70
105	240	42
111	240	145
118	240	73
126	240	75
135	240	47
136	240	73
147	240	30
153	240	28
156	240	53
157	240	18
175	240	71
185	240	57
186	240	66
200	240	22
204	240	28
205	240	70
207	240	29
40	239	85
48	239	66
49	239	64
52	239	78
53	239	140
57	239	9
82	239	24
91	239	41
92	239	56
102	239	64
106	239	99
112	239	56
113	239	96
116	239	22
122	239	53
134	239	57
135	239	109
136	239	55
143	239	62
146	239	65
148	239	73
150	239	57
152	239	61
156	239	9
158	239	68
160	239	38
161	239	57
168	239	38
170	239	42
174	239	52
175	239	68
182	239	36
184	239	30
185	239	86
189	239	23
199	239	54
200	239	95
201	239	53
205	239	33
208	239	48
214	239	32
36	238	81
44	238	31
46	238	108
48	238	118
51	238	39
54	238	84
55	238	105
57	238	33
59	238	33
60	238	24
62	238	29
72	238	32
83	238	132
84	238	57
90	238	44
93	238	52
110	238	42
112	238	52
113	238	109
114	238	33
115	238	27
130	238	54
132	238	127
144	238	18
145	238	84
147	238	54
154	238	66
167	238	57
168	238	34
173	238	24
182	238	82
193	238	45
194	238	108
200	238	54
207	238	97
208	238	69
221	238	60
228	238	80
30	237	41
41	237	57
43	237	30
47	237	71
48	237	48
50	237	98
51	237	30
53	237	98
54	237	115
55	237	47
56	237	56
57	237	90
64	237	68
72	237	41
76	237	67
83	237	47
86	237	59
88	237	65
91	237	68
97	237	55
98	237	53
103	237	54
107	237	55
108	237	73
110	237	98
111	237	33
112	237	62
126	237	65
128	237	41
129	237	61
139	237	48
141	237	52
145	237	78
148	237	59
155	237	23
167	237	100
177	237	95
184	237	103
187	237	46
190	237	48
192	237	23
193	237	59
198	237	63
201	237	29
202	237	32
205	237	22
210	237	11
226	237	29
24	236	103
32	236	143
35	236	12
47	236	65
48	236	27
49	236	31
51	236	84
52	236	91
53	236	82
55	236	116
57	236	45
58	236	45
59	236	44
61	236	49
66	236	67
75	236	17
77	236	46
82	236	65
90	236	42
92	236	49
110	236	57
112	236	38
113	236	42
117	236	65
131	236	43
134	236	70
140	236	83
152	236	27
170	236	18
173	236	52
176	236	94
177	236	59
183	236	9
184	236	34
190	236	76
193	236	85
199	236	77
203	236	52
205	236	204
206	236	22
208	236	69
209	236	83
210	236	42
238	236	73
35	235	57
36	235	64
47	235	69
48	235	70
50	235	35
51	235	71
52	235	149
54	235	146
55	235	53
57	235	30
70	235	49
77	235	27
97	235	49
100	235	68
109	235	83
111	235	49
113	235	9
115	235	22
117	235	56
122	235	69
126	235	89
134	235	70
135	235	46
140	235	76
152	235	37
153	235	31
156	235	36
157	235	51
159	235	67
171	235	25
173	235	45
175	235	32
176	235	131
178	235	57
179	235	66
185	235	64
191	235	126
196	235	47
200	235	84
202	235	60
205	235	41
210	235	50
211	235	37
214	235	76
218	235	74
227	235	29
238	235	29
45	234	132
46	234	34
47	234	123
48	234	67
49	234	23
50	234	70
52	234	113
53	234	114
54	234	87
55	234	54
56	234	77
57	234	62
58	234	60
59	234	60
61	234	38
79	234	42
80	234	88
110	234	99
111	234	65
112	234	18
113	234	13
115	234	16
116	234	41
123	234	16
127	234	36
129	234	47
132	234	59
134	234	80
142	234	68
150	234	26
152	234	22
153	234	61
154	234	56
160	234	15
164	234	46
166	234	35
173	234	45
174	234	19
175	234	47
178	234	84
183	234	50
185	234	40
187	234	145
188	234	98
191	234	117
204	234	89
209	234	74
210	234	41
218	234	56
229	234	82
239	234	59
24	233	73
28	233	55
29	233	41
33	233	60
39	233	76
42	233	47
45	233	64
47	233	69
48	233	77
49	233	43
51	233	81
52	233	71
53	233	96
54	233	16
55	233	62
57	233	87
58	233	44
59	233	59
64	233	31
69	233	7
72	233	81
73	233	35
86	233	54
87	233	39
91	233	56
95	233	46
101	233	81
102	233	45
108	233	77
111	233	63
112	233	56
116	233	60
121	233	22
122	233	46
125	233	44
127	233	40
131	233	19
138	233	70
143	233	65
144	233	88
145	233	67
152	233	24
160	233	88
163	233	112
166	233	122
168	233	27
174	233	80
177	233	156
178	233	81
179	233	61
181	233	23
184	233	27
187	233	44
189	233	97
198	233	65
200	233	95
202	233	38
203	233	51
205	233	81
208	233	45
216	233	41
220	233	25
13	232	42
27	232	86
29	232	33
39	232	41
42	232	43
43	232	14
47	232	3
49	232	122
51	232	100
52	232	139
53	232	128
54	232	58
55	232	85
56	232	84
57	232	58
58	232	126
61	232	36
62	232	44
63	232	34
64	232	65
67	232	41
78	232	24
82	232	67
83	232	60
87	232	70
89	232	40
90	232	38
92	232	24
93	232	70
95	232	123
104	232	68
109	232	66
111	232	62
115	232	38
116	232	46
118	232	67
120	232	28
121	232	33
122	232	53
124	232	30
125	232	69
127	232	20
129	232	63
137	232	34
141	232	37
159	232	31
172	232	54
173	232	43
174	232	37
178	232	62
187	232	79
190	232	62
192	232	32
193	232	52
194	232	71
196	232	22
197	232	63
199	232	206
204	232	48
205	232	92
206	232	64
207	232	35
208	232	6
210	232	58
220	232	54
18	231	93
28	231	86
42	231	48
45	231	102
46	231	92
47	231	21
48	231	129
51	231	110
52	231	46
53	231	67
54	231	102
55	231	37
56	231	63
57	231	105
58	231	34
60	231	32
61	231	37
62	231	59
63	231	50
65	231	69
70	231	98
71	231	88
77	231	76
82	231	68
87	231	49
89	231	146
90	231	62
92	231	35
96	231	75
97	231	144
98	231	86
102	231	60
124	231	31
126	231	43
130	231	103
134	231	55
143	231	32
158	231	49
159	231	49
169	231	53
173	231	46
175	231	56
176	231	64
181	231	51
185	231	78
192	231	81
194	231	50
197	231	31
203	231	47
204	231	37
205	231	17
211	231	71
217	231	100
239	231	84
23	230	41
27	230	82
40	230	34
45	230	40
47	230	65
48	230	59
49	230	33
50	230	135
51	230	97
52	230	14
53	230	62
54	230	103
55	230	43
56	230	73
57	230	152
58	230	77
59	230	46
61	230	74
63	230	135
65	230	54
67	230	94
69	230	14
71	230	37
72	230	49
76	230	104
81	230	34
83	230	46
85	230	18
86	230	87
95	230	17
102	230	32
104	230	29
107	230	52
113	230	51
116	230	19
122	230	38
123	230	32
124	230	40
125	230	99
127	230	40
129	230	139
131	230	27
132	230	78
152	230	141
153	230	73
154	230	56
157	230	49
158	230	107
161	230	78
170	230	101
171	230	24
174	230	183
177	230	164
180	230	29
181	230	44
186	230	48
188	230	79
189	230	36
193	230	52
197	230	43
198	230	39
200	230	89
201	230	49
203	230	113
204	230	82
208	230	40
224	230	60
27	229	48
30	229	66
49	229	132
52	229	146
53	229	127
56	229	69
57	229	30
60	229	64
61	229	75
62	229	27
67	229	95
71	229	50
74	229	43
76	229	42
84	229	77
86	229	40
90	229	144
91	229	66
92	229	55
93	229	45
94	229	62
95	229	52
98	229	58
104	229	32
109	229	62
110	229	39
115	229	54
116	229	81
123	229	68
127	229	59
128	229	68
133	229	49
134	229	22
135	229	5
139	229	50
140	229	94
142	229	33
150	229	40
164	229	47
175	229	9
176	229	33
179	229	13
191	229	73
193	229	90
194	229	78
198	229	125
199	229	27
201	229	78
202	229	26
204	229	89
211	229	34
212	229	115
222	229	67
224	229	67
13	228	23
14	228	82
23	228	44
29	228	59
42	228	131
43	228	33
44	228	46
46	228	43
47	228	38
48	228	89
49	228	39
50	228	78
51	228	8
52	228	117
53	228	60
54	228	62
55	228	179
57	228	137
58	228	45
59	228	9
60	228	273
62	228	78
63	228	24
69	228	53
72	228	38
76	228	65
84	228	46
87	228	42
88	228	53
90	228	106
99	228	90
102	228	82
117	228	39
125	228	81
126	228	28
131	228	22
133	228	78
134	228	65
135	228	111
138	228	55
140	228	65
142	228	35
147	228	76
149	228	78
152	228	70
159	228	19
160	228	49
164	228	104
173	228	42
182	228	45
184	228	22
188	228	16
190	228	47
191	228	27
193	228	57
194	228	40
197	228	34
199	228	115
201	228	87
203	228	15
204	228	54
205	228	61
206	228	56
207	228	59
212	228	52
213	228	35
215	228	73
216	228	69
227	228	31
28	227	40
33	227	29
35	227	26
39	227	82
40	227	133
42	227	126
43	227	88
45	227	9
46	227	101
49	227	65
52	227	38
53	227	196
54	227	75
55	227	79
56	227	123
57	227	12
58	227	100
59	227	39
60	227	58
61	227	40
64	227	62
71	227	55
85	227	68
100	227	36
107	227	41
109	227	68
111	227	22
112	227	33
121	227	63
122	227	49
124	227	40
126	227	57
127	227	60
129	227	53
130	227	63
131	227	38
132	227	70
134	227	155
136	227	41
143	227	28
144	227	33
145	227	14
148	227	41
154	227	60
158	227	72
159	227	62
161	227	36
166	227	88
167	227	37
169	227	57
181	227	13
182	227	74
183	227	144
184	227	40
188	227	39
189	227	51
191	227	14
192	227	73
196	227	22
197	227	71
199	227	172
202	227	83
203	227	15
206	227	85
207	227	53
208	227	79
211	227	89
212	227	51
213	227	44
221	227	63
224	227	14
228	227	46
229	227	28
233	227	40
19	226	89
21	226	40
27	226	51
29	226	34
36	226	41
43	226	51
44	226	64
50	226	118
51	226	58
52	226	82
53	226	129
54	226	112
55	226	153
56	226	95
57	226	51
58	226	132
59	226	24
60	226	97
61	226	29
65	226	62
75	226	39
76	226	77
77	226	43
82	226	36
83	226	47
84	226	28
89	226	50
92	226	70
97	226	52
99	226	50
100	226	16
101	226	54
104	226	73
111	226	70
113	226	128
116	226	26
117	226	37
120	226	119
126	226	35
127	226	28
129	226	28
131	226	94
133	226	38
134	226	79
135	226	71
137	226	60
139	226	79
142	226	35
144	226	62
148	226	39
151	226	104
157	226	58
158	226	93
162	226	49
164	226	65
172	226	89
174	226	54
177	226	42
178	226	54
182	226	45
183	226	31
189	226	36
190	226	74
196	226	50
197	226	44
199	226	30
200	226	65
203	226	48
205	226	84
208	226	13
210	226	127
213	226	44
214	226	48
217	226	61
224	226	15
225	226	51
227	226	22
20	225	38
27	225	53
35	225	65
37	225	65
39	225	68
43	225	20
48	225	66
50	225	165
51	225	70
52	225	96
53	225	199
54	225	108
55	225	145
56	225	95
57	225	90
58	225	237
59	225	27
60	225	57
61	225	40
62	225	143
63	225	30
64	225	25
65	225	51
66	225	93
80	225	61
88	225	19
91	225	74
92	225	31
98	225	98
109	225	83
111	225	217
112	225	19
113	225	37
116	225	85
121	225	50
122	225	89
124	225	109
125	225	59
126	225	103
131	225	49
133	225	65
135	225	25
137	225	43
138	225	60
140	225	51
145	225	76
147	225	61
148	225	42
150	225	86
153	225	58
159	225	120
162	225	10
163	225	35
168	225	70
172	225	102
173	225	43
180	225	64
181	225	51
184	225	65
185	225	70
191	225	34
192	225	97
195	225	44
198	225	28
200	225	63
205	225	52
206	225	47
207	225	38
212	225	54
215	225	38
217	225	22
19	224	61
24	224	62
25	224	57
36	224	37
38	224	101
41	224	98
44	224	45
48	224	27
50	224	54
51	224	36
52	224	58
53	224	67
54	224	103
55	224	302
56	224	125
57	224	63
58	224	205
60	224	56
61	224	85
62	224	90
64	224	99
65	224	44
68	224	60
69	224	62
71	224	49
77	224	44
79	224	52
92	224	104
93	224	24
94	224	35
97	224	41
98	224	26
101	224	23
111	224	63
118	224	59
119	224	18
120	224	37
121	224	44
125	224	54
129	224	60
130	224	88
134	224	14
135	224	30
137	224	72
140	224	51
143	224	31
150	224	27
151	224	40
156	224	37
158	224	59
169	224	51
171	224	40
176	224	142
179	224	55
181	224	57
190	224	70
191	224	72
193	224	53
194	224	67
198	224	63
199	224	13
201	224	38
202	224	18
204	224	106
209	224	54
213	224	99
215	224	57
33	223	45
40	223	43
48	223	73
49	223	67
51	223	56
52	223	74
53	223	88
54	223	100
55	223	169
56	223	135
57	223	171
58	223	83
59	223	179
60	223	122
61	223	104
62	223	161
63	223	66
64	223	120
65	223	59
66	223	83
70	223	28
71	223	20
75	223	30
78	223	51
81	223	54
82	223	13
85	223	48
95	223	22
101	223	83
110	223	39
111	223	110
112	223	60
114	223	57
117	223	43
118	223	78
120	223	48
122	223	124
124	223	61
125	223	36
136	223	81
138	223	81
145	223	74
146	223	60
148	223	100
155	223	65
157	223	56
162	223	71
165	223	26
175	223	113
176	223	34
184	223	133
187	223	39
188	223	118
191	223	69
192	223	136
193	223	39
194	223	17
197	223	79
201	223	73
202	223	67
208	223	42
209	223	92
211	223	20
212	223	157
213	223	113
214	223	44
216	223	12
217	223	33
220	223	144
223	223	44
230	223	25
19	222	47
27	222	38
32	222	38
44	222	22
45	222	46
47	222	103
49	222	91
50	222	88
52	222	102
53	222	57
55	222	62
56	222	258
57	222	68
58	222	172
59	222	72
60	222	111
61	222	55
63	222	30
64	222	209
65	222	76
67	222	150
68	222	28
74	222	51
83	222	97
85	222	72
86	222	52
90	222	50
92	222	51
93	222	83
99	222	15
106	222	57
108	222	33
112	222	151
116	222	70
118	222	28
120	222	21
121	222	36
125	222	30
127	222	47
131	222	120
132	222	57
134	222	31
138	222	30
140	222	57
145	222	88
148	222	92
150	222	80
157	222	80
161	222	40
162	222	71
166	222	3
171	222	54
173	222	104
175	222	123
176	222	72
177	222	42
178	222	40
180	222	85
184	222	85
185	222	96
186	222	23
188	222	34
191	222	34
197	222	51
198	222	29
199	222	40
200	222	32
201	222	139
203	222	43
206	222	88
207	222	36
210	222	75
211	222	11
212	222	42
213	222	21
215	222	57
218	222	13
224	222	28
225	222	45
226	222	42
227	222	67
19	221	40
22	221	57
27	221	68
32	221	79
39	221	19
40	221	81
47	221	59
49	221	141
50	221	31
52	221	35
54	221	132
55	221	95
56	221	134
57	221	127
58	221	223
59	221	93
60	221	53
61	221	41
63	221	54
64	221	83
65	221	40
66	221	36
70	221	22
71	221	27
79	221	30
86	221	69
98	221	45
102	221	48
107	221	70
112	221	66
113	221	31
114	221	60
121	221	47
122	221	57
123	221	95
127	221	76
130	221	92
132	221	46
136	221	71
139	221	118
140	221	69
144	221	90
145	221	74
146	221	63
148	221	67
151	221	31
152	221	60
153	221	58
154	221	30
155	221	44
157	221	97
160	221	40
165	221	49
166	221	138
171	221	132
172	221	57
173	221	30
174	221	19
176	221	51
179	221	52
182	221	110
185	221	35
186	221	69
187	221	116
189	221	100
191	221	67
192	221	50
194	221	75
195	221	74
196	221	105
203	221	49
207	221	80
210	221	25
211	221	45
220	221	29
221	221	37
222	221	65
12	220	57
17	220	60
24	220	26
34	220	98
35	220	157
36	220	63
38	220	55
39	220	69
40	220	40
42	220	68
47	220	60
48	220	67
49	220	68
52	220	56
53	220	114
54	220	221
55	220	166
56	220	132
57	220	90
58	220	230
59	220	284
60	220	117
61	220	66
62	220	93
63	220	70
64	220	114
66	220	39
67	220	74
71	220	49
72	220	76
75	220	11
86	220	77
92	220	45
94	220	65
95	220	26
101	220	41
105	220	43
107	220	95
112	220	39
113	220	31
115	220	85
119	220	49
123	220	146
124	220	22
126	220	45
127	220	31
129	220	115
130	220	73
132	220	82
135	220	44
140	220	38
147	220	98
149	220	30
151	220	82
157	220	52
164	220	103
165	220	65
166	220	88
168	220	47
173	220	85
175	220	92
177	220	59
179	220	54
180	220	80
181	220	40
182	220	28
183	220	16
184	220	14
185	220	170
186	220	42
187	220	60
188	220	159
189	220	34
190	220	184
191	220	38
193	220	51
194	220	36
197	220	22
198	220	15
202	220	25
206	220	67
208	220	75
211	220	35
214	220	88
215	220	75
223	220	28
18	219	79
19	219	17
20	219	54
21	219	40
27	219	5
28	219	32
35	219	49
36	219	36
37	219	82
40	219	79
43	219	48
44	219	30
45	219	31
48	219	54
49	219	70
50	219	80
51	219	141
54	219	79
55	219	116
56	219	59
58	219	49
59	219	8
60	219	60
63	219	58
64	219	78
67	219	52
68	219	48
70	219	67
74	219	34
76	219	39
83	219	52
96	219	50
97	219	70
106	219	39
109	219	46
115	219	45
116	219	70
119	219	75
120	219	19
133	219	45
134	219	115
135	219	97
136	219	70
138	219	128
143	219	17
147	219	108
148	219	42
152	219	62
158	219	76
160	219	92
161	219	34
163	219	70
165	219	56
167	219	25
172	219	86
173	219	50
177	219	85
178	219	60
179	219	52
181	219	70
182	219	67
185	219	102
186	219	46
187	219	160
188	219	58
193	219	60
196	219	49
197	219	42
199	219	58
202	219	19
207	219	73
213	219	70
224	219	59
239	219	74
240	219	75
18	218	88
20	218	76
30	218	49
31	218	155
32	218	107
39	218	59
45	218	61
48	218	105
50	218	59
51	218	31
52	218	19
53	218	19
55	218	163
56	218	44
57	218	68
58	218	166
59	218	67
60	218	84
61	218	84
62	218	67
63	218	99
64	218	75
66	218	63
68	218	56
69	218	29
73	218	64
79	218	46
80	218	23
81	218	15
86	218	66
87	218	65
88	218	56
96	218	53
97	218	113
108	218	58
114	218	55
118	218	28
119	218	72
120	218	65
122	218	40
123	218	95
124	218	20
125	218	52
127	218	83
130	218	112
131	218	5
133	218	32
139	218	24
140	218	132
141	218	54
145	218	75
146	218	37
147	218	22
151	218	32
154	218	60
155	218	66
159	218	102
160	218	66
161	218	118
163	218	43
165	218	46
166	218	36
173	218	48
174	218	105
175	218	25
178	218	100
179	218	68
180	218	19
181	218	71
182	218	75
183	218	191
184	218	15
185	218	37
189	218	129
194	218	114
195	218	103
198	218	82
200	218	56
201	218	58
202	218	14
206	218	93
207	218	53
211	218	31
213	218	68
216	218	52
217	218	61
221	218	67
222	218	114
223	218	41
245	218	17
15	217	60
20	217	48
21	217	33
27	217	40
28	217	70
34	217	16
37	217	55
40	217	46
42	217	119
48	217	65
51	217	57
52	217	32
54	217	61
56	217	66
57	217	155
58	217	178
61	217	90
62	217	238
# chipNumber: 4
# chipName:   G 10 W69
# numHits:    346
9	152	81
13	146	32
14	145	71
11	142	60
21	140	62
15	138	78
10	136	44
21	136	43
9	135	58
12	134	74
8	133	71
12	133	68
14	133	75
12	132	69
15	121	67
18	120	24
19	114	74
13	101	35
20	93	88
178	60	54
44	58	56
174	57	50
175	57	57
32	56	38
173	55	97
13	54	45
18	54	55
24	54	65
169	54	26
177	54	49
25	53	34
171	53	56
13	52	46
25	52	60
35	52	70
37	52	89
23	51	112
158	51	23
174	51	30
12	50	34
23	50	40
29	50	41
179	50	55
18	49	52
32	49	65
174	49	25
12	48	67
15	48	41
22	48	30
29	48	20
42	48	9
49	48	65
169	48	55
178	48	40
192	48	60
193	48	44
21	47	81
174	47	71
178	47	44
196	47	58
172	46	29
179	46	30
34	45	40
18	44	59
161	44	56
175	44	44
180	44	53
183	44	46
19	43	40
179	43	72
181	43	74
184	43	48
188	43	17
191	43	53
15	42	70
16	42	49
162	42	49
169	42	42
170	42	68
173	42	52
176	42	14
179	42	26
180	42	101
182	42	45
189	42	70
198	42	43
158	41	36
162	41	73
180	41	57
13	40	25
16	40	70
153	40	38
169	40	49
184	40	93
188	40	11
167	39	38
169	39	49
179	39	72
10	38	52
164	38	68
166	38	34
170	38	42
182	38	48
187	38	66
198	38	36
10	37	31
11	37	36
13	37	71
22	37	62
23	37	50
159	37	60
170	37	58
174	37	60
176	37	58
188	37	23
8	36	118
162	36	57
167	36	30
168	36	58
175	36	72
176	36	33
177	36	50
181	36	73
184	36	43
194	36	60
155	35	82
171	35	82
172	35	25
173	35	41
174	35	85
175	35	73
176	35	60
180	35	47
184	35	44
189	35	21
191	35	18
193	35	38
194	35	22
18	34	122
24	34	43
27	34	41
163	34	56
168	34	62
169	34	19
172	34	64
173	34	75
176	34	66
179	34	27
185	34	83
188	34	95
191	34	18
196	34	65
163	33	51
166	33	54
169	33	52
172	33	52
173	33	71
178	33	52
180	33	44
185	33	92
193	33	80
170	32	36
171	32	30
172	32	17
179	32	54
181	32	60
182	32	16
183	32	65
184	32	39
191	32	27
160	31	68
168	31	16
170	31	57
171	31	30
172	31	41
173	31	34
175	31	61
176	31	17
190	31	32
191	31	26
192	31	56
27	30	68
157	30	76
172	30	44
176	30	112
180	30	60
186	30	66
191	30	39
161	29	11
167	29	20
171	29	65
174	29	34
176	29	60
180	29	22
183	29	71
184	29	91
186	29	21
187	29	28
188	29	75
29	28	11
157	28	67
158	28	29
172	28	21
176	28	50
178	28	39
180	28	37
182	28	22
183	28	55
184	28	24
187	28	61
193	28	73
206	28	41
30	27	40
157	27	34
165	27	46
170	27	21
174	27	74
179	27	87
184	27	72
154	26	9
163	26	108
164	26	83
170	26	97
177	26	54
178	26	65
179	26	13
181	26	80
182	26	58
184	26	123
190	26	73
198	26	72
10	25	73
15	25	73
176	25	51
179	25	63
180	25	83
183	25	71
184	25	26
192	25	71
193	25	84
194	25	36
25	24	63
155	24	54
173	24	67
182	24	51
183	24	68
186	24	30
188	24	82
189	24	12
29	23	53
168	23	85
170	23	47
178	23	58
190	23	62
26	22	39
172	22	33
181	22	67
196	22	32
28	21	26
173	21	25
175	21	76
178	21	73
189	21	32
191	21	74
194	21	28
195	21	85
10	20	63
17	20	76
153	20	85
173	20	70
174	20	44
175	20	45
177	20	13
181	20	27
183	20	21
184	20	90
188	20	80
194	20	6
195	20	41
10	19	62
11	19	87
33	19	45
164	19	78
166	19	48
170	19	73
173	19	11
175	19	35
179	19	94
181	19	33
184	19	17
188	19	45
191	19	36
194	19	25
11	18	71
173	18	69
176	18	59
187	18	55
190	18	22
181	17	96
182	17	73
160	16	46
172	16	45
173	16	58
182	16	19
185	16	76
192	16	36
30	15	72
160	15	28
161	15	79
162	15	56
163	15	36
180	15	54
188	15	65
191	15	61
31	14	10
176	14	17
178	14	38
182	14	63
10	13	56
33	13	33
172	13	28
174	13	63
177	13	43
178	13	34
182	13	49
183	13	11
188	13	62
171	12	59
182	12	113
185	12	65
182	11	74
184	11	39
164	10	24
188	10	21
172	9	33
178	9	19
179	9	49
181	9	62
182	9	50
15	8	49
167	8	43
169	8	76
172	7	44
183	7	8
185	7	14
182	6	75
# chipNumber: 5
# chipName:   D 9 W69
# numHits:    0
# chipNumber: 6
# chipName:   L 8 W69
# numHits:    179
51	235	18
166	233	11810
118	206	18
234	203	11810
103	199	34
113	192	30
200	192	26
159	189	29
160	189	18
154	187	3
126	186	19
158	186	11
166	186	46
160	185	26
184	185	23
129	184	33
166	184	29
111	183	5
112	183	102
122	183	51
168	183	19
162	182	40
170	181	39
125	180	24
150	180	4
181	180	20
121	179	25
142	179	18
150	179	21
184	179	7
143	178	56
176	177	18
177	177	3
101	176	20
104	176	14
132	176	35
152	176	20
166	176	45
102	175	38
127	174	11
168	173	33
110	172	28
180	172	22
205	172	68
138	171	22
142	171	24
162	171	16
190	171	31
135	170	35
186	170	44
187	170	20
91	169	29
129	169	32
158	169	19
110	168	29
149	168	18
150	168	27
170	168	17
174	168	27
181	168	27
186	168	29
113	167	44
122	167	41
149	167	57
166	167	57
171	167	19
172	167	42
142	166	6
164	166	14
175	166	55
116	165	25
105	164	20
120	164	32
121	164	32
164	164	41
171	164	21
176	164	31
139	163	32
179	163	24
120	162	50
138	162	50
185	162	53
103	161	27
146	161	44
187	161	21
151	160	41
179	160	22
145	159	59
160	159	13
161	159	24
149	158	25
154	158	35
158	158	16
159	158	18
160	158	49
161	158	25
159	157	26
174	157	42
108	156	47
125	156	22
141	156	39
163	155	27
119	154	24
170	154	9
119	153	14
137	152	50
112	151	9
127	150	27
147	150	64
107	149	25
128	149	21
129	149	24
167	149	22
204	148	33
184	147	39
133	146	36
160	146	28
117	145	31
133	145	35
155	145	27
171	144	53
145	143	24
163	141	16
102	139	22
107	139	48
191	138	25
160	136	15
180	133	15
143	132	27
81	95	15
86	89	24
81	85	33
80	84	22
89	79	34
83	71	27
68	69	39
98	67	15
71	65	21
98	63	11
65	62	20
92	62	48
55	60	49
78	60	35
70	58	30
62	57	55
48	56	48
65	56	28
95	56	42
59	55	48
71	55	26
97	55	24
71	54	47
55	53	42
75	53	42
76	52	37
80	52	4
70	51	35
84	51	19
57	50	44
79	48	32
87	48	26
81	47	63
75	46	18
79	46	20
83	46	48
94	46	35
83	45	21
87	45	66
106	44	29
92	43	47
81	41	37
91	41	34
76	40	26
69	39	59
92	35	9
75	27	47
52	25	44
61	25	20
72	21	43
