## [General]
## runNumber:        241
## runTime:       	 7200
## runTimeFrames: 	 0
## pathName:         data/runs/Run_241_181022-16-16
## dateTime:         2018-10-22.17:59:36
## numChips:         7
## shutterTime:      30
## shutterMode:      verylong
## runMode:          0
## fastClock:        0
## externalTrigger:  0
## [Event]
## eventNumber:      8150
## useHvFadc:    	 1
## fadcReadout:    	 1
## szint1ClockInt:	 0
## szint2ClockInt:	 4095
## fadcTriggerClock: 0
# chipNumber: 0
# chipName:   E 6 W69
# numHits:    0
# chipNumber: 1
# chipName:   K 6 W69
# numHits:    0
# chipNumber: 2
# chipName:   H 9 W69
# numHits:    144
236	148	60
245	138	77
240	131	95
242	127	60
236	124	37
236	119	69
245	114	70
246	113	80
238	112	55
239	111	15
240	111	85
232	104	59
246	77	66
156	76	12
157	76	64
176	76	14
184	74	29
173	72	28
176	72	28
242	72	31
243	72	41
244	72	53
183	67	63
151	61	26
162	61	67
163	61	81
146	59	51
174	59	70
184	58	13
166	56	62
173	56	26
215	56	47
141	55	44
149	55	48
169	55	69
177	55	22
169	54	119
171	54	47
240	54	62
149	53	36
175	52	37
185	52	71
236	52	34
153	51	62
162	51	63
188	51	59
177	50	41
181	50	54
192	50	44
153	49	55
163	49	76
177	49	63
181	49	67
196	49	48
198	49	57
153	48	35
160	48	68
179	48	93
193	48	80
167	47	25
171	47	65
187	47	83
240	47	34
158	46	76
176	46	52
177	46	76
179	46	81
180	46	47
181	46	47
162	45	51
176	45	85
170	44	53
186	44	70
170	43	77
174	43	83
177	43	27
184	43	63
130	42	48
176	42	53
156	41	54
161	41	64
177	41	56
155	40	43
160	40	22
189	40	38
222	40	83
153	39	63
165	39	39
174	39	44
159	38	41
160	38	49
161	38	21
171	38	14
212	38	17
146	37	29
159	37	75
170	37	104
173	37	30
180	37	40
137	35	77
167	35	52
174	35	36
159	34	68
173	34	92
208	34	58
232	34	63
233	34	31
240	34	60
167	33	87
168	33	76
174	33	45
197	33	43
241	33	54
173	32	73
136	31	18
156	31	26
160	31	29
168	31	56
178	31	34
194	31	41
154	28	62
162	27	48
176	26	88
198	25	36
131	23	68
151	23	43
158	22	30
159	22	50
181	22	146
132	21	73
178	19	39
186	19	37
188	19	27
189	19	31
145	18	25
158	18	81
169	18	27
189	18	27
170	17	24
180	16	34
166	15	39
123	10	50
200	9	42
182	7	37
# chipNumber: 3
# chipName:   H 10 W69
# numHits:    21533
141	226	65
142	226	71
143	226	16
145	226	61
147	226	164
152	226	60
153	226	21
155	226	100
157	226	72
158	226	132
159	226	81
161	226	46
162	226	57
165	226	48
169	226	27
170	226	105
171	226	108
173	226	147
174	226	84
182	226	77
184	226	57
190	226	132
191	226	99
192	226	35
194	226	46
196	226	104
202	226	57
203	226	30
206	226	78
208	226	56
211	226	80
220	226	41
233	226	60
234	226	29
15	225	72
39	225	114
43	225	72
46	225	60
52	225	73
55	225	42
64	225	65
71	225	23
73	225	159
74	225	75
75	225	143
76	225	54
78	225	82
79	225	50
81	225	68
82	225	46
93	225	126
94	225	81
95	225	41
96	225	57
98	225	50
99	225	26
103	225	75
104	225	95
105	225	212
106	225	89
108	225	108
110	225	40
112	225	21
113	225	61
114	225	83
115	225	136
116	225	64
117	225	67
120	225	16
121	225	65
123	225	51
124	225	46
125	225	60
126	225	158
127	225	93
128	225	74
129	225	62
130	225	54
131	225	82
133	225	11
134	225	54
136	225	69
139	225	20
143	225	70
149	225	39
151	225	34
153	225	148
154	225	91
158	225	76
160	225	44
168	225	112
169	225	94
171	225	72
172	225	60
173	225	126
175	225	25
180	225	94
183	225	21
186	225	25
188	225	180
189	225	32
190	225	35
191	225	45
192	225	69
193	225	49
195	225	58
196	225	10
198	225	44
199	225	79
202	225	33
204	225	68
209	225	16
217	225	119
22	224	61
23	224	62
24	224	55
28	224	17
29	224	53
40	224	47
42	224	61
51	224	54
52	224	55
56	224	37
59	224	131
64	224	116
71	224	121
79	224	84
83	224	108
90	224	43
96	224	38
98	224	52
100	224	38
101	224	80
103	224	51
104	224	43
107	224	39
108	224	126
110	224	231
111	224	88
114	224	34
116	224	14
120	224	90
121	224	159
122	224	89
123	224	5
124	224	94
126	224	65
127	224	122
129	224	130
132	224	57
133	224	65
134	224	63
136	224	142
137	224	112
139	224	129
142	224	30
143	224	55
144	224	124
146	224	53
147	224	75
148	224	52
150	224	141
153	224	91
154	224	104
155	224	54
156	224	37
169	224	52
170	224	71
171	224	47
172	224	88
174	224	70
179	224	36
180	224	56
181	224	211
182	224	32
184	224	140
189	224	62
191	224	148
192	224	31
193	224	86
194	224	49
196	224	49
197	224	55
199	224	23
202	224	77
204	224	186
205	224	90
210	224	25
213	224	61
214	224	65
216	224	74
16	223	51
22	223	89
31	223	33
32	223	23
34	223	60
37	223	49
39	223	25
40	223	51
47	223	67
49	223	78
52	223	46
53	223	23
55	223	66
56	223	46
57	223	99
61	223	22
63	223	60
69	223	62
71	223	111
72	223	23
73	223	51
74	223	29
75	223	52
76	223	55
79	223	45
80	223	58
83	223	44
84	223	7
88	223	75
90	223	74
93	223	41
95	223	29
96	223	107
97	223	27
101	223	40
103	223	49
106	223	30
107	223	72
108	223	118
109	223	51
110	223	79
111	223	95
112	223	40
113	223	70
114	223	76
115	223	35
116	223	153
118	223	161
123	223	138
124	223	30
125	223	133
126	223	110
128	223	95
130	223	49
131	223	63
133	223	55
134	223	110
135	223	142
136	223	41
137	223	101
138	223	83
139	223	149
140	223	59
143	223	91
154	223	51
157	223	17
162	223	65
165	223	41
166	223	52
167	223	73
169	223	33
170	223	25
173	223	45
175	223	45
180	223	116
182	223	162
183	223	32
184	223	101
185	223	70
186	223	7
187	223	101
188	223	176
189	223	117
190	223	54
191	223	19
192	223	110
194	223	22
196	223	39
197	223	78
198	223	41
199	223	42
200	223	63
204	223	49
206	223	62
208	223	14
209	223	72
212	223	30
218	223	67
220	223	17
15	222	41
16	222	59
35	222	41
50	222	59
51	222	117
52	222	63
55	222	19
56	222	28
59	222	22
61	222	44
62	222	24
66	222	67
67	222	21
68	222	58
69	222	41
71	222	96
73	222	64
80	222	79
83	222	49
84	222	73
85	222	42
86	222	73
91	222	114
92	222	22
93	222	104
94	222	39
101	222	71
102	222	59
105	222	59
106	222	66
107	222	65
108	222	33
109	222	45
110	222	98
111	222	62
112	222	133
113	222	59
114	222	88
119	222	58
120	222	15
122	222	66
123	222	112
124	222	28
125	222	29
126	222	81
127	222	56
130	222	142
131	222	79
133	222	55
134	222	190
135	222	46
136	222	79
137	222	41
139	222	62
141	222	46
144	222	42
146	222	63
148	222	49
154	222	20
155	222	62
157	222	147
158	222	140
161	222	62
165	222	70
166	222	143
169	222	59
172	222	111
173	222	131
175	222	51
176	222	110
177	222	66
179	222	51
180	222	104
181	222	59
182	222	87
183	222	54
184	222	109
187	222	64
189	222	82
190	222	123
191	222	22
192	222	31
193	222	7
195	222	21
198	222	15
202	222	62
203	222	73
204	222	86
205	222	43
209	222	35
210	222	56
212	222	18
214	222	40
215	222	77
221	222	58
223	222	56
18	221	18
22	221	65
30	221	37
36	221	108
37	221	59
45	221	88
46	221	89
50	221	51
51	221	64
52	221	35
59	221	64
61	221	21
62	221	88
65	221	47
66	221	114
72	221	54
77	221	103
78	221	70
79	221	32
80	221	57
81	221	26
85	221	15
89	221	22
92	221	78
94	221	52
96	221	30
98	221	87
99	221	79
101	221	11
102	221	131
103	221	95
105	221	49
106	221	41
107	221	59
108	221	73
109	221	37
111	221	122
114	221	107
116	221	117
120	221	196
121	221	37
122	221	40
123	221	39
124	221	18
125	221	252
126	221	215
127	221	34
129	221	22
131	221	84
132	221	52
133	221	33
134	221	32
135	221	213
136	221	119
137	221	67
138	221	79
140	221	65
143	221	61
152	221	52
153	221	91
158	221	56
161	221	59
165	221	47
169	221	51
171	221	86
172	221	52
173	221	27
175	221	46
176	221	47
179	221	89
181	221	80
186	221	90
187	221	54
188	221	51
191	221	88
192	221	82
193	221	90
200	221	92
205	221	33
207	221	57
210	221	51
211	221	39
215	221	49
217	221	65
221	221	15
228	221	38
236	221	27
242	221	65
33	220	65
37	220	54
41	220	60
52	220	53
53	220	51
54	220	73
55	220	73
58	220	167
59	220	69
60	220	30
62	220	48
63	220	62
64	220	129
65	220	55
66	220	48
67	220	182
69	220	58
72	220	38
77	220	72
85	220	107
86	220	98
92	220	66
93	220	16
96	220	39
98	220	65
99	220	47
101	220	56
102	220	82
103	220	26
105	220	133
106	220	64
107	220	112
108	220	56
110	220	99
111	220	101
116	220	128
117	220	11
120	220	52
121	220	60
122	220	87
123	220	82
125	220	75
128	220	101
130	220	120
131	220	37
132	220	28
133	220	31
134	220	113
136	220	93
137	220	206
138	220	30
142	220	23
143	220	50
144	220	125
145	220	66
149	220	49
150	220	54
152	220	67
158	220	31
159	220	86
165	220	55
166	220	34
169	220	109
175	220	83
176	220	59
178	220	53
181	220	60
182	220	78
186	220	53
190	220	161
191	220	35
193	220	89
194	220	62
195	220	22
196	220	75
197	220	159
200	220	88
201	220	74
202	220	76
204	220	68
209	220	25
210	220	75
212	220	139
213	220	20
216	220	108
219	220	73
24	219	44
27	219	35
31	219	73
32	219	70
34	219	30
37	219	141
42	219	29
44	219	98
45	219	53
51	219	49
54	219	78
64	219	117
65	219	20
66	219	117
67	219	20
71	219	47
72	219	73
73	219	42
76	219	66
81	219	95
85	219	107
87	219	29
90	219	48
97	219	25
98	219	82
100	219	46
101	219	74
102	219	144
105	219	37
107	219	92
108	219	46
110	219	95
111	219	101
114	219	29
116	219	156
118	219	80
119	219	63
121	219	158
124	219	68
126	219	90
127	219	36
128	219	113
129	219	85
130	219	55
135	219	22
136	219	173
137	219	121
138	219	148
139	219	45
143	219	92
145	219	26
146	219	95
148	219	35
152	219	54
161	219	58
165	219	24
166	219	47
167	219	197
170	219	44
171	219	19
175	219	27
176	219	118
177	219	81
179	219	124
181	219	137
182	219	161
185	219	46
187	219	31
189	219	48
191	219	100
194	219	25
195	219	82
196	219	168
197	219	112
200	219	28
201	219	7
202	219	50
204	219	75
207	219	52
208	219	69
226	219	45
229	219	39
245	219	62
9	218	39
17	218	47
30	218	21
37	218	46
47	218	81
48	218	57
52	218	16
53	218	134
55	218	69
58	218	65
59	218	105
62	218	42
65	218	33
71	218	61
73	218	73
76	218	54
77	218	206
78	218	119
79	218	99
81	218	77
83	218	41
86	218	98
87	218	113
97	218	60
100	218	93
101	218	43
103	218	148
104	218	220
107	218	38
108	218	133
109	218	61
110	218	34
111	218	65
112	218	146
113	218	38
115	218	80
117	218	85
121	218	113
122	218	116
123	218	73
124	218	36
125	218	94
126	218	96
127	218	175
128	218	25
129	218	54
131	218	34
136	218	36
137	218	120
138	218	47
139	218	98
140	218	106
142	218	25
145	218	182
146	218	187
150	218	34
153	218	44
154	218	65
155	218	55
160	218	49
162	218	74
163	218	33
166	218	28
167	218	62
168	218	84
169	218	26
173	218	76
174	218	72
175	218	27
176	218	47
180	218	112
181	218	67
182	218	174
184	218	24
185	218	60
187	218	39
188	218	34
189	218	97
190	218	40
191	218	43
192	218	16
193	218	38
194	218	91
196	218	53
197	218	48
198	218	83
199	218	39
202	218	68
203	218	35
204	218	45
209	218	44
214	218	39
227	218	60
233	218	33
240	218	82
20	217	45
33	217	80
37	217	18
44	217	37
45	217	39
47	217	46
48	217	77
49	217	147
50	217	31
53	217	41
54	217	67
55	217	48
57	217	54
59	217	46
64	217	108
70	217	106
71	217	74
72	217	85
73	217	52
76	217	84
78	217	40
85	217	38
86	217	35
87	217	73
89	217	70
93	217	73
95	217	69
96	217	16
97	217	33
98	217	118
99	217	28
103	217	57
104	217	32
105	217	36
107	217	106
110	217	91
113	217	93
115	217	84
118	217	72
119	217	45
120	217	65
121	217	52
122	217	47
125	217	96
126	217	12
127	217	190
128	217	147
129	217	146
131	217	76
132	217	28
133	217	131
135	217	49
136	217	122
137	217	54
139	217	75
142	217	40
143	217	65
145	217	42
149	217	45
152	217	106
153	217	74
154	217	29
155	217	215
158	217	83
161	217	22
162	217	58
164	217	80
168	217	113
169	217	19
173	217	136
174	217	103
175	217	74
180	217	69
184	217	39
186	217	54
187	217	73
189	217	240
190	217	90
191	217	88
193	217	134
195	217	32
196	217	55
197	217	61
200	217	63
201	217	69
202	217	60
204	217	18
205	217	57
210	217	69
211	217	146
212	217	47
216	217	118
217	217	119
218	217	26
221	217	79
222	217	39
228	217	62
229	217	17
231	217	8
13	216	39
28	216	42
32	216	52
33	216	85
35	216	40
42	216	61
47	216	71
49	216	38
53	216	50
54	216	77
56	216	63
60	216	87
70	216	83
76	216	12
77	216	28
78	216	60
82	216	53
83	216	139
86	216	113
87	216	68
88	216	57
90	216	68
91	216	19
92	216	33
97	216	65
99	216	92
102	216	47
103	216	53
108	216	76
111	216	22
113	216	34
114	216	86
116	216	31
117	216	101
118	216	86
121	216	48
122	216	71
123	216	5
124	216	48
125	216	71
126	216	78
127	216	230
128	216	23
129	216	87
130	216	35
131	216	127
132	216	158
134	216	29
136	216	168
138	216	60
139	216	85
140	216	51
142	216	60
143	216	45
146	216	48
147	216	31
149	216	37
151	216	10
152	216	55
155	216	20
156	216	80
159	216	66
167	216	19
170	216	26
171	216	80
172	216	90
176	216	35
177	216	25
178	216	64
181	216	67
184	216	34
187	216	16
188	216	165
189	216	118
190	216	64
193	216	49
198	216	31
199	216	97
201	216	42
204	216	34
207	216	43
211	216	65
212	216	138
213	216	87
217	216	78
223	216	76
228	216	5
232	216	53
18	215	73
29	215	52
31	215	79
32	215	49
34	215	29
39	215	77
43	215	79
44	215	88
45	215	126
48	215	37
49	215	73
54	215	80
58	215	58
60	215	91
61	215	65
63	215	77
64	215	61
65	215	54
67	215	27
69	215	139
70	215	173
71	215	76
74	215	33
78	215	28
86	215	32
90	215	30
94	215	65
104	215	44
105	215	64
106	215	84
110	215	164
111	215	32
113	215	61
120	215	50
121	215	90
122	215	34
123	215	31
124	215	194
125	215	124
126	215	46
127	215	123
128	215	92
129	215	55
131	215	143
133	215	93
134	215	69
136	215	59
137	215	54
138	215	23
142	215	59
147	215	45
148	215	167
149	215	76
150	215	82
153	215	73
158	215	98
170	215	99
171	215	72
172	215	51
174	215	59
176	215	66
179	215	74
180	215	62
184	215	33
186	215	69
192	215	62
193	215	69
194	215	29
195	215	77
200	215	53
201	215	76
205	215	91
207	215	117
209	215	103
210	215	83
211	215	51
217	215	48
218	215	65
219	215	128
220	215	62
221	215	42
223	215	33
229	215	44
230	215	21
234	215	80
18	214	46
21	214	35
26	214	87
27	214	45
29	214	26
30	214	56
40	214	130
41	214	38
43	214	49
44	214	84
45	214	88
48	214	71
49	214	69
55	214	58
57	214	23
58	214	31
60	214	36
61	214	14
62	214	58
64	214	78
65	214	40
66	214	37
68	214	43
69	214	125
71	214	73
73	214	48
74	214	65
76	214	28
80	214	149
82	214	13
83	214	3
86	214	77
91	214	26
92	214	37
93	214	71
94	214	138
97	214	54
99	214	52
100	214	133
104	214	46
105	214	17
106	214	73
109	214	65
110	214	59
115	214	45
117	214	129
120	214	60
121	214	60
122	214	30
123	214	89
124	214	32
125	214	27
126	214	160
128	214	184
130	214	41
131	214	80
136	214	89
137	214	122
138	214	60
139	214	57
143	214	133
145	214	18
147	214	77
149	214	54
151	214	11
152	214	30
153	214	5
155	214	86
164	214	86
165	214	64
166	214	42
167	214	63
171	214	23
172	214	61
173	214	130
174	214	206
175	214	185
177	214	89
180	214	100
181	214	33
182	214	47
183	214	76
188	214	52
190	214	72
191	214	55
192	214	38
199	214	77
202	214	27
204	214	37
205	214	6
206	214	76
210	214	84
213	214	66
217	214	106
219	214	79
227	214	124
228	214	114
245	214	175
18	213	68
26	213	65
27	213	92
29	213	48
30	213	38
46	213	41
48	213	109
51	213	69
54	213	50
57	213	32
62	213	25
65	213	114
68	213	98
69	213	31
70	213	48
73	213	46
75	213	143
79	213	96
83	213	38
87	213	83
88	213	53
91	213	62
92	213	40
93	213	17
102	213	35
103	213	91
105	213	70
106	213	81
107	213	46
110	213	47
111	213	116
117	213	49
118	213	49
120	213	133
121	213	57
122	213	150
125	213	49
126	213	31
127	213	139
128	213	194
129	213	65
130	213	111
132	213	201
133	213	49
134	213	24
135	213	62
136	213	184
137	213	78
138	213	83
139	213	74
140	213	49
141	213	30
143	213	58
146	213	38
151	213	55
152	213	156
153	213	147
154	213	54
160	213	56
161	213	58
163	213	38
164	213	63
166	213	113
169	213	133
173	213	70
176	213	110
179	213	118
182	213	19
185	213	87
190	213	81
191	213	65
192	213	68
193	213	34
194	213	43
195	213	50
196	213	91
198	213	44
202	213	47
203	213	60
206	213	64
220	213	39
222	213	57
223	213	60
224	213	93
225	213	25
228	213	68
236	213	31
14	212	81
26	212	26
29	212	60
38	212	46
39	212	91
40	212	26
42	212	123
47	212	49
48	212	147
49	212	43
51	212	87
54	212	73
56	212	73
57	212	89
58	212	153
61	212	57
62	212	71
63	212	34
64	212	41
66	212	84
67	212	39
72	212	80
76	212	68
78	212	59
80	212	67
81	212	85
84	212	44
87	212	41
88	212	153
89	212	147
90	212	207
91	212	109
93	212	151
95	212	60
96	212	92
99	212	38
105	212	44
107	212	79
110	212	62
113	212	33
116	212	76
117	212	65
118	212	76
119	212	56
120	212	110
123	212	83
126	212	73
127	212	26
128	212	39
129	212	65
130	212	92
131	212	110
132	212	84
133	212	139
134	212	42
135	212	92
136	212	78
137	212	41
139	212	203
140	212	131
141	212	100
142	212	95
143	212	150
144	212	132
145	212	73
146	212	38
147	212	100
148	212	83
149	212	57
150	212	62
151	212	75
152	212	157
154	212	25
157	212	134
158	212	98
159	212	11
161	212	94
162	212	42
163	212	122
164	212	66
165	212	52
166	212	40
167	212	110
168	212	120
170	212	115
176	212	174
179	212	19
181	212	23
182	212	65
185	212	75
188	212	59
189	212	55
190	212	50
194	212	132
196	212	69
204	212	81
210	212	61
214	212	67
216	212	24
219	212	55
221	212	88
222	212	149
223	212	67
227	212	42
228	212	67
232	212	68
233	212	119
25	211	11
30	211	45
31	211	64
34	211	56
35	211	68
38	211	39
40	211	67
45	211	46
48	211	29
50	211	46
51	211	34
52	211	59
54	211	129
56	211	37
58	211	64
60	211	54
63	211	57
64	211	60
65	211	43
66	211	48
67	211	24
68	211	105
69	211	19
70	211	61
72	211	77
73	211	84
77	211	48
84	211	124
85	211	77
87	211	36
89	211	14
91	211	22
95	211	47
96	211	114
100	211	28
112	211	25
113	211	66
115	211	95
117	211	34
118	211	108
119	211	113
120	211	33
121	211	25
123	211	34
124	211	54
127	211	94
128	211	25
129	211	160
130	211	153
131	211	115
132	211	46
133	211	206
135	211	71
137	211	68
138	211	41
139	211	131
143	211	110
145	211	205
147	211	73
148	211	92
149	211	49
152	211	113
153	211	109
154	211	46
158	211	49
161	211	28
162	211	23
165	211	130
169	211	79
173	211	82
174	211	155
175	211	16
176	211	76
177	211	92
180	211	27
182	211	35
188	211	25
189	211	65
192	211	29
193	211	56
194	211	29
195	211	86
196	211	90
199	211	109
200	211	121
208	211	76
210	211	29
215	211	33
218	211	61
220	211	134
221	211	32
229	211	74
230	211	91
232	211	103
21	210	65
29	210	81
33	210	127
38	210	103
40	210	79
46	210	26
48	210	43
50	210	25
54	210	167
55	210	32
56	210	112
57	210	78
60	210	68
61	210	17
62	210	134
63	210	27
64	210	109
65	210	113
67	210	67
68	210	67
71	210	154
72	210	113
73	210	103
74	210	90
75	210	113
77	210	84
79	210	69
80	210	37
81	210	143
84	210	105
86	210	107
87	210	68
93	210	47
97	210	95
98	210	37
100	210	88
110	210	29
111	210	48
114	210	91
116	210	54
117	210	138
119	210	95
122	210	108
123	210	118
124	210	132
125	210	48
126	210	42
127	210	25
128	210	82
129	210	78
130	210	86
133	210	103
134	210	59
135	210	79
137	210	111
138	210	65
139	210	100
140	210	126
141	210	156
142	210	94
143	210	73
144	210	40
145	210	37
149	210	22
155	210	79
160	210	60
162	210	85
163	210	27
165	210	21
166	210	49
168	210	47
169	210	39
170	210	130
174	210	69
175	210	12
177	210	77
180	210	41
185	210	94
186	210	62
192	210	46
193	210	17
195	210	118
196	210	109
197	210	140
198	210	104
203	210	72
204	210	102
205	210	46
210	210	52
215	210	88
218	210	28
221	210	5
224	210	32
230	210	100
232	210	24
234	210	64
235	210	98
236	210	105
237	210	82
18	209	64
20	209	45
32	209	67
33	209	130
38	209	65
39	209	78
40	209	96
41	209	28
42	209	29
47	209	57
52	209	58
53	209	10
54	209	60
58	209	165
62	209	94
65	209	105
66	209	15
67	209	148
68	209	35
70	209	27
71	209	79
72	209	147
75	209	87
76	209	97
79	209	65
80	209	26
84	209	54
86	209	65
87	209	138
88	209	133
90	209	92
98	209	56
100	209	83
101	209	75
103	209	64
108	209	65
110	209	92
111	209	204
112	209	48
116	209	85
117	209	41
118	209	86
120	209	62
121	209	52
122	209	56
123	209	53
124	209	28
126	209	89
128	209	63
129	209	47
130	209	85
133	209	43
134	209	141
135	209	103
137	209	91
138	209	77
140	209	202
143	209	42
144	209	33
146	209	239
149	209	61
150	209	94
151	209	22
152	209	91
156	209	38
160	209	23
161	209	46
163	209	83
169	209	43
173	209	24
179	209	57
180	209	23
181	209	99
183	209	59
184	209	41
185	209	14
186	209	32
188	209	44
192	209	51
194	209	57
195	209	22
202	209	27
203	209	18
204	209	13
205	209	31
210	209	38
214	209	23
217	209	35
221	209	57
222	209	81
224	209	25
225	209	44
226	209	63
229	209	87
231	209	4
233	209	68
236	209	101
239	209	63
14	208	71
20	208	40
26	208	53
27	208	23
28	208	38
29	208	74
30	208	18
31	208	112
34	208	70
35	208	102
36	208	63
41	208	83
42	208	89
45	208	152
46	208	92
47	208	77
50	208	154
52	208	19
53	208	97
54	208	30
56	208	11
57	208	85
58	208	26
61	208	65
62	208	79
63	208	66
67	208	71
68	208	153
69	208	56
70	208	87
71	208	78
72	208	93
74	208	78
75	208	88
76	208	62
77	208	46
78	208	46
79	208	37
84	208	83
86	208	48
87	208	75
88	208	66
90	208	66
96	208	67
97	208	79
102	208	54
104	208	88
105	208	27
106	208	160
110	208	57
111	208	46
115	208	48
116	208	100
118	208	29
119	208	55
121	208	91
122	208	70
123	208	175
124	208	86
125	208	23
126	208	153
127	208	37
128	208	146
129	208	100
130	208	121
138	208	50
139	208	203
140	208	75
141	208	14
143	208	104
145	208	75
153	208	77
154	208	167
156	208	33
159	208	42
160	208	60
161	208	61
173	208	4
176	208	61
178	208	60
179	208	75
180	208	25
182	208	46
184	208	49
185	208	67
187	208	59
189	208	20
193	208	101
194	208	75
195	208	18
196	208	52
202	208	68
210	208	130
214	208	57
224	208	31
231	208	27
232	208	59
233	208	90
235	208	18
237	208	48
238	208	71
13	207	38
16	207	63
26	207	56
28	207	54
29	207	52
30	207	39
31	207	206
35	207	59
41	207	20
42	207	69
43	207	126
44	207	5
47	207	14
49	207	137
51	207	33
59	207	43
62	207	69
66	207	38
68	207	30
69	207	97
70	207	132
73	207	89
74	207	70
76	207	22
78	207	116
79	207	45
81	207	52
82	207	103
85	207	118
88	207	2
90	207	78
91	207	40
96	207	34
100	207	19
106	207	17
109	207	121
110	207	110
112	207	98
113	207	50
115	207	51
116	207	46
117	207	43
119	207	26
120	207	39
121	207	38
124	207	196
125	207	66
126	207	134
127	207	161
128	207	65
129	207	38
130	207	128
131	207	96
134	207	81
135	207	59
140	207	29
141	207	21
144	207	122
146	207	53
147	207	56
148	207	83
150	207	93
151	207	46
154	207	45
157	207	87
158	207	77
161	207	120
162	207	27
166	207	27
168	207	54
170	207	75
176	207	33
178	207	24
181	207	74
185	207	38
190	207	78
191	207	61
193	207	99
196	207	58
197	207	84
199	207	121
202	207	47
207	207	95
208	207	84
210	207	30
217	207	43
219	207	130
220	207	60
228	207	87
233	207	96
234	207	64
235	207	73
238	207	63
239	207	16
16	206	43
21	206	18
24	206	55
25	206	43
32	206	81
35	206	126
39	206	63
43	206	48
45	206	125
46	206	49
47	206	33
48	206	162
49	206	103
53	206	22
54	206	127
56	206	17
57	206	60
58	206	19
59	206	22
60	206	107
62	206	42
63	206	67
65	206	32
66	206	102
69	206	66
71	206	68
73	206	58
74	206	51
78	206	84
79	206	91
80	206	12
88	206	69
90	206	68
91	206	29
92	206	50
96	206	57
101	206	33
102	206	84
103	206	143
104	206	30
105	206	151
106	206	64
108	206	54
110	206	68
113	206	123
115	206	57
118	206	46
120	206	36
121	206	116
122	206	100
123	206	154
124	206	7
126	206	58
128	206	31
129	206	86
130	206	78
131	206	104
132	206	152
133	206	167
134	206	95
135	206	127
136	206	197
140	206	134
141	206	137
142	206	97
143	206	65
144	206	44
146	206	36
147	206	22
149	206	111
150	206	167
152	206	59
158	206	34
160	206	78
161	206	96
162	206	59
164	206	25
166	206	88
167	206	164
168	206	42
170	206	58
172	206	105
173	206	57
174	206	141
175	206	56
176	206	129
180	206	75
181	206	126
182	206	83
183	206	52
185	206	82
187	206	114
188	206	40
190	206	99
191	206	48
192	206	110
196	206	95
197	206	94
198	206	14
200	206	26
202	206	58
208	206	85
209	206	64
212	206	54
216	206	95
218	206	118
219	206	73
226	206	45
227	206	81
228	206	109
229	206	33
232	206	73
234	206	59
235	206	102
236	206	156
238	206	83
24	205	19
33	205	89
36	205	72
39	205	37
45	205	76
49	205	19
52	205	49
53	205	132
56	205	69
59	205	104
60	205	25
64	205	54
65	205	67
66	205	92
67	205	124
70	205	57
73	205	128
77	205	64
79	205	80
81	205	55
82	205	51
87	205	81
95	205	74
98	205	15
104	205	46
105	205	108
106	205	61
108	205	48
110	205	37
115	205	66
116	205	45
118	205	125
119	205	115
121	205	95
125	205	125
126	205	73
127	205	25
129	205	184
131	205	23
132	205	63
133	205	58
134	205	21
135	205	71
138	205	43
139	205	164
140	205	76
141	205	125
142	205	40
147	205	90
149	205	40
150	205	68
151	205	39
152	205	103
155	205	19
157	205	86
158	205	37
159	205	38
160	205	44
161	205	43
162	205	20
163	205	32
166	205	89
167	205	27
169	205	27
170	205	44
171	205	30
174	205	77
175	205	38
176	205	84
177	205	84
178	205	52
179	205	69
180	205	33
185	205	20
188	205	36
190	205	49
192	205	52
199	205	137
200	205	89
204	205	50
205	205	46
210	205	55
216	205	82
217	205	105
219	205	83
226	205	37
227	205	60
228	205	62
229	205	53
230	205	84
231	205	111
233	205	49
236	205	109
238	205	27
239	205	85
19	204	39
26	204	44
28	204	49
29	204	41
32	204	53
35	204	23
37	204	51
39	204	77
40	204	23
42	204	108
43	204	135
44	204	18
46	204	61
47	204	27
49	204	46
52	204	65
53	204	27
55	204	51
57	204	36
58	204	113
59	204	34
61	204	102
62	204	65
63	204	57
65	204	105
67	204	125
68	204	212
70	204	32
73	204	45
74	204	72
75	204	37
76	204	224
78	204	22
82	204	9
83	204	55
84	204	67
92	204	160
96	204	48
97	204	79
104	204	41
105	204	70
106	204	51
109	204	53
112	204	42
113	204	73
116	204	61
121	204	21
122	204	151
124	204	24
126	204	64
128	204	48
129	204	74
132	204	155
133	204	45
135	204	104
136	204	108
141	204	113
142	204	69
143	204	60
144	204	18
151	204	61
152	204	23
154	204	66
157	204	15
160	204	95
161	204	206
162	204	77
163	204	41
165	204	45
167	204	34
168	204	38
169	204	52
170	204	52
171	204	27
174	204	23
175	204	52
176	204	63
177	204	69
178	204	71
179	204	57
182	204	19
184	204	56
185	204	49
186	204	48
189	204	60
190	204	68
197	204	20
199	204	80
204	204	73
205	204	40
207	204	40
216	204	89
218	204	54
220	204	65
224	204	57
225	204	55
226	204	46
227	204	82
228	204	56
229	204	98
230	204	65
231	204	93
232	204	87
233	204	51
234	204	40
236	204	98
239	204	51
240	204	50
241	204	92
13	203	184
19	203	11
20	203	45
22	203	129
26	203	32
27	203	30
28	203	45
30	203	68
33	203	81
35	203	45
38	203	76
39	203	22
40	203	77
43	203	68
46	203	51
48	203	56
50	203	42
52	203	52
53	203	67
56	203	19
57	203	42
58	203	67
59	203	53
72	203	18
73	203	90
74	203	49
75	203	60
76	203	162
77	203	52
78	203	60
80	203	57
83	203	8
84	203	64
87	203	17
88	203	43
94	203	40
97	203	25
99	203	78
100	203	37
101	203	31
104	203	60
105	203	108
112	203	64
113	203	60
114	203	61
115	203	50
116	203	67
117	203	44
118	203	34
119	203	121
120	203	48
122	203	110
123	203	89
124	203	98
126	203	56
127	203	47
129	203	17
131	203	76
134	203	117
135	203	25
136	203	20
137	203	76
138	203	147
139	203	66
140	203	26
141	203	47
143	203	140
146	203	56
147	203	19
149	203	59
150	203	125
151	203	17
152	203	62
153	203	74
154	203	80
157	203	21
160	203	49
163	203	88
164	203	101
173	203	22
174	203	117
175	203	37
177	203	12
178	203	109
179	203	55
184	203	85
188	203	60
193	203	110
195	203	53
196	203	48
197	203	96
198	203	26
203	203	41
206	203	53
216	203	48
219	203	96
225	203	40
226	203	129
227	203	52
229	203	152
230	203	69
231	203	98
232	203	84
233	203	15
235	203	161
237	203	113
239	203	41
11	202	75
13	202	52
16	202	43
21	202	56
23	202	87
24	202	64
27	202	103
33	202	23
34	202	110
35	202	81
36	202	44
37	202	39
40	202	35
41	202	31
42	202	33
45	202	94
46	202	31
48	202	85
49	202	31
50	202	80
54	202	163
57	202	22
58	202	86
60	202	90
61	202	26
62	202	139
63	202	179
64	202	96
66	202	49
70	202	40
71	202	42
72	202	45
74	202	96
76	202	147
77	202	23
78	202	54
80	202	55
81	202	64
83	202	71
89	202	105
93	202	76
94	202	56
95	202	30
98	202	38
100	202	63
101	202	46
102	202	53
105	202	29
108	202	51
109	202	88
110	202	51
111	202	212
112	202	29
113	202	16
116	202	37
117	202	146
118	202	153
120	202	108
122	202	64
123	202	89
124	202	175
125	202	330
126	202	146
127	202	64
128	202	32
129	202	62
130	202	48
131	202	69
133	202	68
134	202	13
135	202	64
136	202	77
137	202	94
138	202	102
139	202	107
140	202	60
141	202	104
143	202	47
144	202	43
148	202	42
149	202	181
150	202	70
153	202	56
156	202	34
157	202	25
162	202	25
163	202	151
170	202	16
172	202	29
173	202	167
175	202	102
177	202	30
179	202	54
182	202	47
184	202	55
185	202	79
187	202	56
188	202	99
203	202	47
204	202	90
206	202	63
207	202	50
214	202	44
215	202	54
218	202	36
219	202	102
220	202	91
221	202	43
222	202	45
223	202	72
225	202	45
226	202	111
227	202	59
228	202	60
229	202	82
230	202	159
231	202	118
232	202	75
237	202	54
238	202	15
239	202	67
243	202	70
15	201	41
20	201	26
25	201	56
32	201	27
33	201	135
34	201	33
37	201	71
38	201	84
40	201	92
42	201	65
45	201	40
47	201	57
48	201	100
49	201	129
53	201	76
56	201	49
57	201	66
58	201	35
60	201	84
62	201	27
63	201	83
64	201	46
65	201	100
68	201	31
71	201	25
72	201	92
73	201	63
74	201	211
75	201	94
80	201	11
85	201	34
87	201	109
88	201	17
93	201	145
94	201	32
95	201	79
98	201	54
99	201	20
100	201	127
101	201	30
103	201	95
104	201	30
105	201	35
106	201	70
107	201	45
108	201	19
115	201	42
117	201	54
118	201	34
119	201	132
121	201	96
122	201	96
123	201	88
124	201	47
127	201	111
128	201	47
130	201	90
131	201	154
132	201	79
133	201	46
134	201	26
135	201	64
137	201	70
138	201	84
139	201	113
141	201	87
145	201	68
146	201	63
147	201	53
148	201	81
149	201	39
150	201	68
151	201	139
152	201	29
155	201	45
159	201	17
162	201	49
163	201	32
165	201	70
167	201	67
168	201	149
170	201	43
172	201	58
174	201	34
181	201	30
182	201	15
183	201	60
185	201	116
189	201	22
190	201	42
193	201	101
204	201	135
212	201	37
214	201	22
218	201	33
219	201	114
220	201	72
221	201	65
222	201	63
224	201	15
225	201	40
226	201	79
227	201	57
228	201	13
230	201	124
231	201	122
232	201	163
233	201	70
234	201	105
235	201	45
238	201	40
12	200	20
16	200	21
17	200	22
21	200	68
30	200	38
33	200	31
40	200	54
42	200	110
44	200	36
46	200	23
47	200	25
48	200	25
50	200	71
53	200	28
55	200	52
56	200	153
57	200	22
59	200	42
61	200	62
62	200	77
63	200	122
64	200	35
65	200	96
70	200	80
72	200	94
73	200	140
74	200	115
76	200	52
78	200	21
80	200	85
82	200	82
84	200	135
91	200	64
92	200	63
96	200	48
100	200	7
108	200	84
109	200	61
112	200	80
115	200	35
118	200	60
119	200	183
120	200	38
122	200	48
123	200	71
125	200	134
126	200	61
129	200	93
131	200	81
133	200	31
134	200	58
135	200	87
138	200	144
139	200	40
141	200	150
142	200	59
145	200	70
147	200	158
151	200	35
153	200	113
155	200	54
156	200	49
159	200	62
163	200	37
165	200	34
169	200	73
172	200	68
174	200	82
175	200	111
177	200	8
184	200	84
185	200	71
187	200	66
189	200	67
190	200	56
195	200	50
199	200	60
201	200	32
205	200	70
207	200	40
208	200	119
218	200	66
219	200	52
224	200	23
225	200	47
226	200	78
227	200	15
229	200	45
231	200	45
233	200	57
234	200	47
235	200	67
237	200	80
241	200	60
16	199	21
17	199	26
19	199	52
21	199	26
22	199	40
24	199	120
27	199	57
28	199	45
37	199	32
41	199	24
43	199	69
44	199	89
45	199	45
47	199	70
48	199	56
50	199	38
51	199	82
53	199	52
55	199	72
60	199	168
61	199	63
65	199	53
67	199	19
69	199	43
70	199	70
71	199	103
72	199	53
73	199	92
74	199	44
75	199	119
80	199	162
82	199	36
83	199	88
84	199	32
85	199	24
86	199	46
87	199	64
91	199	42
95	199	64
97	199	59
109	199	46
110	199	155
113	199	82
114	199	87
115	199	27
117	199	153
120	199	19
121	199	42
122	199	57
123	199	43
124	199	62
125	199	44
126	199	54
127	199	48
128	199	40
130	199	76
132	199	50
133	199	180
134	199	112
135	199	63
137	199	39
139	199	58
141	199	31
143	199	240
144	199	34
145	199	48
147	199	82
148	199	43
151	199	36
153	199	23
154	199	75
156	199	54
157	199	48
158	199	58
159	199	27
160	199	48
161	199	52
162	199	71
164	199	97
173	199	86
174	199	68
180	199	44
185	199	37
188	199	56
192	199	69
198	199	13
199	199	77
200	199	29
207	199	54
209	199	26
210	199	54
213	199	92
216	199	62
219	199	43
220	199	41
225	199	66
227	199	90
228	199	61
229	199	90
230	199	107
231	199	30
232	199	142
234	199	50
235	199	88
237	199	75
239	199	64
242	199	63
14	198	119
19	198	54
25	198	19
27	198	103
29	198	65
30	198	40
36	198	75
37	198	45
38	198	69
46	198	48
47	198	34
52	198	95
53	198	106
56	198	46
57	198	80
58	198	16
59	198	68
60	198	95
62	198	85
63	198	56
65	198	110
66	198	74
67	198	78
68	198	209
69	198	88
70	198	89
71	198	67
72	198	59
74	198	95
75	198	99
79	198	101
80	198	41
85	198	34
87	198	72
91	198	25
97	198	24
99	198	59
101	198	80
102	198	29
104	198	36
108	198	54
109	198	57
112	198	45
113	198	65
116	198	183
117	198	71
118	198	98
119	198	52
122	198	101
124	198	63
125	198	40
126	198	70
127	198	70
128	198	42
129	198	144
130	198	40
131	198	67
132	198	109
134	198	52
135	198	166
137	198	103
139	198	70
141	198	252
143	198	60
144	198	43
146	198	85
147	198	69
148	198	49
151	198	75
153	198	15
154	198	225
155	198	63
156	198	26
157	198	46
158	198	134
160	198	63
161	198	64
163	198	28
164	198	125
167	198	76
172	198	75
174	198	64
186	198	64
195	198	82
196	198	20
204	198	58
208	198	60
209	198	86
210	198	87
213	198	100
214	198	119
215	198	51
216	198	8
218	198	126
219	198	61
220	198	55
223	198	48
225	198	29
226	198	16
227	198	44
228	198	96
230	198	45
231	198	58
233	198	69
235	198	48
236	198	70
237	198	24
239	198	77
9	197	43
11	197	52
18	197	153
25	197	66
26	197	26
28	197	61
29	197	27
32	197	59
33	197	65
38	197	73
42	197	25
44	197	158
45	197	38
47	197	82
48	197	10
49	197	39
52	197	99
53	197	90
56	197	135
57	197	136
58	197	84
60	197	61
64	197	79
65	197	132
67	197	11
68	197	90
72	197	50
76	197	38
79	197	34
84	197	127
86	197	64
87	197	53
89	197	40
93	197	70
95	197	65
99	197	51
100	197	86
103	197	90
104	197	69
109	197	51
112	197	211
113	197	100
116	197	94
117	197	48
119	197	37
121	197	80
122	197	25
123	197	151
125	197	129
127	197	63
129	197	184
132	197	79
134	197	60
135	197	105
136	197	163
138	197	94
140	197	83
141	197	174
144	197	90
146	197	32
147	197	136
149	197	218
150	197	93
151	197	85
152	197	83
153	197	70
154	197	38
155	197	14
156	197	60
157	197	78
159	197	25
162	197	156
163	197	54
164	197	30
165	197	101
168	197	65
171	197	17
172	197	37
177	197	46
178	197	88
181	197	9
189	197	27
190	197	103
192	197	30
201	197	67
210	197	50
213	197	157
215	197	23
218	197	182
219	197	102
222	197	36
226	197	59
228	197	193
230	197	5
232	197	26
234	197	90
235	197	30
236	197	29
238	197	65
240	197	42
241	197	113
242	197	76
11	196	22
13	196	67
14	196	9
17	196	71
25	196	81
28	196	55
41	196	119
42	196	26
46	196	84
47	196	78
48	196	103
49	196	86
55	196	86
56	196	63
58	196	71
59	196	75
60	196	55
62	196	56
63	196	50
64	196	101
67	196	68
70	196	116
71	196	2
79	196	27
82	196	20
83	196	142
84	196	99
85	196	40
88	196	199
90	196	46
94	196	93
99	196	17
102	196	53
103	196	67
105	196	40
111	196	62
115	196	51
116	196	64
117	196	69
118	196	114
119	196	105
121	196	31
123	196	99
124	196	71
125	196	51
126	196	71
128	196	50
129	196	53
130	196	108
131	196	50
132	196	70
133	196	106
134	196	39
136	196	17
141	196	70
142	196	56
145	196	57
146	196	65
147	196	135
148	196	95
149	196	105
153	196	30
154	196	56
155	196	176
156	196	19
157	196	61
161	196	51
162	196	81
164	196	11
167	196	58
169	196	19
181	196	15
184	196	46
185	196	82
190	196	65
192	196	64
210	196	149
213	196	40
216	196	79
219	196	85
221	196	48
223	196	131
225	196	151
228	196	64
229	196	126
230	196	85
232	196	122
233	196	20
234	196	47
237	196	108
239	196	83
10	195	31
26	195	30
32	195	54
34	195	34
39	195	59
40	195	21
44	195	30
46	195	33
47	195	69
48	195	17
51	195	40
52	195	66
54	195	112
56	195	31
59	195	163
60	195	65
61	195	89
64	195	63
65	195	54
66	195	16
67	195	76
72	195	34
75	195	125
78	195	186
80	195	78
83	195	21
87	195	47
88	195	27
89	195	47
91	195	48
98	195	66
103	195	70
105	195	72
111	195	18
112	195	25
114	195	99
115	195	93
116	195	40
117	195	33
118	195	102
119	195	72
121	195	160
122	195	48
123	195	37
124	195	81
125	195	110
126	195	165
128	195	47
129	195	125
130	195	76
131	195	37
132	195	114
134	195	40
136	195	33
137	195	41
140	195	56
141	195	103
142	195	57
143	195	37
145	195	90
147	195	19
149	195	34
150	195	40
151	195	83
153	195	37
154	195	56
155	195	69
159	195	62
161	195	40
162	195	78
163	195	97
164	195	66
167	195	216
168	195	60
169	195	140
176	195	66
178	195	46
183	195	78
185	195	56
189	195	142
192	195	82
195	195	36
198	195	43
203	195	51
204	195	26
205	195	65
206	195	66
209	195	29
210	195	55
212	195	76
216	195	20
217	195	31
219	195	49
125	245	65
127	245	81
175	245	31
183	245	12
77	244	51
100	244	72
124	244	57
128	244	68
130	244	32
136	244	65
140	244	34
149	244	30
177	244	24
178	244	35
179	244	60
189	244	49
195	244	58
36	243	21
85	243	46
90	243	35
108	243	65
109	243	61
117	243	65
118	243	58
120	243	51
127	243	66
135	243	27
139	243	34
140	243	72
141	243	66
153	243	42
164	243	55
182	243	41
191	243	43
192	243	93
200	243	65
47	242	35
55	242	73
72	242	59
73	242	19
74	242	32
86	242	57
88	242	77
90	242	57
91	242	42
100	242	36
101	242	19
107	242	14
108	242	83
109	242	90
120	242	47
125	242	30
129	242	55
131	242	66
135	242	11
136	242	63
139	242	61
147	242	40
150	242	38
165	242	57
167	242	85
170	242	63
175	242	62
177	242	49
178	242	34
179	242	58
181	242	23
30	241	25
31	241	48
45	241	60
48	241	57
74	241	30
100	241	72
103	241	43
107	241	59
110	241	145
112	241	47
116	241	25
118	241	68
119	241	24
120	241	118
122	241	27
125	241	55
129	241	85
131	241	22
135	241	66
136	241	77
139	241	22
142	241	41
154	241	47
158	241	5
162	241	51
173	241	60
174	241	59
176	241	32
177	241	52
178	241	51
179	241	80
184	241	35
187	241	40
188	241	82
203	241	30
220	241	19
221	241	46
18	240	50
23	240	19
50	240	25
54	240	62
63	240	60
69	240	80
73	240	28
78	240	66
80	240	68
94	240	26
95	240	96
96	240	52
99	240	67
101	240	23
104	240	13
108	240	56
111	240	60
117	240	61
119	240	69
121	240	67
126	240	75
129	240	54
130	240	59
135	240	60
138	240	32
141	240	101
146	240	69
149	240	123
154	240	49
170	240	56
172	240	79
173	240	62
181	240	34
184	240	76
188	240	33
193	240	34
194	240	84
200	240	44
204	240	52
205	240	139
206	240	28
210	240	67
211	240	54
225	240	78
228	240	54
18	239	22
28	239	37
38	239	62
46	239	84
60	239	22
66	239	33
67	239	20
73	239	26
75	239	49
76	239	45
85	239	49
97	239	33
100	239	36
101	239	71
102	239	16
103	239	54
107	239	53
114	239	46
117	239	53
119	239	62
129	239	50
131	239	131
132	239	73
135	239	71
136	239	21
143	239	84
147	239	84
148	239	205
151	239	45
152	239	77
153	239	48
154	239	71
156	239	13
158	239	64
164	239	103
167	239	72
172	239	90
173	239	62
177	239	68
179	239	60
181	239	45
188	239	65
191	239	125
192	239	146
196	239	86
201	239	95
202	239	30
205	239	36
224	239	34
18	238	66
55	238	74
60	238	92
70	238	53
78	238	56
80	238	27
82	238	37
88	238	73
93	238	49
95	238	94
102	238	136
104	238	92
105	238	50
106	238	60
110	238	61
112	238	28
120	238	66
121	238	49
122	238	75
129	238	14
135	238	61
140	238	79
142	238	27
146	238	32
149	238	13
152	238	31
156	238	79
163	238	25
166	238	59
168	238	22
174	238	108
175	238	80
185	238	60
186	238	69
187	238	125
188	238	68
191	238	79
192	238	140
193	238	70
195	238	91
196	238	73
197	238	44
199	238	60
201	238	26
205	238	139
211	238	35
18	237	27
22	237	50
42	237	37
44	237	51
46	237	66
67	237	65
74	237	33
75	237	29
79	237	57
84	237	39
86	237	20
97	237	43
98	237	48
102	237	86
103	237	69
105	237	48
111	237	90
115	237	23
117	237	63
120	237	146
121	237	61
127	237	53
128	237	48
131	237	96
132	237	109
137	237	26
140	237	30
142	237	47
150	237	41
151	237	129
156	237	11
160	237	19
162	237	202
163	237	40
165	237	64
171	237	76
172	237	28
177	237	28
181	237	61
184	237	57
189	237	56
191	237	136
192	237	72
194	237	62
195	237	13
196	237	69
197	237	56
198	237	95
200	237	77
205	237	15
211	237	60
214	237	50
215	237	62
216	237	16
220	237	72
17	236	51
29	236	38
34	236	52
37	236	44
48	236	85
51	236	57
54	236	31
57	236	104
59	236	31
68	236	37
71	236	60
74	236	56
76	236	54
77	236	25
78	236	51
85	236	67
87	236	20
93	236	67
95	236	67
100	236	84
102	236	76
104	236	20
106	236	106
108	236	98
109	236	65
110	236	46
112	236	60
113	236	42
115	236	95
118	236	22
119	236	33
120	236	76
121	236	72
123	236	36
127	236	52
129	236	62
130	236	151
133	236	52
134	236	49
135	236	43
139	236	37
150	236	89
164	236	39
166	236	63
171	236	63
173	236	42
174	236	75
179	236	107
181	236	44
184	236	15
185	236	32
186	236	124
188	236	74
191	236	70
192	236	74
194	236	11
195	236	79
197	236	55
199	236	136
201	236	9
208	236	90
209	236	127
210	236	99
211	236	114
219	236	23
222	236	35
224	236	7
237	236	10
31	235	59
37	235	32
49	235	22
57	235	19
63	235	73
67	235	70
84	235	59
85	235	91
86	235	156
90	235	64
91	235	39
94	235	126
98	235	45
100	235	37
101	235	75
102	235	41
103	235	167
106	235	147
107	235	20
109	235	56
110	235	45
112	235	28
118	235	51
120	235	114
122	235	49
125	235	45
127	235	40
129	235	30
132	235	118
133	235	49
136	235	33
137	235	76
139	235	59
142	235	41
146	235	90
147	235	68
148	235	128
149	235	26
150	235	22
155	235	52
162	235	22
166	235	43
167	235	18
170	235	102
174	235	41
177	235	61
178	235	41
179	235	21
185	235	65
187	235	82
188	235	107
192	235	143
193	235	28
197	235	53
198	235	75
200	235	84
201	235	55
211	235	64
214	235	30
216	235	31
222	235	78
28	234	76
37	234	39
41	234	12
56	234	78
58	234	42
59	234	24
71	234	21
76	234	41
79	234	29
81	234	43
86	234	53
93	234	44
94	234	122
97	234	45
99	234	54
100	234	86
101	234	37
102	234	165
103	234	21
104	234	127
106	234	46
107	234	186
109	234	29
110	234	62
111	234	58
112	234	38
113	234	40
119	234	54
120	234	41
121	234	40
122	234	99
124	234	105
125	234	103
126	234	101
130	234	27
132	234	95
135	234	64
136	234	84
137	234	68
138	234	101
141	234	78
142	234	38
144	234	110
145	234	119
146	234	65
153	234	34
160	234	33
162	234	48
164	234	87
165	234	54
167	234	150
171	234	59
172	234	60
173	234	88
180	234	85
181	234	63
182	234	42
183	234	104
184	234	62
191	234	26
192	234	62
194	234	49
195	234	126
199	234	39
200	234	51
202	234	64
205	234	161
215	234	27
226	234	33
47	233	6
53	233	59
63	233	15
65	233	49
73	233	23
77	233	31
91	233	58
93	233	34
94	233	89
95	233	49
98	233	43
99	233	279
101	233	101
102	233	69
104	233	39
105	233	51
107	233	18
108	233	72
109	233	126
110	233	31
113	233	44
117	233	89
119	233	77
122	233	62
124	233	31
125	233	115
126	233	63
127	233	77
128	233	66
129	233	77
130	233	86
131	233	88
132	233	48
136	233	70
137	233	44
139	233	86
145	233	42
149	233	63
150	233	58
151	233	165
157	233	44
158	233	30
168	233	68
170	233	49
171	233	30
172	233	32
178	233	24
180	233	50
182	233	90
189	233	40
190	233	93
191	233	49
193	233	81
194	233	84
195	233	83
197	233	79
198	233	157
199	233	86
200	233	67
202	233	29
205	233	74
213	233	34
222	233	60
238	233	5
26	232	67
30	232	51
44	232	87
45	232	68
48	232	70
49	232	76
54	232	47
66	232	110
68	232	31
73	232	57
79	232	15
80	232	109
81	232	41
82	232	51
86	232	51
88	232	158
90	232	16
92	232	69
93	232	115
94	232	65
95	232	33
97	232	29
98	232	79
99	232	130
101	232	147
102	232	159
104	232	63
106	232	47
110	232	64
112	232	62
113	232	86
114	232	100
115	232	85
116	232	61
118	232	12
119	232	31
120	232	76
121	232	113
122	232	203
127	232	44
128	232	78
129	232	14
130	232	101
131	232	52
134	232	106
135	232	34
137	232	80
139	232	67
140	232	125
151	232	17
152	232	70
154	232	44
157	232	41
158	232	94
161	232	67
166	232	17
170	232	95
172	232	14
178	232	46
179	232	24
183	232	48
185	232	16
188	232	36
190	232	128
192	232	46
193	232	45
194	232	26
195	232	6
196	232	84
197	232	116
199	232	92
200	232	83
203	232	34
206	232	58
207	232	40
210	232	81
213	232	63
214	232	76
217	232	26
218	232	58
54	231	46
56	231	69
60	231	26
64	231	29
68	231	104
69	231	60
75	231	42
82	231	36
83	231	30
85	231	40
87	231	50
88	231	46
93	231	39
94	231	113
96	231	25
97	231	45
99	231	65
100	231	90
101	231	119
104	231	22
107	231	47
108	231	43
109	231	90
110	231	104
111	231	108
112	231	28
113	231	111
115	231	95
116	231	66
117	231	32
120	231	63
121	231	80
123	231	120
128	231	68
130	231	70
131	231	56
133	231	21
134	231	145
138	231	69
145	231	93
149	231	112
152	231	102
153	231	71
156	231	98
160	231	74
167	231	83
169	231	21
170	231	62
174	231	35
181	231	45
184	231	32
185	231	36
186	231	79
190	231	40
191	231	38
192	231	48
196	231	97
197	231	57
198	231	76
203	231	24
208	231	60
211	231	65
215	231	50
216	231	33
217	231	68
221	231	27
222	231	18
224	231	101
237	231	54
17	230	65
23	230	63
44	230	79
49	230	54
53	230	70
54	230	64
66	230	21
67	230	78
68	230	84
75	230	58
76	230	34
80	230	68
85	230	36
93	230	26
94	230	49
97	230	37
98	230	30
101	230	28
102	230	55
104	230	93
105	230	48
106	230	199
107	230	121
108	230	162
109	230	51
110	230	76
113	230	217
119	230	151
120	230	29
123	230	61
125	230	75
127	230	36
131	230	60
134	230	40
136	230	88
138	230	58
140	230	59
141	230	66
147	230	73
152	230	36
155	230	119
157	230	49
161	230	84
163	230	44
164	230	88
165	230	7
166	230	62
170	230	36
175	230	51
178	230	65
179	230	79
181	230	62
182	230	61
185	230	45
193	230	40
197	230	112
201	230	58
203	230	58
206	230	40
210	230	73
20	229	2
22	229	59
28	229	59
29	229	78
43	229	35
49	229	122
55	229	45
59	229	37
61	229	46
68	229	130
69	229	55
70	229	51
72	229	106
76	229	89
78	229	66
79	229	39
80	229	36
88	229	64
96	229	86
97	229	46
98	229	66
100	229	45
101	229	113
103	229	75
104	229	26
105	229	55
107	229	25
108	229	14
109	229	96
110	229	137
111	229	149
113	229	64
118	229	61
120	229	25
122	229	80
126	229	30
127	229	45
128	229	96
129	229	22
130	229	46
131	229	52
132	229	25
133	229	12
135	229	141
137	229	31
140	229	44
145	229	36
146	229	54
147	229	123
150	229	150
158	229	62
159	229	71
160	229	67
162	229	66
163	229	49
166	229	48
169	229	23
171	229	64
173	229	49
177	229	42
179	229	14
181	229	44
188	229	30
189	229	116
190	229	13
191	229	90
192	229	110
196	229	41
199	229	45
200	229	67
201	229	86
202	229	59
205	229	58
208	229	77
214	229	115
227	229	61
230	229	70
12	228	70
20	228	41
26	228	42
27	228	56
38	228	77
48	228	40
50	228	108
54	228	116
55	228	37
57	228	69
63	228	38
65	228	38
66	228	29
68	228	40
75	228	87
76	228	42
80	228	87
81	228	52
82	228	75
93	228	63
95	228	86
98	228	56
100	228	19
101	228	175
104	228	50
106	228	233
108	228	29
110	228	168
112	228	46
113	228	53
115	228	104
117	228	21
119	228	27
121	228	138
122	228	114
123	228	36
124	228	28
125	228	42
126	228	50
127	228	56
128	228	49
129	228	113
130	228	64
134	228	57
135	228	75
138	228	35
140	228	87
142	228	40
146	228	49
150	228	39
151	228	51
156	228	49
159	228	60
164	228	77
166	228	40
169	228	69
171	228	88
172	228	57
175	228	8
177	228	57
179	228	117
182	228	37
183	228	157
185	228	36
187	228	157
188	228	174
191	228	41
193	228	122
195	228	66
197	228	57
199	228	111
200	228	1
201	228	169
202	228	54
203	228	86
213	228	85
214	228	62
19	227	88
20	227	53
42	227	59
48	227	22
50	227	36
55	227	41
57	227	104
58	227	25
59	227	43
60	227	62
63	227	89
64	227	44
66	227	20
67	227	42
80	227	58
81	227	66
82	227	41
86	227	58
90	227	9
97	227	53
98	227	113
100	227	52
101	227	105
102	227	156
103	227	90
104	227	114
105	227	110
106	227	72
107	227	21
108	227	69
109	227	59
110	227	183
111	227	54
112	227	57
113	227	48
114	227	46
119	227	48
120	227	34
121	227	106
123	227	89
124	227	104
125	227	67
127	227	53
128	227	73
132	227	43
134	227	144
135	227	127
137	227	54
140	227	61
141	227	43
146	227	95
149	227	20
150	227	84
151	227	39
152	227	54
154	227	104
155	227	41
159	227	53
163	227	66
166	227	40
167	227	224
168	227	16
169	227	38
170	227	99
172	227	51
174	227	49
176	227	60
179	227	42
182	227	50
184	227	77
185	227	31
189	227	117
190	227	175
191	227	103
192	227	183
195	227	22
197	227	77
198	227	30
199	227	48
203	227	60
205	227	101
206	227	88
208	227	77
209	227	59
212	227	122
213	227	101
215	227	59
216	227	25
222	227	23
15	226	44
43	226	45
52	226	23
57	226	59
69	226	68
70	226	38
71	226	56
72	226	45
73	226	120
78	226	51
80	226	133
92	226	88
93	226	91
98	226	22
104	226	63
105	226	82
107	226	126
108	226	82
109	226	43
111	226	45
112	226	38
115	226	87
116	226	43
118	226	33
121	226	55
122	226	125
123	226	58
124	226	170
125	226	68
127	226	85
128	226	52
129	226	22
130	226	64
131	226	48
133	226	19
135	226	138
136	226	53
138	226	102
139	226	35
140	226	55
# chipNumber: 4
# chipName:   G 10 W69
# numHits:    25
160	176	15
10	156	102
16	156	36
19	154	37
28	150	49
27	149	103
13	147	34
39	146	49
14	139	39
24	138	59
15	135	54
12	133	59
12	131	55
36	126	95
23	125	62
39	125	67
23	123	43
38	122	56
22	114	81
9	112	28
14	112	106
20	112	67
9	109	79
17	108	63
9	106	20
# chipNumber: 5
# chipName:   D 9 W69
# numHits:    0
# chipNumber: 6
# chipName:   L 8 W69
# numHits:    2
166	233	11810
234	203	11810
