## [General]
## runNumber:        241
## runTime:       	 7200
## runTimeFrames: 	 0
## pathName:         data/runs/Run_241_181022-16-16
## dateTime:         2018-10-22.17:23:33
## numChips:         7
## shutterTime:      30
## shutterMode:      verylong
## runMode:          0
## fastClock:        0
## externalTrigger:  0
## [Event]
## eventNumber:      5311
## useHvFadc:    	 1
## fadcReadout:    	 1
## szint1ClockInt:	 0
## szint2ClockInt:	 0
## fadcTriggerClock: 0
# chipNumber: 0
# chipName:   E 6 W69
# numHits:    99
114	122	48
72	121	34
73	118	38
49	117	10
77	112	41
95	112	61
85	111	9
76	109	33
69	108	25
74	108	47
101	108	38
103	106	7
67	104	34
74	104	58
101	104	32
134	104	40
73	103	29
103	103	51
133	103	43
72	102	64
63	101	68
73	101	63
64	100	47
73	100	34
90	100	20
113	100	34
102	99	51
73	98	42
84	98	19
85	98	44
82	96	21
64	94	26
86	94	52
102	94	23
103	94	72
104	94	27
62	93	47
72	93	31
90	93	79
76	92	69
77	92	50
102	92	40
76	91	42
77	91	69
76	90	59
77	90	23
80	90	75
58	89	45
107	89	41
115	88	21
93	87	44
84	86	2
59	85	46
114	85	35
83	84	70
95	84	43
52	83	37
98	83	40
72	82	25
93	82	42
110	82	32
68	81	45
98	81	51
101	81	40
92	79	37
102	79	40
138	79	48
87	78	50
124	78	26
44	77	16
83	77	29
89	76	33
99	76	32
102	76	63
90	74	45
90	73	24
72	72	13
79	72	44
110	72	76
126	72	50
89	71	19
70	70	65
88	70	55
48	68	35
76	68	49
91	68	30
93	68	15
71	65	34
82	64	67
72	63	29
88	63	29
85	62	40
92	60	56
102	60	54
103	60	41
70	57	42
76	55	47
94	54	5
105	52	62
# chipNumber: 1
# chipName:   K 6 W69
# numHits:    0
# chipNumber: 2
# chipName:   H 9 W69
# numHits:    29
239	178	61
237	161	55
239	160	59
222	155	63
222	152	105
242	152	35
245	148	39
244	147	59
241	146	57
241	145	59
245	141	57
246	141	41
247	140	52
245	137	18
241	135	62
247	134	92
243	132	58
243	130	50
240	128	118
244	128	20
244	124	90
248	119	26
244	111	30
245	106	123
243	101	24
247	96	57
247	94	82
242	84	17
242	52	64
# chipNumber: 3
# chipName:   H 10 W69
# numHits:    19853
137	191	52
138	191	139
139	191	95
140	191	245
142	191	86
143	191	85
144	191	61
146	191	59
147	191	170
148	191	120
150	191	110
152	191	46
155	191	73
159	191	13
160	191	83
162	191	25
165	191	60
172	191	30
175	191	44
177	191	34
180	191	45
184	191	142
186	191	82
187	191	65
189	191	109
194	191	72
198	191	109
200	191	83
204	191	59
207	191	15
208	191	54
210	191	126
212	191	51
213	191	86
219	191	76
224	191	44
228	191	28
229	191	19
235	191	58
246	191	47
31	190	26
32	190	30
40	190	88
45	190	57
50	190	101
56	190	46
57	190	47
61	190	78
65	190	130
66	190	169
67	190	16
71	190	66
76	190	116
79	190	55
80	190	68
81	190	69
82	190	42
83	190	135
85	190	323
87	190	20
88	190	19
90	190	145
91	190	44
92	190	103
93	190	13
95	190	52
99	190	57
100	190	82
102	190	32
103	190	67
104	190	28
107	190	70
110	190	47
112	190	49
113	190	49
115	190	36
116	190	33
117	190	30
119	190	142
120	190	119
121	190	89
122	190	23
123	190	141
124	190	120
125	190	89
126	190	39
127	190	104
129	190	129
130	190	143
131	190	58
134	190	95
135	190	146
136	190	203
137	190	112
138	190	53
139	190	49
141	190	90
142	190	40
144	190	81
145	190	91
149	190	36
150	190	78
151	190	26
153	190	115
154	190	33
170	190	40
183	190	67
187	190	97
188	190	181
190	190	23
191	190	34
192	190	31
196	190	21
197	190	71
199	190	28
204	190	40
207	190	44
209	190	68
213	190	61
215	190	12
218	190	30
220	190	21
223	190	57
237	190	52
25	189	74
27	189	34
33	189	34
36	189	68
37	189	57
39	189	63
42	189	19
45	189	18
47	189	57
49	189	76
52	189	55
57	189	27
61	189	33
62	189	97
63	189	114
64	189	43
65	189	16
68	189	77
69	189	74
72	189	22
73	189	116
74	189	79
75	189	45
78	189	30
81	189	122
82	189	103
84	189	164
85	189	89
86	189	122
87	189	60
88	189	52
89	189	31
90	189	189
91	189	14
92	189	13
93	189	65
94	189	107
97	189	91
98	189	74
100	189	37
101	189	98
102	189	158
103	189	213
105	189	13
106	189	23
107	189	30
108	189	52
109	189	65
110	189	48
111	189	147
112	189	37
113	189	57
114	189	40
116	189	57
117	189	32
118	189	107
119	189	62
120	189	158
121	189	92
122	189	58
123	189	64
125	189	197
126	189	106
128	189	59
129	189	56
131	189	61
132	189	150
133	189	92
134	189	193
135	189	172
136	189	117
137	189	75
138	189	93
139	189	10
140	189	164
141	189	59
145	189	105
147	189	57
149	189	44
151	189	82
152	189	51
154	189	120
156	189	56
157	189	29
158	189	60
183	189	52
184	189	42
187	189	36
188	189	36
190	189	87
192	189	70
195	189	39
196	189	58
200	189	79
203	189	83
211	189	38
212	189	32
213	189	62
220	189	15
224	189	34
228	189	65
229	189	72
235	189	87
21	188	48
22	188	26
24	188	31
31	188	76
32	188	51
33	188	49
34	188	152
35	188	83
38	188	135
40	188	67
41	188	11
42	188	106
47	188	121
48	188	50
51	188	73
53	188	78
56	188	63
57	188	39
60	188	22
61	188	17
62	188	67
65	188	36
66	188	75
68	188	22
69	188	103
72	188	34
74	188	69
75	188	153
77	188	49
78	188	93
79	188	65
81	188	55
82	188	15
84	188	24
86	188	99
87	188	71
88	188	42
89	188	85
90	188	33
92	188	22
94	188	59
96	188	63
97	188	13
99	188	27
102	188	148
104	188	72
106	188	23
107	188	75
109	188	125
112	188	83
114	188	60
115	188	199
116	188	80
117	188	80
118	188	134
119	188	175
121	188	116
122	188	109
123	188	125
124	188	51
126	188	70
127	188	87
128	188	83
129	188	134
130	188	97
131	188	75
132	188	137
135	188	36
136	188	132
137	188	14
138	188	107
139	188	41
141	188	110
144	188	95
146	188	51
150	188	129
151	188	75
153	188	24
154	188	70
157	188	64
158	188	139
163	188	27
164	188	17
165	188	55
170	188	74
174	188	29
182	188	62
184	188	52
192	188	51
194	188	15
199	188	31
200	188	49
204	188	65
208	188	52
209	188	105
213	188	36
218	188	65
222	188	58
236	188	65
22	187	64
24	187	25
32	187	66
36	187	58
38	187	41
41	187	87
42	187	44
46	187	73
47	187	104
50	187	85
51	187	174
52	187	82
55	187	37
61	187	48
62	187	59
65	187	30
68	187	53
72	187	63
74	187	119
75	187	38
77	187	40
78	187	135
79	187	76
81	187	101
82	187	52
83	187	126
84	187	141
87	187	76
88	187	92
89	187	100
90	187	88
91	187	161
93	187	32
94	187	41
96	187	15
97	187	31
98	187	136
99	187	65
100	187	83
104	187	28
105	187	56
106	187	73
107	187	67
109	187	43
111	187	46
112	187	11
114	187	187
115	187	194
116	187	78
119	187	75
120	187	155
122	187	71
123	187	29
124	187	139
126	187	44
127	187	68
129	187	62
130	187	49
131	187	101
132	187	188
134	187	22
137	187	59
138	187	136
139	187	232
143	187	56
147	187	17
151	187	51
154	187	41
156	187	111
157	187	53
162	187	105
164	187	39
166	187	68
178	187	72
182	187	94
185	187	18
194	187	48
195	187	62
197	187	78
206	187	25
208	187	42
210	187	42
216	187	17
218	187	20
219	187	24
221	187	70
225	187	26
230	187	28
232	187	51
17	186	40
22	186	40
28	186	67
30	186	42
32	186	50
34	186	18
35	186	38
36	186	40
39	186	37
43	186	69
45	186	21
54	186	43
56	186	56
60	186	50
61	186	87
64	186	68
65	186	131
68	186	20
69	186	77
70	186	65
71	186	29
72	186	57
76	186	90
77	186	67
78	186	65
80	186	231
81	186	175
83	186	108
84	186	105
86	186	48
88	186	112
89	186	79
90	186	37
91	186	80
92	186	119
93	186	68
95	186	126
98	186	78
99	186	184
100	186	157
101	186	100
103	186	43
104	186	61
108	186	90
109	186	167
112	186	109
113	186	21
114	186	55
115	186	84
117	186	83
118	186	42
119	186	123
120	186	94
122	186	149
123	186	66
124	186	201
125	186	221
126	186	59
127	186	53
128	186	111
129	186	58
131	186	228
132	186	98
133	186	106
134	186	41
135	186	198
136	186	72
137	186	123
138	186	160
139	186	112
140	186	23
142	186	60
145	186	15
148	186	50
149	186	61
150	186	40
151	186	101
152	186	15
153	186	108
155	186	38
157	186	32
164	186	59
165	186	77
171	186	35
174	186	54
185	186	25
188	186	69
190	186	85
192	186	14
198	186	34
206	186	92
208	186	38
215	186	95
219	186	154
221	186	39
226	186	117
18	185	74
21	185	51
25	185	52
31	185	70
33	185	23
34	185	52
45	185	65
47	185	77
50	185	112
53	185	30
54	185	65
56	185	32
57	185	20
59	185	77
66	185	98
67	185	18
68	185	62
69	185	48
70	185	54
71	185	75
72	185	44
73	185	67
74	185	23
75	185	58
76	185	79
77	185	93
78	185	93
79	185	102
80	185	155
81	185	50
85	185	119
86	185	63
88	185	42
90	185	153
94	185	147
95	185	43
96	185	54
97	185	36
98	185	8
99	185	108
101	185	80
102	185	54
108	185	213
109	185	38
111	185	126
112	185	38
113	185	147
115	185	27
116	185	31
118	185	91
120	185	125
121	185	139
122	185	38
123	185	81
125	185	61
126	185	109
127	185	71
128	185	143
129	185	54
131	185	42
132	185	136
133	185	44
134	185	144
135	185	36
137	185	73
142	185	102
143	185	11
144	185	60
146	185	77
148	185	76
152	185	38
153	185	28
154	185	146
155	185	134
157	185	53
158	185	50
167	185	33
169	185	33
175	185	25
185	185	65
203	185	70
210	185	34
214	185	92
216	185	115
217	185	59
218	185	106
222	185	111
226	185	24
227	185	118
234	185	60
235	185	86
24	184	58
25	184	27
30	184	75
31	184	31
32	184	65
34	184	54
35	184	105
42	184	43
44	184	49
45	184	65
46	184	59
49	184	37
51	184	47
53	184	72
59	184	81
61	184	84
63	184	29
66	184	38
67	184	69
68	184	37
74	184	78
79	184	105
80	184	218
81	184	74
83	184	112
105	244	40
110	244	5
118	244	32
121	244	43
128	244	77
155	244	76
164	244	33
69	243	16
94	243	46
97	243	70
100	243	69
119	243	57
127	243	63
143	243	73
145	243	145
146	243	68
167	243	31
47	242	51
52	242	39
69	242	74
72	242	36
113	242	42
115	242	57
117	242	48
118	242	27
120	242	45
121	242	63
127	242	41
135	242	90
137	242	48
140	242	68
147	242	54
182	242	51
203	242	24
214	242	38
32	241	24
45	241	57
63	241	65
65	241	38
67	241	14
72	241	29
97	241	28
101	241	21
108	241	48
110	241	20
114	241	52
120	241	58
124	241	27
133	241	99
135	241	108
138	241	95
141	241	7
162	241	61
29	240	64
54	240	36
75	240	52
85	240	47
92	240	46
94	240	66
100	240	45
106	240	46
109	240	30
110	240	98
121	240	81
124	240	74
132	240	61
138	240	21
160	240	31
194	240	43
29	239	14
50	239	105
51	239	3
52	239	57
64	239	48
80	239	50
91	239	90
101	239	71
102	239	74
105	239	45
106	239	157
107	239	76
111	239	56
112	239	61
120	239	68
152	239	55
153	239	51
156	239	57
159	239	27
175	239	48
187	239	21
226	239	77
38	238	44
44	238	41
59	238	29
83	238	39
84	238	37
88	238	60
94	238	29
98	238	74
102	238	50
103	238	71
105	238	88
107	238	49
110	238	40
117	238	59
123	238	89
135	238	87
146	238	88
152	238	18
153	238	67
154	238	88
158	238	67
159	238	66
202	238	59
203	238	27
221	238	12
227	238	44
236	238	90
33	237	30
35	237	45
44	237	53
57	237	64
58	237	16
65	237	36
88	237	190
89	237	78
90	237	31
91	237	48
92	237	83
94	237	58
104	237	61
110	237	47
113	237	48
116	237	44
123	237	47
125	237	24
126	237	55
128	237	26
132	237	52
138	237	75
140	237	70
144	237	17
146	237	45
151	237	62
152	237	42
154	237	93
156	237	21
162	237	48
197	237	66
203	237	62
208	237	21
214	237	98
226	237	128
227	237	108
27	236	50
34	236	63
35	236	54
48	236	24
52	236	41
65	236	45
70	236	49
76	236	36
81	236	73
82	236	85
84	236	62
102	236	64
103	236	31
104	236	89
106	236	78
107	236	60
109	236	71
110	236	40
112	236	19
113	236	33
120	236	54
123	236	78
126	236	72
135	236	71
138	236	100
139	236	56
145	236	30
148	236	40
152	236	53
154	236	28
160	236	72
163	236	64
172	236	51
176	236	53
196	236	96
214	236	89
215	236	17
43	235	80
66	235	48
85	235	62
87	235	61
89	235	68
97	235	34
99	235	37
101	235	95
115	235	71
118	235	120
130	235	74
133	235	44
135	235	23
138	235	88
154	235	69
158	235	19
162	235	44
173	235	82
203	235	76
208	235	49
211	235	39
214	235	18
221	235	50
230	235	13
33	234	65
35	234	64
48	234	186
49	234	27
50	234	9
54	234	74
82	234	94
92	234	56
93	234	65
94	234	71
95	234	122
100	234	37
101	234	61
103	234	66
105	234	77
106	234	82
107	234	58
108	234	69
109	234	19
110	234	50
113	234	70
116	234	98
120	234	108
121	234	49
123	234	57
127	234	60
133	234	70
139	234	39
141	234	132
142	234	64
144	234	57
149	234	95
160	234	65
162	234	89
163	234	51
168	234	57
176	234	56
179	234	55
182	234	70
207	234	56
212	234	57
224	234	110
71	233	58
87	233	49
94	233	41
98	233	74
107	233	50
109	233	63
112	233	65
113	233	57
114	233	31
119	233	79
120	233	23
124	233	52
129	233	18
139	233	83
140	233	159
142	233	53
143	233	35
144	233	28
146	233	42
150	233	75
153	233	96
155	233	79
157	233	31
159	233	87
163	233	21
174	233	61
178	233	54
189	233	52
219	233	61
221	233	59
238	233	13
32	232	29
41	232	60
52	232	41
62	232	33
65	232	50
67	232	43
68	232	27
83	232	30
89	232	85
93	232	29
100	232	94
104	232	39
110	232	54
113	232	150
114	232	75
115	232	78
117	232	24
120	232	62
121	232	50
125	232	56
126	232	46
132	232	21
136	232	54
138	232	128
145	232	127
148	232	54
149	232	66
156	232	62
160	232	65
162	232	69
163	232	17
165	232	69
177	232	44
181	232	27
193	232	28
210	232	51
215	232	14
218	232	78
219	232	37
227	232	40
11	231	71
38	231	23
49	231	64
60	231	74
72	231	62
76	231	70
77	231	11
85	231	51
86	231	97
87	231	63
89	231	68
92	231	78
100	231	57
102	231	46
109	231	77
110	231	57
111	231	51
112	231	113
114	231	67
120	231	111
121	231	51
122	231	23
127	231	24
133	231	135
144	231	48
151	231	54
164	231	49
165	231	50
166	231	35
179	231	122
190	231	42
194	231	75
198	231	75
206	231	18
213	231	25
215	231	25
227	231	18
34	230	83
42	230	13
75	230	42
76	230	112
77	230	43
79	230	14
80	230	63
83	230	27
86	230	93
87	230	70
89	230	89
101	230	28
102	230	62
103	230	39
109	230	60
114	230	25
118	230	48
122	230	76
125	230	104
136	230	28
137	230	87
138	230	47
152	230	73
153	230	73
154	230	92
159	230	39
160	230	77
171	230	74
173	230	86
177	230	75
181	230	26
185	230	25
187	230	33
194	230	18
206	230	67
207	230	104
211	230	20
217	230	22
242	230	67
52	229	45
54	229	65
61	229	96
62	229	54
76	229	42
80	229	112
84	229	83
85	229	50
87	229	92
92	229	48
94	229	70
95	229	16
98	229	38
101	229	78
102	229	27
106	229	28
109	229	49
113	229	19
117	229	150
118	229	104
121	229	129
123	229	51
125	229	47
126	229	60
136	229	94
137	229	89
144	229	30
145	229	23
152	229	30
153	229	65
161	229	126
177	229	45
181	229	27
190	229	37
206	229	45
212	229	19
225	229	49
227	229	53
61	228	43
69	228	97
71	228	28
74	228	59
75	228	24
82	228	122
86	228	87
92	228	74
93	228	70
94	228	57
95	228	54
98	228	85
99	228	30
101	228	140
102	228	52
104	228	137
107	228	61
110	228	90
111	228	48
112	228	60
114	228	110
117	228	48
121	228	27
124	228	66
125	228	141
126	228	79
132	228	70
139	228	40
140	228	60
146	228	33
152	228	115
159	228	43
160	228	77
166	228	34
167	228	123
170	228	49
176	228	74
177	228	34
185	228	115
189	228	63
190	228	70
191	228	72
201	228	7
207	228	39
214	228	46
224	228	22
16	227	60
24	227	41
46	227	43
48	227	70
56	227	47
64	227	45
69	227	55
75	227	54
80	227	35
81	227	54
83	227	104
85	227	42
86	227	171
87	227	70
95	227	59
97	227	54
102	227	63
103	227	38
104	227	75
106	227	51
114	227	59
116	227	50
117	227	43
119	227	108
121	227	37
122	227	47
124	227	22
130	227	12
138	227	36
141	227	30
146	227	80
151	227	52
158	227	45
169	227	63
170	227	43
181	227	55
184	227	95
194	227	54
211	227	40
214	227	50
215	227	32
223	227	65
26	226	46
55	226	71
56	226	86
66	226	47
68	226	82
70	226	43
72	226	27
75	226	63
78	226	39
80	226	52
86	226	99
88	226	19
89	226	51
92	226	58
93	226	39
97	226	24
102	226	71
105	226	38
106	226	33
107	226	51
109	226	116
112	226	83
115	226	40
116	226	43
117	226	49
118	226	60
121	226	25
122	226	56
125	226	22
131	226	39
133	226	30
134	226	41
135	226	30
136	226	52
140	226	56
142	226	27
153	226	51
157	226	27
162	226	58
168	226	57
171	226	84
181	226	59
182	226	50
184	226	30
185	226	52
199	226	90
201	226	56
203	226	50
217	226	38
230	226	56
242	226	94
16	225	77
21	225	22
22	225	63
32	225	71
40	225	72
41	225	42
47	225	37
52	225	49
58	225	91
63	225	12
80	225	70
82	225	52
85	225	73
87	225	97
88	225	85
89	225	13
91	225	42
93	225	62
96	225	127
97	225	24
98	225	49
99	225	19
102	225	12
104	225	11
105	225	55
106	225	43
107	225	74
111	225	98
112	225	87
113	225	14
114	225	147
117	225	35
124	225	90
130	225	108
133	225	37
134	225	64
135	225	34
136	225	59
138	225	79
144	225	137
145	225	61
154	225	78
159	225	13
169	225	50
182	225	42
199	225	51
212	225	26
213	225	103
221	225	14
227	225	56
18	224	65
34	224	34
50	224	63
52	224	49
53	224	45
65	224	42
68	224	34
73	224	58
74	224	47
75	224	41
76	224	25
77	224	39
78	224	54
79	224	70
80	224	37
84	224	31
85	224	49
87	224	107
88	224	54
89	224	33
90	224	62
92	224	94
98	224	79
100	224	109
103	224	19
105	224	45
106	224	37
107	224	79
110	224	40
111	224	86
114	224	41
115	224	57
117	224	27
118	224	57
119	224	57
120	224	54
121	224	65
122	224	93
128	224	30
134	224	69
135	224	67
136	224	53
137	224	47
139	224	163
140	224	77
151	224	42
159	224	93
168	224	61
179	224	25
180	224	34
183	224	23
194	224	42
198	224	38
201	224	44
210	224	49
211	224	106
217	224	120
223	224	63
225	224	71
227	224	123
231	224	23
36	223	90
47	223	38
51	223	84
64	223	39
74	223	56
75	223	55
85	223	147
94	223	50
98	223	106
104	223	40
109	223	38
111	223	48
114	223	84
118	223	41
120	223	58
122	223	89
128	223	35
129	223	18
130	223	47
132	223	101
133	223	26
145	223	54
152	223	42
153	223	35
154	223	42
158	223	43
165	223	140
181	223	79
183	223	26
187	223	79
189	223	77
195	223	22
198	223	42
201	223	68
217	223	20
225	223	37
227	223	52
228	223	6
232	223	41
236	223	79
244	223	76
21	222	34
31	222	48
35	222	47
38	222	34
40	222	5
45	222	37
47	222	3
51	222	91
52	222	22
56	222	32
59	222	39
68	222	38
69	222	26
71	222	48
79	222	65
81	222	87
87	222	62
89	222	49
90	222	135
91	222	69
93	222	40
94	222	38
102	222	57
103	222	111
106	222	76
108	222	51
110	222	47
113	222	45
115	222	29
116	222	111
120	222	118
121	222	14
123	222	35
124	222	92
128	222	62
129	222	58
130	222	93
133	222	100
136	222	39
137	222	80
139	222	26
142	222	27
144	222	87
146	222	66
151	222	69
170	222	30
180	222	68
183	222	9
189	222	61
192	222	86
193	222	48
195	222	74
199	222	29
201	222	45
205	222	41
210	222	75
219	222	40
223	222	38
226	222	50
229	222	32
230	222	36
244	222	49
24	221	17
32	221	56
34	221	53
37	221	48
38	221	77
39	221	134
43	221	107
44	221	25
47	221	81
50	221	37
51	221	21
57	221	26
60	221	20
67	221	19
68	221	86
69	221	34
70	221	49
74	221	59
78	221	41
79	221	62
81	221	55
82	221	79
84	221	51
89	221	12
91	221	83
94	221	51
105	221	164
106	221	77
110	221	81
111	221	69
114	221	41
115	221	40
116	221	59
119	221	71
125	221	45
127	221	68
128	221	38
132	221	75
134	221	48
139	221	51
141	221	49
142	221	65
143	221	29
153	221	72
154	221	210
155	221	79
156	221	48
157	221	23
158	221	60
179	221	39
182	221	59
194	221	53
202	221	35
207	221	84
208	221	86
209	221	62
210	221	33
211	221	79
225	221	46
235	221	85
28	220	111
41	220	84
50	220	41
53	220	83
56	220	3
71	220	81
72	220	64
73	220	38
74	220	29
75	220	77
81	220	83
82	220	51
83	220	62
84	220	9
86	220	24
94	220	54
95	220	8
96	220	52
98	220	85
101	220	149
102	220	65
103	220	37
105	220	26
114	220	30
115	220	92
120	220	52
126	220	85
128	220	84
129	220	44
132	220	55
134	220	100
137	220	36
139	220	104
141	220	52
142	220	48
147	220	93
148	220	58
153	220	77
154	220	37
157	220	41
161	220	21
182	220	112
190	220	50
196	220	77
208	220	49
212	220	42
213	220	81
214	220	33
228	220	30
239	220	61
244	220	43
20	219	21
23	219	62
29	219	54
32	219	84
33	219	24
34	219	90
37	219	30
40	219	80
41	219	74
42	219	73
44	219	76
48	219	78
52	219	62
54	219	55
63	219	67
67	219	40
68	219	58
75	219	44
77	219	31
80	219	57
83	219	83
86	219	87
87	219	31
90	219	12
92	219	93
93	219	26
97	219	62
99	219	20
102	219	36
104	219	84
106	219	63
109	219	15
116	219	127
118	219	35
119	219	135
120	219	45
122	219	26
123	219	116
124	219	84
125	219	32
132	219	9
135	219	43
136	219	53
138	219	82
140	219	30
142	219	20
143	219	41
144	219	23
145	219	43
147	219	48
149	219	11
156	219	50
157	219	42
169	219	11
171	219	65
175	219	101
176	219	44
186	219	27
196	219	51
197	219	128
200	219	44
201	219	115
203	219	55
210	219	9
212	219	62
234	219	144
18	218	38
20	218	75
30	218	29
40	218	28
41	218	54
43	218	46
45	218	26
49	218	95
50	218	97
51	218	26
52	218	82
55	218	127
66	218	60
81	218	60
82	218	54
85	218	22
86	218	66
93	218	43
94	218	23
95	218	98
97	218	72
101	218	63
104	218	79
106	218	58
107	218	67
108	218	51
113	218	81
114	218	67
118	218	45
119	218	98
121	218	65
122	218	84
123	218	149
124	218	109
125	218	33
126	218	92
130	218	50
131	218	78
133	218	48
134	218	104
135	218	45
139	218	123
140	218	52
142	218	47
143	218	113
149	218	14
154	218	71
155	218	39
158	218	44
162	218	30
169	218	57
174	218	75
175	218	24
176	218	48
178	218	42
181	218	8
188	218	51
190	218	26
192	218	50
193	218	85
195	218	47
196	218	62
199	218	100
203	218	24
208	218	77
210	218	161
214	218	116
215	218	64
228	218	81
244	218	61
16	217	57
18	217	81
24	217	41
25	217	71
26	217	67
28	217	53
31	217	129
33	217	84
37	217	30
39	217	34
40	217	88
41	217	105
46	217	49
47	217	29
49	217	108
50	217	68
55	217	70
58	217	148
59	217	43
62	217	59
67	217	88
70	217	55
77	217	49
84	217	58
86	217	57
91	217	59
92	217	45
94	217	65
95	217	103
96	217	46
100	217	96
102	217	94
103	217	28
106	217	39
110	217	56
112	217	32
113	217	27
117	217	204
118	217	74
120	217	91
121	217	114
122	217	49
124	217	103
127	217	54
131	217	30
133	217	33
134	217	152
140	217	56
141	217	68
142	217	55
146	217	72
147	217	32
153	217	50
157	217	71
159	217	32
179	217	51
197	217	29
198	217	51
203	217	93
210	217	49
211	217	79
213	217	73
218	217	21
238	217	21
12	216	43
23	216	99
25	216	67
31	216	80
32	216	21
34	216	23
35	216	75
36	216	52
37	216	30
40	216	37
51	216	18
52	216	58
54	216	41
56	216	28
60	216	148
61	216	115
68	216	99
69	216	55
71	216	21
73	216	134
76	216	60
77	216	66
78	216	29
80	216	70
83	216	37
85	216	66
86	216	100
87	216	66
88	216	43
89	216	73
90	216	76
91	216	58
92	216	44
94	216	34
103	216	50
104	216	171
107	216	66
108	216	33
113	216	52
114	216	35
116	216	32
121	216	52
123	216	103
124	216	114
125	216	90
128	216	101
129	216	131
130	216	60
132	216	96
133	216	70
134	216	59
135	216	30
136	216	27
137	216	46
140	216	57
141	216	58
143	216	61
144	216	12
146	216	109
147	216	42
152	216	19
153	216	72
157	216	108
159	216	31
164	216	73
169	216	33
179	216	39
192	216	75
194	216	93
199	216	39
201	216	12
203	216	71
206	216	64
213	216	12
217	216	28
220	216	53
241	216	75
13	215	43
16	215	19
23	215	82
24	215	33
29	215	18
32	215	37
33	215	57
35	215	47
36	215	62
37	215	29
43	215	116
45	215	58
46	215	6
48	215	49
50	215	98
57	215	31
58	215	63
60	215	53
64	215	49
78	215	53
79	215	39
83	215	107
84	215	46
85	215	120
87	215	33
88	215	78
89	215	36
91	215	171
92	215	76
94	215	76
95	215	108
96	215	62
98	215	93
102	215	62
103	215	86
105	215	80
106	215	74
109	215	45
114	215	117
115	215	66
116	215	22
119	215	44
120	215	79
121	215	51
122	215	68
126	215	85
127	215	50
131	215	54
133	215	71
134	215	77
135	215	23
136	215	36
137	215	52
139	215	51
143	215	46
144	215	70
145	215	81
150	215	39
153	215	47
154	215	63
156	215	124
158	215	111
164	215	63
170	215	41
172	215	63
177	215	39
196	215	84
200	215	25
203	215	64
205	215	64
208	215	113
211	215	40
212	215	45
219	215	31
221	215	118
223	215	27
225	215	51
230	215	85
241	215	23
13	214	13
21	214	40
23	214	55
25	214	70
27	214	37
29	214	33
30	214	9
31	214	25
32	214	57
34	214	40
36	214	90
43	214	57
49	214	77
53	214	39
54	214	56
55	214	159
56	214	53
59	214	92
64	214	54
67	214	9
70	214	104
75	214	114
77	214	92
78	214	40
79	214	19
80	214	25
81	214	54
82	214	47
83	214	79
86	214	4
88	214	35
92	214	35
95	214	57
96	214	60
98	214	142
100	214	55
101	214	55
102	214	70
103	214	100
105	214	21
107	214	52
108	214	64
109	214	87
116	214	75
120	214	64
123	214	185
124	214	72
125	214	122
128	214	56
129	214	74
130	214	23
134	214	240
137	214	64
139	214	128
142	214	54
144	214	20
146	214	94
147	214	102
148	214	82
149	214	27
150	214	57
152	214	76
155	214	65
156	214	72
162	214	94
166	214	56
168	214	80
179	214	39
194	214	53
196	214	59
202	214	112
204	214	63
207	214	44
209	214	47
214	214	34
215	214	75
216	214	67
237	214	33
238	214	51
20	213	67
22	213	52
23	213	85
25	213	85
26	213	40
28	213	104
30	213	22
32	213	74
36	213	86
42	213	35
45	213	107
46	213	53
47	213	67
48	213	19
49	213	65
50	213	26
54	213	63
55	213	42
60	213	64
61	213	22
62	213	36
66	213	70
73	213	22
75	213	71
76	213	99
78	213	45
82	213	26
84	213	48
86	213	123
87	213	10
91	213	62
92	213	60
94	213	50
99	213	34
100	213	130
101	213	164
102	213	55
103	213	37
104	213	51
105	213	28
107	213	56
109	213	17
111	213	63
113	213	29
117	213	79
118	213	26
121	213	71
122	213	55
126	213	68
127	213	62
129	213	91
130	213	105
131	213	103
134	213	66
135	213	21
136	213	15
137	213	205
138	213	79
139	213	135
143	213	49
144	213	62
148	213	126
150	213	40
152	213	69
156	213	65
157	213	40
158	213	89
159	213	30
165	213	17
167	213	43
168	213	103
172	213	43
174	213	119
198	213	44
202	213	84
209	213	22
212	213	79
216	213	24
217	213	62
222	213	9
238	213	7
9	212	37
18	212	80
24	212	47
25	212	35
28	212	161
31	212	56
32	212	25
33	212	72
34	212	134
35	212	51
42	212	37
43	212	52
44	212	68
55	212	75
56	212	15
65	212	14
67	212	28
69	212	85
72	212	50
73	212	94
75	212	38
77	212	129
82	212	168
83	212	39
86	212	45
87	212	109
89	212	36
90	212	121
92	212	46
93	212	71
94	212	62
95	212	32
96	212	100
100	212	13
101	212	57
102	212	82
103	212	74
104	212	47
106	212	30
107	212	112
108	212	27
111	212	48
112	212	170
113	212	39
114	212	20
115	212	58
116	212	99
119	212	122
120	212	90
121	212	52
122	212	38
123	212	50
125	212	95
127	212	194
128	212	111
129	212	115
130	212	209
132	212	38
133	212	56
134	212	70
137	212	77
138	212	122
139	212	92
141	212	60
143	212	88
146	212	74
149	212	68
155	212	62
167	212	89
173	212	97
179	212	51
183	212	79
197	212	77
201	212	79
204	212	96
217	212	84
223	212	113
224	212	86
227	212	63
236	212	85
242	212	42
11	211	28
14	211	76
15	211	60
16	211	45
17	211	69
18	211	106
19	211	26
20	211	52
21	211	50
22	211	24
24	211	43
25	211	125
28	211	67
29	211	110
30	211	76
31	211	126
33	211	57
36	211	83
37	211	59
38	211	120
42	211	62
43	211	59
44	211	43
47	211	86
50	211	119
53	211	24
57	211	63
58	211	20
59	211	53
63	211	29
67	211	43
69	211	27
70	211	51
71	211	15
73	211	42
74	211	34
75	211	65
76	211	49
77	211	39
80	211	63
81	211	111
82	211	61
83	211	99
85	211	94
86	211	109
89	211	54
90	211	82
91	211	65
93	211	55
95	211	66
96	211	38
97	211	42
98	211	134
102	211	81
105	211	37
110	211	23
111	211	125
112	211	51
113	211	48
114	211	66
116	211	72
119	211	66
120	211	197
121	211	50
125	211	49
126	211	188
127	211	39
129	211	8
130	211	241
131	211	47
132	211	125
133	211	42
135	211	75
138	211	67
139	211	21
141	211	51
142	211	37
143	211	64
145	211	100
146	211	54
150	211	99
159	211	63
160	211	36
169	211	49
170	211	56
175	211	42
203	211	38
205	211	56
207	211	11
217	211	115
221	211	8
229	211	45
233	211	31
235	211	83
236	211	80
15	210	13
19	210	34
21	210	54
23	210	13
24	210	19
25	210	106
28	210	44
30	210	71
31	210	169
32	210	47
33	210	63
35	210	119
36	210	104
38	210	38
39	210	105
40	210	76
42	210	65
43	210	66
45	210	138
47	210	81
48	210	69
49	210	39
52	210	58
55	210	58
56	210	41
57	210	55
59	210	59
66	210	84
69	210	20
71	210	32
76	210	38
78	210	110
79	210	44
80	210	48
81	210	7
82	210	73
83	210	58
84	210	106
89	210	40
93	210	87
94	210	76
97	210	30
98	210	57
100	210	34
102	210	49
104	210	128
106	210	81
107	210	92
110	210	56
113	210	59
115	210	6
116	210	53
118	210	204
123	210	131
124	210	52
126	210	86
127	210	75
133	210	39
134	210	46
135	210	62
138	210	40
139	210	50
141	210	68
142	210	14
145	210	59
146	210	22
147	210	74
149	210	70
152	210	85
155	210	80
160	210	188
161	210	30
164	210	37
165	210	46
173	210	36
175	210	38
176	210	60
178	210	70
179	210	42
185	210	43
188	210	48
193	210	64
194	210	29
196	210	84
204	210	76
205	210	80
211	210	62
212	210	31
221	210	41
226	210	88
227	210	52
14	209	36
15	209	75
18	209	43
22	209	43
27	209	82
29	209	52
30	209	43
31	209	71
32	209	109
34	209	13
35	209	93
36	209	88
37	209	116
39	209	47
40	209	146
41	209	76
42	209	32
46	209	53
47	209	80
52	209	214
53	209	94
59	209	30
61	209	51
62	209	35
63	209	66
64	209	105
65	209	106
67	209	140
68	209	58
70	209	25
71	209	91
73	209	82
76	209	54
78	209	92
81	209	113
82	209	59
83	209	12
84	209	141
96	209	51
97	209	39
98	209	51
99	209	72
103	209	64
104	209	116
105	209	81
109	209	52
110	209	136
111	209	86
112	209	49
113	209	53
114	209	95
121	209	52
122	209	60
123	209	22
125	209	102
126	209	67
127	209	6
131	209	26
134	209	28
136	209	103
138	209	73
140	209	167
141	209	39
142	209	87
147	209	150
148	209	57
160	209	47
161	209	78
170	209	40
173	209	17
175	209	65
176	209	31
180	209	36
187	209	66
194	209	136
198	209	87
200	209	36
201	209	23
202	209	60
204	209	106
206	209	59
207	209	60
213	209	62
215	209	54
217	209	14
224	209	67
227	209	51
231	209	36
13	208	23
24	208	24
25	208	35
26	208	68
27	208	50
28	208	89
29	208	82
30	208	88
31	208	124
32	208	163
35	208	80
36	208	158
37	208	28
39	208	58
40	208	38
41	208	74
42	208	40
44	208	71
45	208	23
49	208	49
51	208	59
53	208	49
55	208	66
56	208	129
59	208	101
60	208	82
65	208	38
67	208	41
68	208	79
70	208	63
71	208	46
72	208	58
73	208	57
74	208	41
77	208	41
81	208	60
84	208	92
87	208	99
88	208	48
91	208	66
95	208	21
97	208	76
98	208	39
99	208	39
100	208	42
102	208	54
103	208	20
108	208	75
110	208	54
113	208	40
114	208	151
115	208	19
116	208	158
119	208	57
121	208	24
122	208	50
124	208	122
125	208	36
128	208	66
131	208	58
133	208	42
135	208	85
137	208	113
138	208	117
139	208	64
140	208	48
143	208	18
145	208	125
146	208	37
147	208	19
149	208	65
152	208	72
168	208	77
169	208	44
194	208	47
201	208	59
202	208	66
205	208	52
209	208	48
210	208	49
212	208	79
219	208	47
220	208	25
221	208	45
222	208	47
223	208	35
225	208	55
227	208	62
230	208	44
14	207	39
15	207	26
16	207	71
17	207	101
24	207	56
25	207	65
29	207	21
30	207	160
31	207	84
32	207	46
33	207	70
34	207	86
35	207	36
36	207	93
38	207	66
40	207	93
41	207	44
42	207	48
43	207	59
44	207	26
45	207	20
46	207	31
47	207	74
48	207	57
49	207	59
54	207	47
58	207	53
61	207	59
64	207	100
65	207	103
70	207	35
74	207	42
75	207	25
77	207	8
78	207	41
81	207	25
83	207	78
84	207	193
91	207	15
94	207	32
96	207	47
97	207	136
100	207	26
102	207	25
106	207	33
110	207	40
112	207	104
115	207	57
116	207	158
117	207	122
119	207	175
120	207	56
121	207	49
122	207	62
123	207	141
124	207	84
125	207	51
126	207	68
128	207	35
129	207	74
132	207	44
133	207	45
134	207	42
137	207	63
138	207	127
139	207	78
140	207	38
141	207	69
142	207	20
145	207	121
146	207	38
148	207	63
151	207	57
164	207	57
166	207	69
167	207	30
174	207	81
179	207	18
187	207	45
188	207	75
194	207	55
210	207	89
217	207	28
222	207	68
225	207	79
226	207	77
232	207	61
11	206	32
14	206	46
17	206	49
18	206	20
20	206	72
22	206	97
23	206	25
24	206	51
26	206	60
29	206	66
30	206	115
32	206	72
33	206	87
35	206	69
36	206	135
38	206	79
39	206	23
40	206	38
42	206	60
43	206	38
44	206	46
45	206	74
46	206	165
51	206	33
52	206	31
53	206	68
56	206	57
59	206	119
60	206	52
61	206	106
63	206	58
68	206	73
69	206	40
73	206	24
74	206	54
75	206	59
76	206	80
77	206	20
78	206	27
79	206	142
80	206	29
81	206	74
82	206	80
83	206	17
85	206	33
86	206	53
89	206	7
90	206	89
91	206	38
93	206	15
94	206	79
95	206	46
96	206	67
97	206	38
98	206	23
99	206	43
100	206	167
102	206	36
103	206	33
106	206	54
107	206	59
112	206	63
115	206	30
116	206	99
117	206	20
121	206	66
122	206	32
124	206	55
125	206	20
127	206	114
128	206	65
129	206	57
131	206	32
132	206	59
134	206	43
136	206	72
137	206	126
138	206	17
139	206	57
140	206	76
141	206	84
145	206	66
147	206	38
152	206	48
155	206	35
156	206	26
164	206	69
166	206	44
167	206	56
168	206	33
176	206	62
177	206	73
192	206	57
202	206	46
217	206	47
219	206	71
234	206	51
13	205	31
17	205	34
19	205	57
20	205	30
21	205	72
22	205	69
24	205	45
25	205	44
28	205	104
32	205	38
33	205	49
34	205	77
35	205	46
36	205	101
37	205	82
40	205	74
42	205	128
43	205	148
45	205	68
47	205	25
50	205	54
52	205	105
55	205	27
57	205	83
58	205	82
62	205	32
63	205	45
66	205	49
70	205	59
74	205	10
75	205	142
77	205	131
78	205	49
79	205	63
80	205	126
84	205	41
85	205	18
88	205	129
93	205	184
94	205	77
96	205	44
97	205	32
98	205	87
99	205	71
102	205	154
104	205	66
105	205	26
106	205	41
107	205	91
108	205	49
111	205	9
112	205	81
113	205	47
114	205	110
116	205	51
117	205	120
119	205	43
121	205	90
122	205	73
123	205	106
124	205	103
127	205	120
128	205	102
129	205	41
133	205	52
134	205	167
135	205	195
138	205	87
140	205	121
142	205	35
155	205	66
156	205	94
165	205	23
172	205	87
183	205	55
189	205	56
190	205	46
192	205	94
193	205	67
195	205	47
198	205	69
199	205	26
202	205	48
205	205	69
207	205	74
213	205	56
217	205	37
219	205	153
222	205	24
224	205	54
234	205	54
13	204	46
14	204	45
15	204	87
19	204	89
20	204	50
22	204	167
23	204	80
27	204	53
29	204	109
30	204	32
31	204	109
32	204	30
33	204	35
34	204	244
35	204	148
36	204	70
37	204	73
40	204	42
43	204	105
44	204	97
46	204	18
55	204	57
57	204	72
59	204	29
60	204	134
63	204	7
64	204	77
65	204	66
67	204	92
70	204	90
76	204	79
77	204	52
79	204	20
80	204	29
83	204	37
84	204	40
87	204	32
90	204	70
92	204	47
94	204	46
95	204	74
98	204	74
99	204	59
100	204	33
107	204	63
108	204	47
110	204	27
112	204	80
114	204	56
115	204	38
117	204	156
118	204	80
119	204	75
120	204	201
121	204	122
122	204	66
123	204	29
124	204	49
125	204	59
126	204	237
129	204	44
130	204	67
133	204	21
135	204	101
136	204	112
137	204	152
138	204	129
139	204	113
141	204	116
142	204	65
143	204	79
147	204	34
148	204	62
149	204	35
151	204	10
163	204	53
165	204	30
167	204	52
170	204	45
181	204	39
182	204	29
190	204	95
195	204	69
196	204	63
202	204	96
203	204	62
214	204	108
218	204	34
221	204	97
222	204	24
223	204	55
224	204	49
230	204	46
8	203	81
9	203	89
11	203	76
13	203	137
15	203	88
16	203	118
18	203	48
21	203	63
23	203	54
25	203	78
27	203	24
28	203	103
29	203	65
30	203	74
34	203	233
36	203	65
37	203	26
38	203	44
39	203	84
40	203	45
41	203	47
42	203	98
44	203	170
48	203	109
50	203	83
58	203	57
60	203	63
66	203	54
67	203	26
69	203	54
72	203	52
75	203	100
79	203	51
80	203	79
81	203	73
83	203	54
84	203	26
85	203	131
86	203	52
89	203	22
92	203	33
93	203	73
97	203	63
98	203	50
99	203	35
100	203	26
102	203	103
105	203	32
107	203	208
110	203	36
113	203	24
118	203	88
119	203	53
120	203	132
121	203	86
124	203	184
125	203	52
126	203	82
127	203	44
128	203	103
129	203	169
130	203	137
131	203	77
132	203	76
133	203	57
134	203	136
135	203	172
136	203	66
137	203	93
138	203	12
139	203	206
143	203	20
144	203	65
145	203	176
146	203	44
147	203	87
151	203	42
159	203	34
160	203	49
162	203	51
173	203	96
182	203	66
186	203	76
188	203	78
189	203	31
192	203	49
195	203	103
204	203	47
205	203	56
243	203	87
7	202	66
12	202	63
13	202	67
15	202	38
16	202	57
20	202	17
21	202	132
23	202	66
25	202	7
26	202	71
27	202	17
28	202	155
29	202	115
31	202	60
32	202	79
33	202	59
34	202	76
40	202	43
41	202	231
42	202	60
43	202	125
44	202	120
46	202	25
52	202	39
55	202	43
57	202	47
59	202	77
60	202	48
62	202	68
63	202	74
64	202	222
65	202	49
67	202	46
69	202	63
70	202	84
71	202	73
75	202	82
76	202	42
77	202	62
78	202	30
80	202	174
81	202	180
82	202	92
83	202	65
86	202	65
88	202	54
89	202	42
91	202	158
92	202	72
93	202	71
97	202	55
98	202	41
103	202	52
106	202	80
107	202	71
108	202	60
110	202	48
111	202	283
112	202	44
114	202	45
115	202	106
116	202	21
117	202	36
118	202	44
119	202	54
120	202	83
121	202	134
123	202	80
124	202	64
125	202	79
126	202	140
128	202	57
129	202	32
131	202	60
133	202	288
134	202	234
135	202	66
136	202	49
138	202	54
139	202	69
140	202	153
144	202	185
145	202	95
146	202	62
147	202	89
153	202	41
155	202	44
161	202	63
162	202	56
163	202	72
178	202	59
179	202	23
180	202	45
190	202	77
191	202	68
197	202	53
203	202	26
205	202	46
206	202	20
209	202	222
218	202	51
219	202	90
225	202	55
9	201	89
13	201	92
16	201	67
20	201	59
21	201	131
22	201	49
24	201	112
25	201	159
26	201	90
29	201	68
30	201	81
31	201	51
35	201	200
40	201	53
41	201	129
42	201	105
43	201	78
44	201	48
45	201	51
46	201	87
47	201	139
49	201	35
52	201	48
54	201	33
55	201	52
57	201	68
64	201	76
67	201	116
70	201	107
72	201	49
76	201	15
77	201	241
78	201	88
79	201	57
81	201	25
82	201	45
83	201	40
85	201	114
87	201	29
88	201	173
90	201	22
92	201	47
94	201	95
98	201	43
100	201	65
101	201	39
102	201	77
106	201	49
107	201	56
108	201	40
113	201	216
114	201	80
115	201	14
122	201	63
123	201	122
124	201	35
126	201	63
127	201	44
128	201	39
131	201	52
132	201	139
133	201	40
134	201	60
136	201	55
137	201	30
138	201	62
140	201	29
141	201	122
143	201	78
146	201	55
147	201	10
148	201	104
153	201	75
157	201	27
158	201	28
174	201	152
181	201	76
185	201	68
198	201	18
199	201	76
205	201	39
206	201	33
207	201	99
209	201	56
210	201	54
212	201	24
217	201	52
218	201	25
221	201	65
224	201	60
227	201	82
231	201	63
232	201	31
9	200	17
11	200	49
14	200	68
17	200	54
18	200	40
21	200	82
22	200	57
23	200	80
24	200	68
25	200	113
26	200	73
27	200	32
31	200	46
32	200	7
34	200	142
35	200	76
36	200	110
39	200	95
40	200	267
42	200	65
43	200	187
45	200	51
47	200	91
48	200	42
49	200	52
52	200	22
54	200	74
56	200	135
57	200	73
59	200	139
61	200	36
63	200	111
64	200	38
66	200	118
67	200	41
71	200	77
74	200	78
75	200	14
78	200	84
80	200	16
81	200	135
82	200	37
85	200	51
87	200	29
88	200	21
89	200	104
92	200	85
94	200	181
95	200	33
97	200	20
101	200	107
102	200	139
104	200	76
106	200	65
110	200	45
111	200	73
112	200	93
114	200	46
116	200	36
121	200	100
124	200	56
125	200	168
127	200	122
129	200	104
130	200	128
132	200	34
133	200	78
135	200	158
136	200	121
137	200	75
138	200	111
140	200	48
141	200	73
143	200	87
144	200	72
145	200	66
148	200	43
149	200	41
153	200	54
154	200	59
155	200	58
162	200	66
163	200	14
165	200	99
181	200	57
186	200	50
188	200	65
197	200	48
202	200	51
205	200	87
207	200	57
211	200	14
214	200	54
215	200	30
219	200	16
225	200	67
228	200	101
11	199	47
16	199	50
17	199	54
20	199	29
21	199	36
24	199	150
25	199	98
28	199	76
29	199	40
30	199	30
32	199	48
34	199	63
35	199	65
37	199	53
40	199	113
41	199	164
42	199	55
44	199	59
45	199	29
47	199	48
48	199	21
50	199	38
51	199	134
52	199	86
56	199	27
60	199	20
61	199	84
63	199	76
66	199	28
67	199	59
68	199	50
69	199	37
70	199	70
71	199	112
72	199	34
76	199	164
77	199	23
78	199	19
79	199	79
80	199	68
81	199	36
83	199	43
84	199	112
88	199	98
89	199	61
90	199	35
91	199	141
92	199	62
94	199	223
95	199	39
97	199	118
100	199	14
102	199	28
104	199	93
106	199	152
108	199	63
109	199	183
111	199	63
112	199	75
114	199	29
116	199	74
119	199	101
120	199	17
122	199	32
124	199	70
125	199	97
126	199	69
127	199	36
128	199	109
129	199	44
131	199	79
133	199	41
136	199	137
138	199	49
139	199	124
144	199	55
145	199	52
146	199	60
148	199	60
150	199	58
165	199	149
175	199	32
178	199	70
179	199	57
182	199	90
189	199	64
191	199	31
202	199	46
203	199	26
205	199	29
207	199	80
212	199	85
213	199	49
218	199	40
226	199	49
228	199	62
230	199	17
233	199	73
16	198	34
19	198	41
20	198	68
21	198	65
22	198	62
25	198	35
26	198	49
28	198	44
34	198	79
36	198	84
37	198	42
38	198	111
39	198	107
41	198	163
42	198	108
43	198	126
44	198	46
45	198	162
47	198	49
48	198	25
49	198	40
51	198	55
53	198	66
58	198	38
60	198	21
63	198	49
64	198	172
65	198	60
67	198	83
68	198	79
69	198	80
70	198	263
71	198	99
73	198	54
75	198	48
77	198	76
78	198	95
81	198	129
82	198	74
83	198	106
85	198	80
90	198	142
91	198	122
92	198	42
94	198	38
95	198	42
96	198	92
97	198	27
98	198	60
99	198	42
100	198	132
101	198	106
102	198	37
103	198	53
104	198	27
105	198	67
106	198	45
108	198	63
109	198	23
110	198	126
112	198	106
113	198	24
114	198	122
115	198	27
117	198	67
118	198	15
119	198	28
121	198	131
122	198	52
123	198	248
124	198	70
126	198	310
127	198	38
128	198	93
129	198	54
131	198	117
132	198	54
133	198	59
134	198	96
135	198	57
137	198	56
140	198	51
141	198	54
142	198	80
143	198	48
144	198	122
147	198	34
154	198	36
164	198	54
165	198	38
167	198	70
172	198	23
175	198	64
179	198	76
186	198	41
192	198	105
196	198	95
200	198	99
201	198	73
202	198	33
204	198	99
205	198	97
208	198	58
210	198	135
213	198	85
214	198	86
216	198	24
225	198	85
228	198	27
234	198	22
239	198	48
17	197	72
18	197	109
19	197	45
20	197	47
21	197	33
25	197	55
26	197	67
29	197	51
32	197	40
34	197	54
35	197	50
37	197	29
39	197	63
41	197	59
42	197	167
43	197	56
45	197	37
47	197	18
48	197	82
49	197	71
52	197	34
53	197	141
54	197	71
55	197	43
56	197	34
57	197	41
59	197	34
65	197	57
68	197	93
72	197	75
74	197	124
78	197	112
80	197	40
83	197	30
84	197	223
85	197	104
86	197	45
87	197	87
89	197	18
90	197	52
91	197	64
93	197	16
95	197	73
96	197	37
97	197	75
101	197	30
102	197	34
103	197	54
104	197	31
105	197	53
106	197	116
107	197	120
112	197	75
113	197	56
115	197	65
116	197	42
118	197	36
119	197	43
120	197	67
121	197	65
122	197	15
123	197	108
124	197	36
125	197	195
126	197	286
127	197	75
128	197	180
130	197	29
131	197	72
132	197	143
134	197	102
135	197	113
136	197	72
138	197	28
139	197	82
140	197	130
141	197	125
142	197	84
143	197	20
144	197	22
145	197	218
147	197	73
148	197	84
149	197	22
151	197	91
155	197	26
159	197	31
188	197	42
196	197	39
198	197	63
202	197	79
210	197	73
213	197	54
215	197	113
216	197	50
217	197	70
222	197	73
224	197	80
15	196	58
18	196	16
19	196	38
20	196	31
21	196	12
24	196	33
26	196	76
28	196	60
29	196	91
32	196	46
33	196	39
34	196	107
36	196	27
37	196	51
41	196	78
42	196	108
44	196	54
45	196	38
46	196	64
50	196	27
51	196	69
64	196	93
65	196	43
66	196	29
67	196	47
69	196	86
71	196	91
72	196	117
73	196	126
76	196	114
78	196	48
79	196	24
80	196	22
82	196	73
83	196	58
84	196	81
85	196	60
86	196	99
87	196	44
88	196	50
89	196	62
90	196	156
93	196	36
94	196	99
95	196	61
96	196	169
98	196	107
99	196	24
101	196	100
102	196	98
106	196	97
108	196	104
110	196	51
112	196	60
113	196	40
114	196	200
118	196	71
119	196	110
120	196	122
121	196	62
122	196	63
124	196	79
126	196	44
127	196	47
129	196	4
130	196	50
131	196	119
132	196	190
133	196	84
135	196	50
137	196	21
139	196	52
140	196	141
141	196	89
142	196	88
143	196	123
144	196	132
145	196	102
146	196	71
147	196	105
149	196	76
150	196	61
154	196	14
167	196	51
170	196	47
175	196	67
186	196	62
187	196	99
193	196	26
194	196	90
197	196	45
200	196	42
202	196	118
212	196	48
213	196	83
216	196	25
217	196	25
218	196	42
220	196	58
222	196	69
234	196	25
236	196	54
9	195	46
20	195	65
21	195	50
23	195	40
24	195	57
28	195	46
30	195	37
32	195	48
34	195	42
36	195	122
38	195	58
42	195	88
46	195	53
50	195	29
56	195	29
59	195	56
62	195	61
69	195	76
70	195	70
71	195	59
72	195	61
76	195	86
77	195	41
78	195	55
80	195	139
81	195	50
82	195	31
83	195	67
85	195	40
87	195	60
88	195	93
89	195	238
91	195	28
93	195	134
94	195	47
97	195	58
99	195	77
101	195	90
103	195	41
104	195	47
105	195	30
108	195	74
109	195	106
111	195	29
112	195	38
116	195	46
118	195	73
120	195	111
121	195	49
123	195	129
124	195	103
126	195	172
128	195	75
129	195	147
130	195	11
131	195	40
132	195	19
133	195	140
135	195	154
136	195	71
137	195	273
138	195	161
139	195	65
140	195	17
141	195	188
142	195	62
143	195	37
144	195	85
145	195	33
151	195	104
157	195	52
159	195	53
174	195	69
182	195	29
186	195	51
187	195	45
188	195	29
193	195	52
196	195	33
202	195	79
204	195	63
207	195	140
208	195	27
211	195	8
215	195	85
216	195	60
217	195	29
219	195	28
222	195	91
231	195	27
233	195	22
15	194	36
17	194	150
18	194	36
24	194	89
27	194	100
37	194	76
39	194	62
40	194	48
41	194	52
44	194	27
46	194	185
47	194	112
48	194	156
50	194	56
53	194	79
54	194	51
56	194	36
60	194	66
67	194	14
68	194	49
72	194	73
74	194	74
75	194	37
76	194	80
77	194	80
78	194	68
79	194	55
80	194	23
81	194	169
82	194	25
85	194	78
86	194	176
90	194	85
91	194	70
92	194	163
93	194	119
94	194	111
95	194	55
97	194	200
99	194	75
100	194	128
102	194	97
103	194	110
106	194	48
107	194	52
109	194	50
110	194	110
111	194	78
112	194	202
113	194	135
114	194	137
115	194	22
116	194	52
117	194	28
118	194	65
119	194	113
120	194	21
123	194	34
124	194	37
125	194	21
127	194	147
128	194	94
129	194	25
130	194	52
133	194	119
136	194	103
139	194	65
140	194	81
141	194	67
142	194	18
143	194	144
145	194	46
147	194	65
149	194	98
160	194	79
162	194	111
172	194	110
179	194	31
180	194	19
196	194	48
198	194	14
199	194	24
200	194	85
203	194	68
204	194	57
205	194	56
207	194	42
208	194	74
209	194	43
214	194	56
221	194	141
222	194	101
234	194	54
16	193	18
17	193	26
18	193	79
23	193	76
24	193	48
27	193	75
32	193	65
33	193	44
34	193	68
35	193	59
38	193	54
39	193	85
42	193	23
44	193	31
45	193	27
46	193	59
48	193	148
49	193	54
54	193	42
56	193	15
61	193	44
62	193	48
63	193	20
64	193	39
71	193	72
72	193	36
73	193	98
74	193	44
75	193	87
77	193	51
78	193	68
79	193	74
80	193	18
81	193	54
82	193	46
83	193	77
84	193	88
86	193	26
88	193	117
89	193	60
90	193	154
91	193	55
92	193	81
93	193	77
94	193	55
95	193	180
97	193	12
99	193	59
100	193	104
101	193	20
102	193	25
103	193	28
104	193	61
107	193	49
108	193	41
110	193	40
111	193	157
113	193	108
114	193	14
115	193	41
116	193	45
117	193	174
122	193	27
123	193	22
124	193	285
125	193	49
126	193	55
127	193	61
128	193	54
131	193	22
134	193	125
135	193	93
136	193	121
137	193	176
138	193	70
139	193	132
140	193	48
141	193	38
142	193	72
143	193	24
145	193	13
146	193	32
147	193	52
152	193	35
153	193	42
156	193	63
160	193	73
164	193	71
176	193	40
188	193	36
190	193	75
195	193	117
200	193	62
202	193	126
206	193	73
210	193	95
230	193	53
233	193	60
17	192	22
20	192	27
23	192	63
28	192	60
31	192	64
32	192	84
33	192	69
34	192	79
35	192	107
37	192	90
40	192	45
42	192	86
43	192	51
45	192	67
46	192	132
48	192	90
49	192	126
52	192	67
57	192	34
62	192	56
68	192	85
74	192	72
75	192	23
77	192	70
78	192	147
79	192	28
80	192	54
81	192	244
83	192	128
84	192	171
85	192	83
86	192	63
88	192	118
89	192	71
90	192	122
91	192	34
92	192	69
93	192	37
96	192	35
97	192	62
98	192	111
99	192	60
101	192	40
102	192	71
103	192	82
104	192	49
106	192	79
110	192	161
113	192	83
114	192	191
116	192	74
117	192	16
119	192	112
120	192	267
121	192	54
123	192	183
124	192	59
125	192	120
126	192	30
128	192	128
129	192	120
130	192	71
131	192	177
133	192	156
134	192	229
135	192	39
136	192	116
137	192	250
138	192	98
139	192	106
140	192	46
141	192	98
142	192	55
144	192	92
145	192	84
147	192	54
148	192	27
149	192	54
150	192	69
151	192	71
153	192	98
154	192	165
155	192	134
156	192	50
157	192	133
162	192	181
163	192	56
164	192	72
178	192	95
180	192	43
182	192	81
186	192	179
191	192	51
192	192	58
199	192	70
206	192	58
207	192	36
209	192	122
211	192	39
213	192	15
218	192	61
219	192	47
221	192	43
222	192	69
229	192	49
15	191	47
24	191	21
25	191	17
27	191	70
28	191	68
30	191	56
32	191	62
34	191	41
37	191	98
38	191	37
41	191	29
45	191	62
46	191	106
47	191	26
50	191	109
51	191	51
55	191	34
57	191	70
58	191	83
69	191	70
70	191	83
78	191	43
81	191	67
82	191	48
83	191	16
84	191	46
85	191	56
86	191	109
88	191	126
89	191	49
90	191	4
91	191	60
92	191	41
93	191	52
94	191	29
97	191	52
107	191	92
110	191	93
113	191	106
114	191	54
116	191	122
117	191	133
121	191	215
122	191	33
123	191	176
124	191	77
125	191	194
126	191	221
127	191	132
128	191	67
129	191	50
130	191	11
131	191	97
132	191	189
133	191	64
136	191	69
# chipNumber: 4
# chipName:   G 10 W69
# numHits:    5
137	237	5
46	180	10
17	149	26
28	133	57
12	117	41
# chipNumber: 5
# chipName:   D 9 W69
# numHits:    15
38	194	26
38	193	18
15	189	20
42	182	28
52	171	48
19	169	12
29	169	33
48	165	47
40	158	48
23	154	81
27	154	12
28	128	57
9	124	49
53	12	29
15	9	54
# chipNumber: 6
# chipName:   L 8 W69
# numHits:    33
166	233	11810
234	203	11810
195	107	19
239	100	22
160	85	27
229	85	41
193	80	27
181	78	29
182	77	3
162	75	43
204	74	37
183	67	46
208	64	30
109	63	28
171	57	10
203	56	19
158	54	45
52	52	31
202	52	16
83	43	26
147	43	14
64	42	33
194	39	24
210	39	45
64	34	39
92	30	17
80	25	42
87	25	17
29	20	49
107	19	48
26	16	37
87	15	39
91	11	25
