## [General]
## runNumber:        241
## runTime:       	 7200
## runTimeFrames: 	 0
## pathName:         data/runs/Run_241_181022-16-16
## dateTime:         2018-10-22.17:23:00
## numChips:         7
## shutterTime:      30
## shutterMode:      verylong
## runMode:          0
## fastClock:        0
## externalTrigger:  0
## [Event]
## eventNumber:      5263
## useHvFadc:    	 1
## fadcReadout:    	 1
## szint1ClockInt:	 0
## szint2ClockInt:	 0
## fadcTriggerClock: 0
# chipNumber: 0
# chipName:   E 6 W69
# numHits:    0
# chipNumber: 1
# chipName:   K 6 W69
# numHits:    112
52	82	40
81	81	55
68	80	37
69	80	42
98	78	57
94	74	41
77	68	20
78	66	10
65	64	38
54	59	30
55	59	84
78	59	64
55	58	54
66	58	67
78	58	48
80	58	45
88	58	53
88	56	75
54	55	40
84	55	9
88	55	46
72	54	36
74	54	66
81	54	103
53	53	35
59	53	41
66	53	51
93	53	60
103	53	42
73	52	43
92	52	17
46	51	42
69	50	39
61	49	54
52	48	72
86	48	41
85	47	67
91	47	76
50	46	47
51	46	83
82	46	107
47	44	71
68	44	48
62	43	68
64	43	28
67	43	48
70	43	33
71	43	30
64	42	42
93	42	72
102	42	36
64	41	38
67	40	29
84	39	67
88	39	43
89	39	14
59	38	56
76	38	54
87	37	26
52	36	37
39	35	66
68	35	32
77	34	70
60	33	68
68	33	37
44	32	26
56	32	37
58	32	45
80	32	28
39	31	39
40	31	43
58	30	37
88	30	29
44	29	43
66	29	109
51	28	68
61	28	72
64	28	50
72	28	43
55	27	15
57	27	30
55	26	55
67	26	75
55	25	60
61	25	29
72	24	30
89	24	41
54	23	37
72	23	12
51	22	44
60	22	26
66	22	57
98	22	49
68	21	44
98	21	45
47	20	27
71	20	61
69	19	91
78	19	49
63	18	16
69	18	62
70	18	55
58	17	69
71	16	25
71	13	60
67	12	50
57	10	79
36	9	52
54	8	52
70	7	36
72	7	35
42	6	40
# chipNumber: 2
# chipName:   H 9 W69
# numHits:    356
191	245	25
189	244	93
190	244	95
163	243	70
145	242	20
146	242	44
158	240	54
160	240	58
166	240	91
187	240	80
137	237	37
168	237	30
171	237	60
175	237	60
142	236	41
162	236	37
164	236	74
173	236	26
186	236	92
163	235	68
169	235	16
170	235	131
164	234	74
162	233	39
164	233	44
185	233	86
186	231	81
175	230	22
207	230	44
160	229	25
161	229	34
171	229	72
137	228	52
143	228	43
155	228	2
181	228	64
182	228	75
160	227	57
162	227	40
181	227	74
173	226	74
140	225	23
158	225	68
161	225	36
154	224	37
158	224	74
162	224	43
166	224	76
168	224	45
177	224	69
198	224	8
207	224	46
158	223	71
159	223	103
160	223	73
184	223	51
203	223	36
159	222	29
192	222	62
194	222	59
171	221	27
180	221	84
194	221	17
166	220	48
184	220	41
141	219	52
165	219	30
156	218	26
160	218	69
175	218	44
150	217	80
151	217	37
144	216	76
177	216	57
194	216	58
183	215	39
160	214	37
177	214	22
179	213	41
145	212	60
201	212	52
142	211	66
116	208	46
145	205	77
147	203	33
167	194	25
181	193	31
59	191	42
183	191	45
60	190	83
61	190	68
59	189	59
75	189	37
67	186	44
61	185	20
69	185	83
84	184	50
70	181	62
65	180	71
70	180	40
48	179	65
72	178	82
82	178	54
83	178	50
63	177	59
69	177	79
82	177	103
89	177	79
162	177	27
66	176	17
72	176	126
90	176	92
233	175	78
238	175	21
239	175	63
59	174	29
66	174	51
72	174	80
75	174	88
87	174	57
95	174	78
49	173	37
59	173	29
92	173	61
93	173	44
48	172	27
58	172	36
63	172	49
69	172	37
74	172	48
76	172	29
77	172	60
96	172	84
100	172	69
48	171	52
54	171	49
79	171	26
86	171	43
71	170	44
80	170	15
59	169	63
65	169	71
66	169	70
67	169	42
53	168	104
65	168	23
67	168	97
75	168	27
78	168	34
80	168	111
81	168	22
96	168	77
65	167	28
77	167	75
79	167	91
81	167	26
230	167	38
46	166	42
57	166	115
58	166	19
60	166	115
61	166	60
76	166	44
87	166	67
55	165	29
56	165	42
67	165	20
68	165	24
70	165	20
79	165	78
83	165	71
55	164	54
63	164	45
76	164	65
78	164	55
79	164	80
80	164	46
45	163	29
46	163	17
61	163	21
63	163	62
64	163	65
66	163	96
75	163	52
84	163	32
92	163	52
65	162	93
68	162	25
70	162	13
82	162	23
91	162	79
56	161	34
68	161	53
70	161	57
82	161	43
84	161	35
86	161	56
98	161	45
50	160	91
56	160	25
71	160	105
72	160	41
85	160	44
86	160	40
89	160	7
229	160	78
44	159	41
65	159	93
66	159	84
74	159	67
75	159	90
76	159	44
80	159	51
87	159	25
61	158	66
63	158	101
67	158	59
72	158	28
80	158	97
226	158	85
46	157	36
56	157	91
69	157	31
70	157	63
79	157	47
56	156	50
59	156	79
65	156	48
67	156	56
72	156	92
85	156	53
93	156	4
222	156	62
59	155	24
66	155	73
67	155	99
72	155	20
81	155	16
82	155	89
91	155	73
49	154	40
55	154	44
60	154	59
98	154	98
52	153	90
56	153	41
58	153	104
64	153	57
68	153	39
69	153	125
71	153	108
74	153	53
82	153	79
95	153	10
223	153	45
58	152	88
63	152	41
69	152	61
71	152	29
73	152	70
76	152	61
77	152	43
92	152	29
93	152	24
96	152	59
223	152	13
60	151	70
63	151	95
65	151	62
68	151	15
89	151	22
52	150	66
56	150	49
57	150	19
65	150	47
69	150	31
81	150	45
103	150	63
231	150	49
67	149	60
88	149	120
71	148	40
63	147	40
65	147	63
68	147	51
69	147	63
81	147	30
235	147	30
236	147	54
57	146	31
72	146	105
93	146	42
238	146	90
239	146	36
58	145	48
228	145	56
229	145	20
65	144	60
70	144	52
87	144	50
89	144	34
228	144	146
61	143	31
72	143	53
76	143	53
84	143	37
227	143	62
80	142	54
235	142	53
243	142	51
45	141	48
91	141	56
54	140	8
86	140	3
95	139	46
243	139	75
244	139	26
231	138	49
233	137	31
59	136	84
237	136	86
58	135	65
70	135	89
85	135	44
90	135	73
98	135	74
56	134	41
71	134	55
44	133	47
59	132	73
242	130	49
243	130	26
45	129	45
77	129	71
222	128	62
241	128	45
233	126	30
238	126	42
239	126	40
225	125	32
66	124	92
212	122	87
238	121	24
236	118	48
62	116	49
223	115	20
239	114	80
241	113	62
226	112	34
231	112	40
229	110	30
223	107	72
244	106	44
241	100	37
241	99	34
248	78	26
# chipNumber: 3
# chipName:   H 10 W69
# numHits:    23305
111	211	131
112	211	102
113	211	38
114	211	60
116	211	58
118	211	191
119	211	124
120	211	86
121	211	38
122	211	240
123	211	203
124	211	34
125	211	102
126	211	17
127	211	17
131	211	238
133	211	66
134	211	84
135	211	82
136	211	109
137	211	65
138	211	117
143	211	27
145	211	105
146	211	46
147	211	106
148	211	43
152	211	75
154	211	103
155	211	38
158	211	185
160	211	84
162	211	65
163	211	68
165	211	53
168	211	56
169	211	54
171	211	18
172	211	46
173	211	66
177	211	59
178	211	57
180	211	154
181	211	141
182	211	93
186	211	51
189	211	41
190	211	135
193	211	12
194	211	62
197	211	58
198	211	62
199	211	165
200	211	126
201	211	57
202	211	91
203	211	96
204	211	158
205	211	117
206	211	200
207	211	51
209	211	50
213	211	29
214	211	38
215	211	125
19	210	48
22	210	65
32	210	30
35	210	40
37	210	77
39	210	59
40	210	77
42	210	33
43	210	95
45	210	51
48	210	71
54	210	19
55	210	109
56	210	35
57	210	28
59	210	49
61	210	68
62	210	42
63	210	43
64	210	122
66	210	86
68	210	40
70	210	11
71	210	49
72	210	101
73	210	137
74	210	40
75	210	50
76	210	207
77	210	125
78	210	80
79	210	76
80	210	86
81	210	68
82	210	82
83	210	46
84	210	134
86	210	23
87	210	28
88	210	124
89	210	60
90	210	104
93	210	65
95	210	42
96	210	145
97	210	90
98	210	240
99	210	52
101	210	43
102	210	92
103	210	182
105	210	28
106	210	37
108	210	95
109	210	57
115	210	15
116	210	111
118	210	229
119	210	41
120	210	74
121	210	107
123	210	132
124	210	37
125	210	25
126	210	201
127	210	123
128	210	92
129	210	133
130	210	34
131	210	90
132	210	87
133	210	115
135	210	50
136	210	56
137	210	110
138	210	42
141	210	52
146	210	70
147	210	38
150	210	109
151	210	20
153	210	64
154	210	70
156	210	30
159	210	73
161	210	86
163	210	31
164	210	29
166	210	145
167	210	25
169	210	15
172	210	19
175	210	111
176	210	83
177	210	125
178	210	62
179	210	50
181	210	72
183	210	175
184	210	19
187	210	180
188	210	39
189	210	55
191	210	49
192	210	48
193	210	56
194	210	75
197	210	58
198	210	109
199	210	207
200	210	55
201	210	163
202	210	37
203	210	130
204	210	112
205	210	26
206	210	63
207	210	89
208	210	73
209	210	48
211	210	69
212	210	86
213	210	19
12	209	122
16	209	24
22	209	48
23	209	112
26	209	95
29	209	27
30	209	76
31	209	81
40	209	38
42	209	48
44	209	7
46	209	125
47	209	18
48	209	110
49	209	57
51	209	60
55	209	54
56	209	130
57	209	84
58	209	16
60	209	116
61	209	143
62	209	15
63	209	40
64	209	22
66	209	31
67	209	178
69	209	33
70	209	67
72	209	128
73	209	240
74	209	20
75	209	128
76	209	128
77	209	126
78	209	129
80	209	20
82	209	69
83	209	19
84	209	167
85	209	119
86	209	26
87	209	40
88	209	204
89	209	29
90	209	77
92	209	49
93	209	26
94	209	60
95	209	51
96	209	85
97	209	73
98	209	57
100	209	20
102	209	117
103	209	111
105	209	136
106	209	128
108	209	92
110	209	96
113	209	107
114	209	25
116	209	33
117	209	32
119	209	32
120	209	110
121	209	73
124	209	19
126	209	153
127	209	127
128	209	31
129	209	79
131	209	165
132	209	330
133	209	30
135	209	39
136	209	55
137	209	37
138	209	51
139	209	234
141	209	63
142	209	30
146	209	58
147	209	56
150	209	57
155	209	157
157	209	47
158	209	40
161	209	96
162	209	81
163	209	181
164	209	54
165	209	64
166	209	85
167	209	54
168	209	71
169	209	57
172	209	112
173	209	158
174	209	86
175	209	40
176	209	52
177	209	112
178	209	29
179	209	120
180	209	157
181	209	22
182	209	125
184	209	110
185	209	51
187	209	71
189	209	211
191	209	100
193	209	164
194	209	58
195	209	22
196	209	93
197	209	79
198	209	31
199	209	139
200	209	157
201	209	40
203	209	68
204	209	83
205	209	39
208	209	55
211	209	44
215	209	78
217	209	78
218	209	94
234	209	51
8	208	25
14	208	68
26	208	99
27	208	64
30	208	63
31	208	15
33	208	32
36	208	54
37	208	54
40	208	52
42	208	72
43	208	85
45	208	27
47	208	26
48	208	12
52	208	46
53	208	74
55	208	33
56	208	93
57	208	45
58	208	72
61	208	46
62	208	94
63	208	130
64	208	42
65	208	65
66	208	59
67	208	22
68	208	48
69	208	27
71	208	72
72	208	33
73	208	87
75	208	55
76	208	133
77	208	119
78	208	54
79	208	46
80	208	68
82	208	113
83	208	146
84	208	109
89	208	15
90	208	185
91	208	86
92	208	95
93	208	12
95	208	51
96	208	166
99	208	61
101	208	56
102	208	122
105	208	51
106	208	162
108	208	79
109	208	40
110	208	26
111	208	88
112	208	85
114	208	43
115	208	41
116	208	101
118	208	99
119	208	74
120	208	51
121	208	99
122	208	67
123	208	16
124	208	118
126	208	33
129	208	154
130	208	133
133	208	64
135	208	45
136	208	100
137	208	43
142	208	58
147	208	129
148	208	33
150	208	103
152	208	22
154	208	56
155	208	43
157	208	72
158	208	38
159	208	82
163	208	195
164	208	59
165	208	169
166	208	63
168	208	64
169	208	206
171	208	60
172	208	108
173	208	87
174	208	122
175	208	120
176	208	60
177	208	96
179	208	153
180	208	139
181	208	83
183	208	54
186	208	54
187	208	92
188	208	57
189	208	25
190	208	106
191	208	98
193	208	105
195	208	40
196	208	85
198	208	99
201	208	168
202	208	62
203	208	145
204	208	66
205	208	61
208	208	139
209	208	88
220	208	67
11	207	38
18	207	25
26	207	24
27	207	54
29	207	41
32	207	73
39	207	56
40	207	101
41	207	130
42	207	31
43	207	55
44	207	57
45	207	33
46	207	59
48	207	48
49	207	60
50	207	35
52	207	19
53	207	26
54	207	60
55	207	85
56	207	27
58	207	61
61	207	46
63	207	41
64	207	59
65	207	26
67	207	34
68	207	58
69	207	111
70	207	83
72	207	66
73	207	114
74	207	62
75	207	34
76	207	117
78	207	165
79	207	68
80	207	109
81	207	100
82	207	130
83	207	144
85	207	62
86	207	38
87	207	60
88	207	156
89	207	86
90	207	146
91	207	26
92	207	82
94	207	45
95	207	33
96	207	65
97	207	50
98	207	125
100	207	25
102	207	119
104	207	59
107	207	109
111	207	22
112	207	128
113	207	63
114	207	48
115	207	90
116	207	126
118	207	115
119	207	129
120	207	24
121	207	89
123	207	57
125	207	224
126	207	139
127	207	18
128	207	38
129	207	57
130	207	205
132	207	115
134	207	214
135	207	18
136	207	149
137	207	37
138	207	69
139	207	52
141	207	120
142	207	70
144	207	71
145	207	45
147	207	51
151	207	99
152	207	115
154	207	49
156	207	78
157	207	42
158	207	77
159	207	132
160	207	48
161	207	97
162	207	91
163	207	181
164	207	58
165	207	9
166	207	39
171	207	111
172	207	75
173	207	115
174	207	51
175	207	157
176	207	192
177	207	47
178	207	79
179	207	181
180	207	53
181	207	85
182	207	75
183	207	47
184	207	159
186	207	74
187	207	55
188	207	141
190	207	70
191	207	34
192	207	75
197	207	46
198	207	63
199	207	52
202	207	50
203	207	111
204	207	55
205	207	28
207	207	37
209	207	59
219	207	87
13	206	21
29	206	59
30	206	42
34	206	86
39	206	48
40	206	44
41	206	110
43	206	71
44	206	53
46	206	259
47	206	48
49	206	141
50	206	98
52	206	66
54	206	162
55	206	124
56	206	95
57	206	74
62	206	20
63	206	150
64	206	71
65	206	37
67	206	73
68	206	169
69	206	76
70	206	98
71	206	65
72	206	67
73	206	141
74	206	29
75	206	134
76	206	196
77	206	128
79	206	71
80	206	166
81	206	75
82	206	11
84	206	94
85	206	19
87	206	107
91	206	147
92	206	79
93	206	129
95	206	36
97	206	22
101	206	42
104	206	109
106	206	83
107	206	58
111	206	37
112	206	43
113	206	35
114	206	55
116	206	84
117	206	165
118	206	70
119	206	170
120	206	123
121	206	74
122	206	23
123	206	135
124	206	56
125	206	155
126	206	31
127	206	24
128	206	163
130	206	148
132	206	90
133	206	10
135	206	54
136	206	15
137	206	109
140	206	32
143	206	25
146	206	32
148	206	61
150	206	147
151	206	20
155	206	108
156	206	71
157	206	60
158	206	42
160	206	29
161	206	45
162	206	55
163	206	64
164	206	123
165	206	49
166	206	41
167	206	27
168	206	47
169	206	73
170	206	69
173	206	26
174	206	139
175	206	109
176	206	74
177	206	25
178	206	55
179	206	34
181	206	80
182	206	44
184	206	87
185	206	103
186	206	25
187	206	50
188	206	159
189	206	54
190	206	106
192	206	69
194	206	74
195	206	137
196	206	124
197	206	84
198	206	150
203	206	105
209	206	38
215	206	32
217	206	46
219	206	54
233	206	24
14	205	74
18	205	64
25	205	38
28	205	46
29	205	81
30	205	43
32	205	35
34	205	104
35	205	28
36	205	11
42	205	117
46	205	10
47	205	16
54	205	56
56	205	199
57	205	105
58	205	51
61	205	180
62	205	71
63	205	110
65	205	84
66	205	54
69	205	63
71	205	90
72	205	81
73	205	204
74	205	38
75	205	28
76	205	91
77	205	92
78	205	88
79	205	127
80	205	113
81	205	75
82	205	37
83	205	55
84	205	97
85	205	98
86	205	119
87	205	12
88	205	46
92	205	55
93	205	155
94	205	53
96	205	72
98	205	48
99	205	14
102	205	47
106	205	164
107	205	68
108	205	144
109	205	25
112	205	131
113	205	17
114	205	26
115	205	42
116	205	61
117	205	99
119	205	152
121	205	162
122	205	46
123	205	51
124	205	78
125	205	50
127	205	43
128	205	91
130	205	240
133	205	108
134	205	90
135	205	43
136	205	30
137	205	87
138	205	94
139	205	56
140	205	57
142	205	57
146	205	88
147	205	66
149	205	109
150	205	43
151	205	85
153	205	93
154	205	62
156	205	157
158	205	67
160	205	47
161	205	33
162	205	94
163	205	173
164	205	108
165	205	119
166	205	39
167	205	65
168	205	38
169	205	144
172	205	198
174	205	111
175	205	128
176	205	118
179	205	131
180	205	54
181	205	115
183	205	53
184	205	116
185	205	35
188	205	46
189	205	17
190	205	141
191	205	89
193	205	71
196	205	46
204	205	95
209	205	31
210	205	51
220	205	31
18	204	17
19	204	59
20	204	70
21	204	16
31	204	76
36	204	48
37	204	114
40	204	20
41	204	22
42	204	44
43	204	25
48	204	7
50	204	126
52	204	73
53	204	48
58	204	25
59	204	96
65	204	32
68	204	9
69	204	59
70	204	56
71	204	12
72	204	124
73	204	161
74	204	257
75	204	142
76	204	159
77	204	239
78	204	189
79	204	123
80	204	86
83	204	41
85	204	202
87	204	132
88	204	77
91	204	87
92	204	147
95	204	45
96	204	71
97	204	41
100	204	88
101	204	92
102	204	71
103	204	55
104	204	81
106	204	155
107	204	42
111	204	38
113	204	33
114	204	82
116	204	49
117	204	60
119	204	83
120	204	113
121	204	138
122	204	79
123	204	204
124	204	43
125	204	68
126	204	85
127	204	73
130	204	61
131	204	109
132	204	53
133	204	166
134	204	103
135	204	57
136	204	54
137	204	82
138	204	59
139	204	60
146	204	92
150	204	98
151	204	108
153	204	125
154	204	68
156	204	55
157	204	24
160	204	53
163	204	219
164	204	70
165	204	43
166	204	24
168	204	276
169	204	54
170	204	145
171	204	168
173	204	45
176	204	49
178	204	72
180	204	49
181	204	93
184	204	11
185	204	19
189	204	141
190	204	99
192	204	23
193	204	181
194	204	26
195	204	90
203	204	65
206	204	37
207	204	106
210	204	82
12	203	81
23	203	30
26	203	65
36	203	23
39	203	94
40	203	51
41	203	138
43	203	18
49	203	113
51	203	43
52	203	51
55	203	47
56	203	83
57	203	122
58	203	14
59	203	108
60	203	68
61	203	197
62	203	18
65	203	27
67	203	75
68	203	56
70	203	39
71	203	29
72	203	102
74	203	77
75	203	161
76	203	125
78	203	127
79	203	84
80	203	237
81	203	48
83	203	59
84	203	148
85	203	68
86	203	118
88	203	113
89	203	93
90	203	48
91	203	122
92	203	42
93	203	68
94	203	121
96	203	95
97	203	16
99	203	160
101	203	44
102	203	223
104	203	87
106	203	51
108	203	46
110	203	109
111	203	80
112	203	61
113	203	39
114	203	32
116	203	46
117	203	82
118	203	19
119	203	55
120	203	129
121	203	53
122	203	56
123	203	53
126	203	23
127	203	82
129	203	294
130	203	66
131	203	23
132	203	74
135	203	27
136	203	63
137	203	87
142	203	128
143	203	48
145	203	111
146	203	161
147	203	52
148	203	57
149	203	46
150	203	151
152	203	86
155	203	36
156	203	48
157	203	28
158	203	151
159	203	77
160	203	54
161	203	249
162	203	33
163	203	151
168	203	34
169	203	56
170	203	178
171	203	63
172	203	69
173	203	13
175	203	103
178	203	91
181	203	27
184	203	85
185	203	31
187	203	62
188	203	59
190	203	11
191	203	50
193	203	31
195	203	79
196	203	111
197	203	31
198	203	60
202	203	70
207	203	55
210	203	49
215	203	11
221	203	48
222	203	40
225	203	36
233	203	32
13	202	50
18	202	68
24	202	86
25	202	40
28	202	43
31	202	43
34	202	195
36	202	25
37	202	95
38	202	63
40	202	61
41	202	135
42	202	26
43	202	43
45	202	55
52	202	3
53	202	75
54	202	32
56	202	45
57	202	54
58	202	69
60	202	45
64	202	35
65	202	67
66	202	115
67	202	42
69	202	44
70	202	29
71	202	39
72	202	111
74	202	139
75	202	186
76	202	111
77	202	92
78	202	182
79	202	198
80	202	51
81	202	104
82	202	138
83	202	152
85	202	146
86	202	90
87	202	72
88	202	64
90	202	102
91	202	85
93	202	127
97	202	101
98	202	63
99	202	82
101	202	95
102	202	70
103	202	97
104	202	84
108	202	65
110	202	43
111	202	49
112	202	77
113	202	90
115	202	61
116	202	76
119	202	106
120	202	137
122	202	160
123	202	117
124	202	68
125	202	57
126	202	94
127	202	114
128	202	15
130	202	69
131	202	3
132	202	131
135	202	44
136	202	84
137	202	27
139	202	15
140	202	67
141	202	73
142	202	55
145	202	105
146	202	111
147	202	33
151	202	59
155	202	59
156	202	75
158	202	219
159	202	95
162	202	25
163	202	170
164	202	71
166	202	118
167	202	181
169	202	100
170	202	52
171	202	57
173	202	23
174	202	184
175	202	129
178	202	169
179	202	104
180	202	26
181	202	88
184	202	55
185	202	118
186	202	62
187	202	54
189	202	58
190	202	59
191	202	153
192	202	228
193	202	89
194	202	84
195	202	54
198	202	58
200	202	80
215	202	44
219	202	137
227	202	26
228	202	25
16	201	92
18	201	30
22	201	35
24	201	108
31	201	40
33	201	116
34	201	59
48	201	63
52	201	79
53	201	86
57	201	163
58	201	170
59	201	23
64	201	30
65	201	63
66	201	35
69	201	89
70	201	107
71	201	41
72	201	63
75	201	155
76	201	57
78	201	143
80	201	110
81	201	66
83	201	69
86	201	20
87	201	75
88	201	263
91	201	56
92	201	150
93	201	93
95	201	41
97	201	53
101	201	122
102	201	60
105	201	22
106	201	55
107	201	39
109	201	102
111	201	69
113	201	143
115	201	96
117	201	167
118	201	63
119	201	98
120	201	63
123	201	27
124	201	53
125	201	73
127	201	34
128	201	44
129	201	73
130	201	60
131	201	71
132	201	47
133	201	92
134	201	31
135	201	32
137	201	114
139	201	81
140	201	73
141	201	42
144	201	158
145	201	82
146	201	75
147	201	49
148	201	60
150	201	55
151	201	65
152	201	87
153	201	76
154	201	33
155	201	133
157	201	13
159	201	119
161	201	69
162	201	86
164	201	69
166	201	41
167	201	117
168	201	126
169	201	31
170	201	60
171	201	129
172	201	58
174	201	94
176	201	63
177	201	14
178	201	15
179	201	67
180	201	33
181	201	67
184	201	60
185	201	67
186	201	102
187	201	47
190	201	50
191	201	73
192	201	94
193	201	33
194	201	108
198	201	33
199	201	173
200	201	4
201	201	103
204	201	83
205	201	82
208	201	71
14	200	102
23	200	65
31	200	44
34	200	20
35	200	40
36	200	63
44	200	20
45	200	40
52	200	22
57	200	172
58	200	50
83	246	60
59	245	59
69	245	26
83	245	65
115	245	66
117	245	68
59	244	65
83	244	104
86	244	30
91	244	30
100	244	78
105	244	29
110	244	63
147	244	44
189	244	52
36	243	23
45	243	73
55	243	83
72	243	17
73	243	67
74	243	58
75	243	18
76	243	51
91	243	33
96	243	64
100	243	55
103	243	43
104	243	18
106	243	104
107	243	59
118	243	22
140	243	28
149	243	34
161	243	44
167	243	44
168	243	61
179	243	32
183	243	25
200	243	19
37	242	68
45	242	53
52	242	28
57	242	24
58	242	144
60	242	48
68	242	138
84	242	27
89	242	22
91	242	95
92	242	78
96	242	84
97	242	45
98	242	76
100	242	38
103	242	40
104	242	90
105	242	30
106	242	27
107	242	69
108	242	57
109	242	34
110	242	47
116	242	71
118	242	51
120	242	22
123	242	49
125	242	45
127	242	42
159	242	40
164	242	19
168	242	7
171	242	69
173	242	34
175	242	36
177	242	51
188	242	70
194	242	30
27	241	25
35	241	38
39	241	42
51	241	85
55	241	60
61	241	16
71	241	60
79	241	41
81	241	13
98	241	34
105	241	58
106	241	35
108	241	62
111	241	30
114	241	49
122	241	57
132	241	16
139	241	10
148	241	104
151	241	17
166	241	44
168	241	71
173	241	26
188	241	99
189	241	39
196	241	92
205	241	57
21	240	66
43	240	51
44	240	45
59	240	68
61	240	55
65	240	22
68	240	51
74	240	21
75	240	37
76	240	64
77	240	21
78	240	40
79	240	50
81	240	88
84	240	59
85	240	49
90	240	19
91	240	72
107	240	76
109	240	24
112	240	62
114	240	108
117	240	67
118	240	47
124	240	52
128	240	82
153	240	59
155	240	53
157	240	84
162	240	28
166	240	84
168	240	206
170	240	53
177	240	42
181	240	82
188	240	88
191	240	71
205	240	67
42	239	74
43	239	66
48	239	54
69	239	64
70	239	40
76	239	24
83	239	53
89	239	57
91	239	95
95	239	26
96	239	66
98	239	25
101	239	45
106	239	88
116	239	104
121	239	67
122	239	81
124	239	42
125	239	89
126	239	25
129	239	75
133	239	52
137	239	51
142	239	14
150	239	88
162	239	59
165	239	20
167	239	33
170	239	59
186	239	36
212	239	54
31	238	70
40	238	14
47	238	22
48	238	45
49	238	16
50	238	39
51	238	54
54	238	123
56	238	52
59	238	78
61	238	36
62	238	71
70	238	54
72	238	73
74	238	82
75	238	66
77	238	31
78	238	43
82	238	65
83	238	26
86	238	56
87	238	79
88	238	64
89	238	46
91	238	85
94	238	45
95	238	29
97	238	40
101	238	82
102	238	52
104	238	57
108	238	82
110	238	116
111	238	55
114	238	46
116	238	64
117	238	48
121	238	51
123	238	41
124	238	48
125	238	56
127	238	31
128	238	72
129	238	86
130	238	64
132	238	30
136	238	90
138	238	51
142	238	85
152	238	47
155	238	99
159	238	43
162	238	130
164	238	49
167	238	62
168	238	37
169	238	116
176	238	31
177	238	179
179	238	98
184	238	39
185	238	21
186	238	33
187	238	49
194	238	72
218	238	64
48	237	42
52	237	39
54	237	9
55	237	30
61	237	97
65	237	118
71	237	72
74	237	20
76	237	131
78	237	70
79	237	78
82	237	83
84	237	57
85	237	93
86	237	207
87	237	52
89	237	95
90	237	76
94	237	39
99	237	33
100	237	49
101	237	47
102	237	66
105	237	24
110	237	203
115	237	49
118	237	48
124	237	72
132	237	35
134	237	6
137	237	69
138	237	56
142	237	75
148	237	57
149	237	34
154	237	59
155	237	63
157	237	66
167	237	89
168	237	5
170	237	94
172	237	58
178	237	65
204	237	30
211	237	59
212	237	50
41	236	83
47	236	9
51	236	66
54	236	40
55	236	41
62	236	35
63	236	23
66	236	99
67	236	131
71	236	103
72	236	29
75	236	80
78	236	41
79	236	127
80	236	35
81	236	60
82	236	68
83	236	46
85	236	77
86	236	70
87	236	135
88	236	91
89	236	93
95	236	52
100	236	66
103	236	48
107	236	46
109	236	39
110	236	59
114	236	91
115	236	57
117	236	77
120	236	55
121	236	58
123	236	179
124	236	70
125	236	53
126	236	83
127	236	119
128	236	31
129	236	8
130	236	90
132	236	36
136	236	44
140	236	62
146	236	62
148	236	41
149	236	89
151	236	58
155	236	44
157	236	40
158	236	76
164	236	81
165	236	99
166	236	64
168	236	55
171	236	16
178	236	39
181	236	92
186	236	23
187	236	37
197	236	27
199	236	37
216	236	48
34	235	103
35	235	25
39	235	72
42	235	24
43	235	60
55	235	150
56	235	48
58	235	102
59	235	48
60	235	25
62	235	44
66	235	63
67	235	85
69	235	56
72	235	27
74	235	19
75	235	196
76	235	120
80	235	22
81	235	145
82	235	220
83	235	107
84	235	49
85	235	175
86	235	156
89	235	34
90	235	217
91	235	158
92	235	48
96	235	99
97	235	131
98	235	64
100	235	67
102	235	81
104	235	160
105	235	64
106	235	153
107	235	73
109	235	70
110	235	37
112	235	45
115	235	30
116	235	53
117	235	57
119	235	51
120	235	70
122	235	128
123	235	95
124	235	125
125	235	53
126	235	85
127	235	68
131	235	55
132	235	69
138	235	56
140	235	115
143	235	108
146	235	85
149	235	39
154	235	102
158	235	56
162	235	57
163	235	70
164	235	44
173	235	74
176	235	50
183	235	54
197	235	39
213	235	84
35	234	25
37	234	27
38	234	70
43	234	13
47	234	49
50	234	97
51	234	58
56	234	44
57	234	67
59	234	52
64	234	78
72	234	32
74	234	40
75	234	75
76	234	162
77	234	104
79	234	21
81	234	103
83	234	136
84	234	70
86	234	13
87	234	95
88	234	98
89	234	53
90	234	33
91	234	89
96	234	71
97	234	85
98	234	72
100	234	27
102	234	74
104	234	32
105	234	16
108	234	75
115	234	38
116	234	30
118	234	54
121	234	71
123	234	31
124	234	42
126	234	39
128	234	64
131	234	60
134	234	103
137	234	104
138	234	123
139	234	38
142	234	15
147	234	53
156	234	154
159	234	26
161	234	12
162	234	60
164	234	176
167	234	33
169	234	23
172	234	141
173	234	37
174	234	27
185	234	85
186	234	63
189	234	48
196	234	30
201	234	49
213	234	65
17	233	7
37	233	73
43	233	59
44	233	47
47	233	149
48	233	33
49	233	18
50	233	69
51	233	54
52	233	52
53	233	56
55	233	52
57	233	49
59	233	40
62	233	29
63	233	34
65	233	63
68	233	96
71	233	60
73	233	60
74	233	58
75	233	91
77	233	71
78	233	246
79	233	79
81	233	52
83	233	79
85	233	113
86	233	112
87	233	71
88	233	62
89	233	107
90	233	56
91	233	92
96	233	56
97	233	52
99	233	106
100	233	66
101	233	114
102	233	70
105	233	45
106	233	46
107	233	40
113	233	59
116	233	41
119	233	54
120	233	113
121	233	13
122	233	70
123	233	79
124	233	67
126	233	88
128	233	21
130	233	94
132	233	56
135	233	46
138	233	66
142	233	60
145	233	38
146	233	54
152	233	34
158	233	26
163	233	57
164	233	65
177	233	106
178	233	68
184	233	62
186	233	84
187	233	57
201	233	32
238	233	10
29	232	41
39	232	64
43	232	95
45	232	45
49	232	20
52	232	79
53	232	13
55	232	54
57	232	48
58	232	41
59	232	89
60	232	68
62	232	37
63	232	77
64	232	85
67	232	40
68	232	40
69	232	27
70	232	44
71	232	81
72	232	19
73	232	54
74	232	66
75	232	74
76	232	98
78	232	168
79	232	105
82	232	31
83	232	119
84	232	44
85	232	129
86	232	78
87	232	282
88	232	93
89	232	49
90	232	115
91	232	151
96	232	70
97	232	72
98	232	68
99	232	149
101	232	20
102	232	47
103	232	140
104	232	78
106	232	91
108	232	52
110	232	59
111	232	122
112	232	48
114	232	111
117	232	52
122	232	37
123	232	133
127	232	95
129	232	10
131	232	38
133	232	128
135	232	41
137	232	33
138	232	82
139	232	29
140	232	39
141	232	25
143	232	115
144	232	37
147	232	151
148	232	60
155	232	92
157	232	52
158	232	46
159	232	67
162	232	40
165	232	75
167	232	87
172	232	47
175	232	70
176	232	19
177	232	39
181	232	31
184	232	130
186	232	97
196	232	59
209	232	32
230	232	27
25	231	30
26	231	65
29	231	66
32	231	76
34	231	52
39	231	71
40	231	34
44	231	51
45	231	73
54	231	144
58	231	25
60	231	30
61	231	63
62	231	54
63	231	165
66	231	82
67	231	20
71	231	121
72	231	64
73	231	94
74	231	119
75	231	75
76	231	15
77	231	149
78	231	173
80	231	83
81	231	171
82	231	176
84	231	44
85	231	149
86	231	100
87	231	65
89	231	198
90	231	26
91	231	49
92	231	49
93	231	38
95	231	73
96	231	166
98	231	62
99	231	92
101	231	72
102	231	53
103	231	18
104	231	68
106	231	44
107	231	106
108	231	98
109	231	158
110	231	79
113	231	68
114	231	84
118	231	95
121	231	55
122	231	74
123	231	99
125	231	79
127	231	64
129	231	25
131	231	34
134	231	34
135	231	135
139	231	70
141	231	73
143	231	54
144	231	81
152	231	123
153	231	69
158	231	37
159	231	49
161	231	58
164	231	83
165	231	49
166	231	63
167	231	61
169	231	29
170	231	42
172	231	24
173	231	36
176	231	22
177	231	76
181	231	57
182	231	50
184	231	70
185	231	60
187	231	35
28	230	11
36	230	45
40	230	73
44	230	31
45	230	61
47	230	53
49	230	65
51	230	50
56	230	33
57	230	86
58	230	42
59	230	132
60	230	75
61	230	88
62	230	51
63	230	15
67	230	98
68	230	120
69	230	59
70	230	83
71	230	188
72	230	89
73	230	56
74	230	250
75	230	106
76	230	112
77	230	115
78	230	159
80	230	89
81	230	114
82	230	156
83	230	173
84	230	62
85	230	99
86	230	121
87	230	73
88	230	66
89	230	50
91	230	68
92	230	112
93	230	57
94	230	118
97	230	16
99	230	11
100	230	203
104	230	54
105	230	86
106	230	60
107	230	175
108	230	259
109	230	60
111	230	59
112	230	70
116	230	3
119	230	49
123	230	65
125	230	46
126	230	126
127	230	91
130	230	49
132	230	105
133	230	62
134	230	109
136	230	43
138	230	41
141	230	38
144	230	76
149	230	74
150	230	65
154	230	42
157	230	53
158	230	46
159	230	62
167	230	42
172	230	48
174	230	74
175	230	84
176	230	91
177	230	77
186	230	31
190	230	40
191	230	120
192	230	52
194	230	37
203	230	38
204	230	49
205	230	23
221	230	28
28	229	40
40	229	59
42	229	51
44	229	171
45	229	32
47	229	34
51	229	62
52	229	47
56	229	80
59	229	92
62	229	23
63	229	25
65	229	26
68	229	53
69	229	50
70	229	100
71	229	72
72	229	181
73	229	68
74	229	235
75	229	214
76	229	191
77	229	146
78	229	48
79	229	284
80	229	180
81	229	172
82	229	242
83	229	217
84	229	181
85	229	139
86	229	147
87	229	154
88	229	139
89	229	190
90	229	108
91	229	104
92	229	59
94	229	33
95	229	67
96	229	43
99	229	81
100	229	57
101	229	34
104	229	78
105	229	126
108	229	24
110	229	75
112	229	25
113	229	43
116	229	225
117	229	147
118	229	105
119	229	40
121	229	26
122	229	46
123	229	166
127	229	57
128	229	128
130	229	79
131	229	72
133	229	87
134	229	77
135	229	84
136	229	41
137	229	48
138	229	40
140	229	61
141	229	44
143	229	47
145	229	92
151	229	58
152	229	40
155	229	44
158	229	200
159	229	29
165	229	72
166	229	58
174	229	44
176	229	89
178	229	53
179	229	68
182	229	122
193	229	125
198	229	99
202	229	50
211	229	45
213	229	60
39	228	57
42	228	76
43	228	67
44	228	27
47	228	73
52	228	34
53	228	23
56	228	42
57	228	53
58	228	136
59	228	45
60	228	47
63	228	63
65	228	27
66	228	14
67	228	104
68	228	43
69	228	130
70	228	120
71	228	89
72	228	171
73	228	171
74	228	189
75	228	111
76	228	82
78	228	77
79	228	154
80	228	208
81	228	92
82	228	105
83	228	106
84	228	144
85	228	166
86	228	151
87	228	217
88	228	205
89	228	95
90	228	45
94	228	36
95	228	103
100	228	111
101	228	72
103	228	53
104	228	61
110	228	84
113	228	184
114	228	54
115	228	91
116	228	58
119	228	112
120	228	42
121	228	67
122	228	75
123	228	93
124	228	25
126	228	72
127	228	88
128	228	58
129	228	13
132	228	56
134	228	100
135	228	36
136	228	46
139	228	79
141	228	89
144	228	74
148	228	66
149	228	90
150	228	48
151	228	52
152	228	108
156	228	44
157	228	37
162	228	47
165	228	62
166	228	78
167	228	35
170	228	126
171	228	154
174	228	49
177	228	71
178	228	128
180	228	60
181	228	35
182	228	72
183	228	47
184	228	56
187	228	65
192	228	80
194	228	66
195	228	80
196	228	54
198	228	23
202	228	24
208	228	55
223	228	51
16	227	51
27	227	74
28	227	62
31	227	17
32	227	103
33	227	48
38	227	14
39	227	60
43	227	19
46	227	52
49	227	57
53	227	100
54	227	45
57	227	105
60	227	54
61	227	49
62	227	29
63	227	47
64	227	53
65	227	186
66	227	55
67	227	91
68	227	123
69	227	221
70	227	203
71	227	153
72	227	176
73	227	124
74	227	171
75	227	122
76	227	308
77	227	27
78	227	63
79	227	116
80	227	160
81	227	93
82	227	179
83	227	158
84	227	98
85	227	131
86	227	102
87	227	97
88	227	105
89	227	172
90	227	139
91	227	25
92	227	39
93	227	62
94	227	28
95	227	54
96	227	49
97	227	45
98	227	107
100	227	40
103	227	55
105	227	36
107	227	65
111	227	83
115	227	51
117	227	73
119	227	53
120	227	75
121	227	218
122	227	84
123	227	198
124	227	215
125	227	22
131	227	103
136	227	112
137	227	59
139	227	79
143	227	84
144	227	45
145	227	20
147	227	96
148	227	155
149	227	134
150	227	48
152	227	38
153	227	99
158	227	74
159	227	53
162	227	25
163	227	96
164	227	157
165	227	42
168	227	84
169	227	88
173	227	20
175	227	134
177	227	86
179	227	177
181	227	16
182	227	70
183	227	109
185	227	67
188	227	48
189	227	65
192	227	61
203	227	64
212	227	141
213	227	66
214	227	62
220	227	64
24	226	57
37	226	26
38	226	172
39	226	32
41	226	106
44	226	59
45	226	47
47	226	63
48	226	24
49	226	136
50	226	52
51	226	46
53	226	33
57	226	48
58	226	131
59	226	24
60	226	53
61	226	107
64	226	29
65	226	149
67	226	110
68	226	102
69	226	68
70	226	302
71	226	248
72	226	111
73	226	203
74	226	147
75	226	95
76	226	249
77	226	255
78	226	142
79	226	117
80	226	54
81	226	163
82	226	144
83	226	166
84	226	287
85	226	197
86	226	206
87	226	100
88	226	126
89	226	106
90	226	96
91	226	60
92	226	60
94	226	75
95	226	107
96	226	33
97	226	37
99	226	52
100	226	45
101	226	45
102	226	48
103	226	122
104	226	168
105	226	186
106	226	75
108	226	107
109	226	78
112	226	65
113	226	112
115	226	112
117	226	57
119	226	62
121	226	41
124	226	17
130	226	52
131	226	125
132	226	36
133	226	47
137	226	60
140	226	68
142	226	105
143	226	76
146	226	199
147	226	141
148	226	59
156	226	37
159	226	91
160	226	199
161	226	122
162	226	79
163	226	81
164	226	153
166	226	57
169	226	20
175	226	67
176	226	113
177	226	54
179	226	95
190	226	146
191	226	62
196	226	47
197	226	56
198	226	28
199	226	55
200	226	39
201	226	88
204	226	40
207	226	57
32	225	49
38	225	139
39	225	54
41	225	26
42	225	29
46	225	21
47	225	38
50	225	70
51	225	59
57	225	96
58	225	46
61	225	110
63	225	189
64	225	31
65	225	68
66	225	7
67	225	48
69	225	36
70	225	299
71	225	63
72	225	192
73	225	209
74	225	94
75	225	159
76	225	191
77	225	114
78	225	129
79	225	137
80	225	408
81	225	120
82	225	96
83	225	112
84	225	259
85	225	87
86	225	186
87	225	82
88	225	161
89	225	107
90	225	62
91	225	132
92	225	26
93	225	51
94	225	37
96	225	38
97	225	86
98	225	140
100	225	100
101	225	62
104	225	111
105	225	79
109	225	69
111	225	84
112	225	115
113	225	56
114	225	65
115	225	57
118	225	148
119	225	54
121	225	64
123	225	128
124	225	75
136	225	139
137	225	39
138	225	117
140	225	57
142	225	36
144	225	41
145	225	78
147	225	77
155	225	68
156	225	57
160	225	29
163	225	76
165	225	57
167	225	112
169	225	43
173	225	61
178	225	90
179	225	9
185	225	106
191	225	33
197	225	67
199	225	48
200	225	76
202	225	67
26	224	19
34	224	21
38	224	155
39	224	76
40	224	34
43	224	47
44	224	30
45	224	119
46	224	89
48	224	43
57	224	33
58	224	36
59	224	32
62	224	56
63	224	23
64	224	78
65	224	24
67	224	89
69	224	54
70	224	83
71	224	96
72	224	191
73	224	122
74	224	141
75	224	68
76	224	104
77	224	157
78	224	213
79	224	47
80	224	255
81	224	64
82	224	173
83	224	171
84	224	62
85	224	93
86	224	149
87	224	174
88	224	40
90	224	139
97	224	36
98	224	93
99	224	76
100	224	72
102	224	153
103	224	60
104	224	104
105	224	56
107	224	48
108	224	29
109	224	23
110	224	44
113	224	26
115	224	77
117	224	93
118	224	86
119	224	128
121	224	47
122	224	57
123	224	127
125	224	19
126	224	82
129	224	63
130	224	41
133	224	128
136	224	150
137	224	55
138	224	69
139	224	42
141	224	67
142	224	84
144	224	79
146	224	46
147	224	87
150	224	65
152	224	141
154	224	45
157	224	54
159	224	135
162	224	38
164	224	48
166	224	49
167	224	38
168	224	35
169	224	116
174	224	35
175	224	220
177	224	89
178	224	6
179	224	66
180	224	64
181	224	60
182	224	76
183	224	9
187	224	91
188	224	94
191	224	27
195	224	39
196	224	39
200	224	82
202	224	13
203	224	41
204	224	29
209	224	54
210	224	22
221	224	90
28	223	22
33	223	54
36	223	84
39	223	147
40	223	106
41	223	113
42	223	58
43	223	31
44	223	169
45	223	73
46	223	90
47	223	97
48	223	65
51	223	43
56	223	95
61	223	61
62	223	77
63	223	68
64	223	51
66	223	148
68	223	58
69	223	69
71	223	187
72	223	65
73	223	111
74	223	115
75	223	105
76	223	49
77	223	87
78	223	146
79	223	133
80	223	87
81	223	235
82	223	163
83	223	44
84	223	398
85	223	172
86	223	121
87	223	119
88	223	148
89	223	118
90	223	133
94	223	79
95	223	92
96	223	3
100	223	91
102	223	50
103	223	112
105	223	37
107	223	107
108	223	92
109	223	129
110	223	57
112	223	105
115	223	40
116	223	54
117	223	142
118	223	31
121	223	161
123	223	11
124	223	89
125	223	15
126	223	140
128	223	119
130	223	52
132	223	122
133	223	106
134	223	15
136	223	83
137	223	140
138	223	70
140	223	125
141	223	140
146	223	30
147	223	24
148	223	198
149	223	61
154	223	121
156	223	93
157	223	51
158	223	47
163	223	57
165	223	41
172	223	101
173	223	29
176	223	135
178	223	48
179	223	46
180	223	41
182	223	44
183	223	29
184	223	81
186	223	38
188	223	6
189	223	98
191	223	91
192	223	28
194	223	170
195	223	97
197	223	83
199	223	40
203	223	79
204	223	23
207	223	30
229	223	60
31	222	57
34	222	46
37	222	48
38	222	92
39	222	107
44	222	55
45	222	60
46	222	98
47	222	90
48	222	48
49	222	63
52	222	101
54	222	125
55	222	67
56	222	46
58	222	38
59	222	39
62	222	86
65	222	127
68	222	104
69	222	79
70	222	51
71	222	72
72	222	119
73	222	80
74	222	12
76	222	56
77	222	59
78	222	117
79	222	258
80	222	102
81	222	185
82	222	144
83	222	82
84	222	49
85	222	128
86	222	206
87	222	92
88	222	171
89	222	52
90	222	66
91	222	125
92	222	52
94	222	239
95	222	81
96	222	119
98	222	101
99	222	66
100	222	97
101	222	98
102	222	105
103	222	43
104	222	114
105	222	22
106	222	110
108	222	67
109	222	180
110	222	60
111	222	40
112	222	107
113	222	83
115	222	155
116	222	86
117	222	131
119	222	57
120	222	70
121	222	84
123	222	12
124	222	163
125	222	16
126	222	46
129	222	52
132	222	87
134	222	64
135	222	180
137	222	100
138	222	52
139	222	115
141	222	135
143	222	67
148	222	37
149	222	72
152	222	86
154	222	90
157	222	127
160	222	160
161	222	57
164	222	40
165	222	65
166	222	138
167	222	141
168	222	128
170	222	64
171	222	89
175	222	58
178	222	39
180	222	27
181	222	147
182	222	22
184	222	40
186	222	63
187	222	48
188	222	51
191	222	62
193	222	76
194	222	68
197	222	77
198	222	40
200	222	13
201	222	103
205	222	57
206	222	56
207	222	52
217	222	49
27	221	18
28	221	26
29	221	39
30	221	45
31	221	57
33	221	58
35	221	63
36	221	100
37	221	110
38	221	63
39	221	57
40	221	106
41	221	70
42	221	56
43	221	70
44	221	44
47	221	74
48	221	44
49	221	76
50	221	66
52	221	52
59	221	102
60	221	76
61	221	21
62	221	73
65	221	25
68	221	80
69	221	120
70	221	37
72	221	98
73	221	52
74	221	16
75	221	138
76	221	98
77	221	85
78	221	148
80	221	24
82	221	242
83	221	99
84	221	109
85	221	150
86	221	46
87	221	68
88	221	85
89	221	43
90	221	44
91	221	184
93	221	228
94	221	98
96	221	87
98	221	92
100	221	63
101	221	68
105	221	82
106	221	63
107	221	41
109	221	19
112	221	59
113	221	57
114	221	62
115	221	35
116	221	85
118	221	95
119	221	16
120	221	160
121	221	111
122	221	70
124	221	125
125	221	65
127	221	54
130	221	63
131	221	147
134	221	6
136	221	121
138	221	42
139	221	32
140	221	57
144	221	57
145	221	34
147	221	46
148	221	77
149	221	70
151	221	96
152	221	20
157	221	24
158	221	125
159	221	22
160	221	39
162	221	122
166	221	115
167	221	145
170	221	78
171	221	58
173	221	57
174	221	13
181	221	94
182	221	120
185	221	102
186	221	110
187	221	72
188	221	55
189	221	57
192	221	100
193	221	120
194	221	58
198	221	73
199	221	52
200	221	25
201	221	222
205	221	59
206	221	32
207	221	87
212	221	61
18	220	60
23	220	51
25	220	36
31	220	84
32	220	178
34	220	81
35	220	61
36	220	75
37	220	43
40	220	98
41	220	57
42	220	42
46	220	50
49	220	83
51	220	54
58	220	41
59	220	176
60	220	73
66	220	33
68	220	99
69	220	125
72	220	201
73	220	23
74	220	38
75	220	66
76	220	80
78	220	73
81	220	112
82	220	84
85	220	180
86	220	160
87	220	109
88	220	30
89	220	125
90	220	86
91	220	239
92	220	60
94	220	132
96	220	86
97	220	177
100	220	32
102	220	21
104	220	39
105	220	28
106	220	82
110	220	48
111	220	75
112	220	100
113	220	160
114	220	135
117	220	92
118	220	146
120	220	60
122	220	95
124	220	147
125	220	37
126	220	65
129	220	218
130	220	19
131	220	29
132	220	57
133	220	55
135	220	142
136	220	52
137	220	92
138	220	87
142	220	44
144	220	47
149	220	47
150	220	34
155	220	49
156	220	44
157	220	51
158	220	66
159	220	42
160	220	44
161	220	9
163	220	27
165	220	98
166	220	64
167	220	44
171	220	30
172	220	63
173	220	61
174	220	27
175	220	85
177	220	73
179	220	47
182	220	139
191	220	29
195	220	110
198	220	121
199	220	202
200	220	72
201	220	65
202	220	163
203	220	40
205	220	60
209	220	28
218	220	93
231	220	83
35	219	40
37	219	67
38	219	144
41	219	62
43	219	45
44	219	98
45	219	37
46	219	136
49	219	93
50	219	46
54	219	51
55	219	46
57	219	90
59	219	158
60	219	56
63	219	64
65	219	72
66	219	150
67	219	83
70	219	75
73	219	26
74	219	71
75	219	84
76	219	69
78	219	131
80	219	158
81	219	31
82	219	51
89	219	105
90	219	72
92	219	147
93	219	197
95	219	69
96	219	31
97	219	48
98	219	46
100	219	130
101	219	186
102	219	20
103	219	83
104	219	79
106	219	118
107	219	54
108	219	170
109	219	101
110	219	12
111	219	67
112	219	196
114	219	143
116	219	122
117	219	138
118	219	73
119	219	44
122	219	92
124	219	57
125	219	75
128	219	60
129	219	178
130	219	36
131	219	83
132	219	217
133	219	44
134	219	14
136	219	63
137	219	31
138	219	35
140	219	147
141	219	56
142	219	25
144	219	82
145	219	56
146	219	98
149	219	74
150	219	15
151	219	151
153	219	40
154	219	85
156	219	81
157	219	55
160	219	20
162	219	57
164	219	101
165	219	110
166	219	54
167	219	50
170	219	50
172	219	11
176	219	105
179	219	43
181	219	19
182	219	139
183	219	166
186	219	71
188	219	59
191	219	72
194	219	80
195	219	29
199	219	87
200	219	19
201	219	99
202	219	54
203	219	46
206	219	103
208	219	115
214	219	24
218	219	45
229	219	63
20	218	15
26	218	206
28	218	24
33	218	76
36	218	51
37	218	27
38	218	49
39	218	87
40	218	44
41	218	62
42	218	104
43	218	81
44	218	103
45	218	123
46	218	136
47	218	52
49	218	111
50	218	68
51	218	35
53	218	43
54	218	115
55	218	83
58	218	52
60	218	65
61	218	37
62	218	49
64	218	91
65	218	56
66	218	117
67	218	58
68	218	56
69	218	28
70	218	54
72	218	30
73	218	40
74	218	150
75	218	72
76	218	200
77	218	106
78	218	39
81	218	122
82	218	23
83	218	119
85	218	77
88	218	175
90	218	41
91	218	78
92	218	94
94	218	99
96	218	93
99	218	121
101	218	140
102	218	97
105	218	127
106	218	113
108	218	53
111	218	80
113	218	36
114	218	32
117	218	124
118	218	56
119	218	34
122	218	42
125	218	39
127	218	71
128	218	128
129	218	186
130	218	171
131	218	118
133	218	42
134	218	22
136	218	61
140	218	35
141	218	24
147	218	109
148	218	69
149	218	13
150	218	37
152	218	87
154	218	134
156	218	67
160	218	168
162	218	78
163	218	23
164	218	93
167	218	82
168	218	75
174	218	165
175	218	105
176	218	163
177	218	43
178	218	124
180	218	110
181	218	51
182	218	73
183	218	122
184	218	101
185	218	218
191	218	121
192	218	89
193	218	25
196	218	49
199	218	30
200	218	60
202	218	52
203	218	79
204	218	184
205	218	70
207	218	85
208	218	90
209	218	75
234	218	90
9	217	41
14	217	46
28	217	31
31	217	62
32	217	27
33	217	19
35	217	44
38	217	132
39	217	9
40	217	8
41	217	12
42	217	70
43	217	118
44	217	57
45	217	63
47	217	102
48	217	35
49	217	76
51	217	85
52	217	142
54	217	66
55	217	46
56	217	183
57	217	51
64	217	33
66	217	59
67	217	57
71	217	65
72	217	76
73	217	46
74	217	90
75	217	93
76	217	100
77	217	170
78	217	150
79	217	93
80	217	82
82	217	171
85	217	30
86	217	126
88	217	76
90	217	88
92	217	164
93	217	53
94	217	182
96	217	108
98	217	196
99	217	71
101	217	43
103	217	208
104	217	82
105	217	75
107	217	54
108	217	31
111	217	55
113	217	159
114	217	31
115	217	57
116	217	74
117	217	74
118	217	92
121	217	179
122	217	40
123	217	167
124	217	56
125	217	62
127	217	28
128	217	87
130	217	54
131	217	19
132	217	75
138	217	84
140	217	103
143	217	62
144	217	162
145	217	56
146	217	67
147	217	62
149	217	88
150	217	142
151	217	114
154	217	69
156	217	56
157	217	68
159	217	86
161	217	39
162	217	33
164	217	41
165	217	62
166	217	38
168	217	57
173	217	67
175	217	62
176	217	84
177	217	72
180	217	103
182	217	75
183	217	51
184	217	135
185	217	266
187	217	83
192	217	60
193	217	72
194	217	62
195	217	33
196	217	64
197	217	42
199	217	57
200	217	135
201	217	88
202	217	51
203	217	273
204	217	238
205	217	10
206	217	181
210	217	119
211	217	30
212	217	21
217	217	76
30	216	70
36	216	84
37	216	94
38	216	54
39	216	103
40	216	57
41	216	77
43	216	80
44	216	162
45	216	58
46	216	92
47	216	145
48	216	64
49	216	83
50	216	77
51	216	51
52	216	65
54	216	115
56	216	176
59	216	75
62	216	131
63	216	112
64	216	30
65	216	55
66	216	125
67	216	94
68	216	27
70	216	49
71	216	39
72	216	135
73	216	67
75	216	134
76	216	185
77	216	83
78	216	46
79	216	158
80	216	173
81	216	110
82	216	97
84	216	59
86	216	204
87	216	11
88	216	158
89	216	94
90	216	186
92	216	56
94	216	31
95	216	110
98	216	61
99	216	23
100	216	51
101	216	26
102	216	206
103	216	44
104	216	126
105	216	64
107	216	66
110	216	63
112	216	22
113	216	22
114	216	65
115	216	67
118	216	204
120	216	47
121	216	27
122	216	140
123	216	76
124	216	38
125	216	81
127	216	52
129	216	32
131	216	115
132	216	45
133	216	111
135	216	89
137	216	29
140	216	13
141	216	3
143	216	82
144	216	137
145	216	36
148	216	49
157	216	24
160	216	107
163	216	73
164	216	51
165	216	44
167	216	38
169	216	52
170	216	54
171	216	37
172	216	52
173	216	52
177	216	165
178	216	41
179	216	84
181	216	50
183	216	154
185	216	117
188	216	41
190	216	126
191	216	59
197	216	70
198	216	33
200	216	182
201	216	27
202	216	133
203	216	82
204	216	35
205	216	130
206	216	108
207	216	82
208	216	85
209	216	20
210	216	35
213	216	94
214	216	41
215	216	30
216	216	38
219	216	64
223	216	34
15	215	58
24	215	75
29	215	29
32	215	74
36	215	41
38	215	27
40	215	51
41	215	57
42	215	165
43	215	59
45	215	54
46	215	66
47	215	87
48	215	108
50	215	76
52	215	69
53	215	38
55	215	22
56	215	38
58	215	25
60	215	19
61	215	16
63	215	16
64	215	25
66	215	65
67	215	25
68	215	123
69	215	88
70	215	134
71	215	20
72	215	109
73	215	30
75	215	91
76	215	159
77	215	108
79	215	12
80	215	70
81	215	258
82	215	260
84	215	70
85	215	55
86	215	41
87	215	82
88	215	46
89	215	12
90	215	89
93	215	118
94	215	240
95	215	108
96	215	84
98	215	54
99	215	53
100	215	70
102	215	37
104	215	66
105	215	182
106	215	33
107	215	144
108	215	228
110	215	60
112	215	88
113	215	56
114	215	72
115	215	46
117	215	88
118	215	40
119	215	30
120	215	30
121	215	144
123	215	63
124	215	132
126	215	77
127	215	104
128	215	60
129	215	57
130	215	17
131	215	40
132	215	84
135	215	135
137	215	51
142	215	49
150	215	44
151	215	23
152	215	57
154	215	84
155	215	99
156	215	21
157	215	51
158	215	80
159	215	39
160	215	54
164	215	122
166	215	154
167	215	99
169	215	26
170	215	88
173	215	90
174	215	48
176	215	92
177	215	75
178	215	66
181	215	124
184	215	171
185	215	79
186	215	49
187	215	9
189	215	71
191	215	56
192	215	41
193	215	78
195	215	55
196	215	143
197	215	40
199	215	114
200	215	182
201	215	160
202	215	115
203	215	53
204	215	183
205	215	75
206	215	37
207	215	110
208	215	23
210	215	135
211	215	48
213	215	20
215	215	82
216	215	67
221	215	31
223	215	16
8	214	40
17	214	6
18	214	32
21	214	59
22	214	37
36	214	79
40	214	80
46	214	124
48	214	35
49	214	60
50	214	85
51	214	92
53	214	88
54	214	80
55	214	82
62	214	61
63	214	120
64	214	41
65	214	182
66	214	19
68	214	107
69	214	132
72	214	156
73	214	57
74	214	175
75	214	61
76	214	135
79	214	106
80	214	44
81	214	78
82	214	107
83	214	38
84	214	65
85	214	222
86	214	64
88	214	149
93	214	29
94	214	149
95	214	97
96	214	83
97	214	93
98	214	124
99	214	117
101	214	11
102	214	14
103	214	36
104	214	44
105	214	53
106	214	97
107	214	56
108	214	88
109	214	67
111	214	46
112	214	195
113	214	67
115	214	79
116	214	79
119	214	36
120	214	153
122	214	51
124	214	28
125	214	19
126	214	64
132	214	118
133	214	109
134	214	43
135	214	65
136	214	49
138	214	67
139	214	133
140	214	24
141	214	75
142	214	85
143	214	155
144	214	165
145	214	82
146	214	52
152	214	63
154	214	24
155	214	27
157	214	38
158	214	55
160	214	68
161	214	14
163	214	91
164	214	57
165	214	113
166	214	85
169	214	117
170	214	13
172	214	70
173	214	105
174	214	78
178	214	39
179	214	73
180	214	78
183	214	50
184	214	118
187	214	96
188	214	50
190	214	20
194	214	152
195	214	102
198	214	55
199	214	142
200	214	116
201	214	137
202	214	126
203	214	119
204	214	233
205	214	161
206	214	113
207	214	107
209	214	157
210	214	48
16	213	87
18	213	60
21	213	14
31	213	45
32	213	89
35	213	73
36	213	49
37	213	29
38	213	15
39	213	120
40	213	91
41	213	60
42	213	15
44	213	102
45	213	73
47	213	110
49	213	36
50	213	34
51	213	105
52	213	69
54	213	85
55	213	185
62	213	11
63	213	60
65	213	75
66	213	62
67	213	64
70	213	85
72	213	130
73	213	112
74	213	43
76	213	70
78	213	185
79	213	243
80	213	62
81	213	57
82	213	61
83	213	82
84	213	26
85	213	110
86	213	182
87	213	61
88	213	125
90	213	181
91	213	21
93	213	67
94	213	79
95	213	79
96	213	54
97	213	80
98	213	62
99	213	42
101	213	50
102	213	90
105	213	19
108	213	99
111	213	47
112	213	67
114	213	34
116	213	46
119	213	30
120	213	129
125	213	165
126	213	33
128	213	65
130	213	158
131	213	135
133	213	71
134	213	89
140	213	91
141	213	63
143	213	85
144	213	102
145	213	137
148	213	56
151	213	64
152	213	41
155	213	21
159	213	45
160	213	89
163	213	67
164	213	70
167	213	62
168	213	181
169	213	47
171	213	71
172	213	98
174	213	78
175	213	69
177	213	33
178	213	72
179	213	99
181	213	169
182	213	48
183	213	170
184	213	81
185	213	274
186	213	93
188	213	77
191	213	41
192	213	70
194	213	96
195	213	50
196	213	191
197	213	75
199	213	47
200	213	39
201	213	192
202	213	170
203	213	167
204	213	95
205	213	180
207	213	156
208	213	71
209	213	63
210	213	30
217	213	87
219	213	80
24	212	59
25	212	68
37	212	36
40	212	59
42	212	65
44	212	69
45	212	134
47	212	77
51	212	62
54	212	71
56	212	66
58	212	52
61	212	53
62	212	52
63	212	141
64	212	38
66	212	29
69	212	37
71	212	51
73	212	86
74	212	21
75	212	38
76	212	57
77	212	43
78	212	126
79	212	136
80	212	95
81	212	151
82	212	79
83	212	84
84	212	105
86	212	60
87	212	219
88	212	103
89	212	92
90	212	240
91	212	66
92	212	29
93	212	111
94	212	200
95	212	107
96	212	73
97	212	69
99	212	85
102	212	100
103	212	186
104	212	40
106	212	64
107	212	67
109	212	33
110	212	69
111	212	71
112	212	92
113	212	67
114	212	243
116	212	42
117	212	130
118	212	59
119	212	16
121	212	158
122	212	107
123	212	78
124	212	125
125	212	40
126	212	142
127	212	28
128	212	117
132	212	182
133	212	66
134	212	27
135	212	37
137	212	114
138	212	49
139	212	95
140	212	143
143	212	47
145	212	82
146	212	111
150	212	75
152	212	120
153	212	52
155	212	64
157	212	73
158	212	118
159	212	54
161	212	45
162	212	98
163	212	42
164	212	56
165	212	53
166	212	58
167	212	68
168	212	62
169	212	84
170	212	18
172	212	79
173	212	108
174	212	159
176	212	68
177	212	51
178	212	89
185	212	48
186	212	104
187	212	59
189	212	76
190	212	51
192	212	59
194	212	141
196	212	111
197	212	67
198	212	59
199	212	118
200	212	33
201	212	134
202	212	109
203	212	83
204	212	157
205	212	117
206	212	85
207	212	61
212	212	49
215	212	82
218	212	103
14	211	69
24	211	80
27	211	37
31	211	45
35	211	49
37	211	18
41	211	53
42	211	31
43	211	12
44	211	65
48	211	57
49	211	108
52	211	62
53	211	35
57	211	122
62	211	92
63	211	60
64	211	53
65	211	41
68	211	44
69	211	66
70	211	54
72	211	72
73	211	126
74	211	19
75	211	47
76	211	96
78	211	156
79	211	204
80	211	68
81	211	12
82	211	157
83	211	174
84	211	72
85	211	58
86	211	113
87	211	134
88	211	126
90	211	129
91	211	64
92	211	42
93	211	130
94	211	191
95	211	163
96	211	108
98	211	62
99	211	68
100	211	62
101	211	50
102	211	43
103	211	35
104	211	27
105	211	97
106	211	88
110	211	67
# chipNumber: 4
# chipName:   G 10 W69
# numHits:    1
223	201	10
# chipNumber: 5
# chipName:   D 9 W69
# numHits:    0
# chipNumber: 6
# chipName:   L 8 W69
# numHits:    82
166	233	11810
234	203	11810
78	102	24
48	99	55
55	95	16
98	95	65
80	94	51
24	91	18
70	90	36
25	86	37
84	86	34
54	85	19
55	85	36
31	84	34
70	84	42
40	83	26
60	83	14
35	82	54
73	82	18
74	81	33
29	80	24
42	80	44
54	79	36
61	78	2
62	77	33
63	77	23
52	76	27
64	76	33
67	76	51
24	75	17
13	74	26
79	74	13
89	74	45
57	73	114
50	72	62
75	72	36
105	70	48
28	69	10
66	69	29
67	69	41
75	69	154
50	68	50
47	67	20
52	67	31
51	64	49
73	64	16
56	63	24
74	63	28
43	62	38
56	62	24
68	61	18
58	59	22
38	58	42
63	58	45
77	58	23
91	58	27
26	57	42
41	57	34
75	56	30
59	54	19
89	54	39
50	53	87
57	53	35
61	53	19
75	53	40
61	52	53
89	51	36
58	48	19
41	47	43
50	47	28
89	47	27
66	46	14
88	46	33
79	44	30
69	43	21
80	43	23
48	42	31
41	41	41
38	39	17
30	38	29
72	28	44
62	26	15
