## [General]
## runNumber:        241
## runTime:       	 7200
## runTimeFrames: 	 0
## pathName:         data/runs/Run_241_181022-16-16
## dateTime:         2018-10-22.16:36:16
## numChips:         7
## shutterTime:      30
## shutterMode:      verylong
## runMode:          0
## fastClock:        0
## externalTrigger:  0
## [Event]
## eventNumber:      1582
## useHvFadc:    	 1
## fadcReadout:    	 1
## szint1ClockInt:	 0
## szint2ClockInt:	 4095
## fadcTriggerClock: 0
# chipNumber: 0
# chipName:   E 6 W69
# numHits:    0
# chipNumber: 1
# chipName:   K 6 W69
# numHits:    0
# chipNumber: 2
# chipName:   H 9 W69
# numHits:    104
88	159	15
52	151	108
181	151	55
138	150	81
181	150	40
54	148	28
91	148	54
107	147	29
115	147	62
144	146	85
145	145	50
151	145	39
129	144	68
36	143	38
24	142	37
27	142	62
164	142	48
213	142	24
242	142	57
24	141	34
172	141	70
237	141	41
67	140	61
73	140	137
82	139	74
77	138	36
80	138	37
94	138	33
62	137	42
103	137	91
161	137	82
192	136	38
23	134	62
77	134	24
115	134	49
17	133	37
142	133	49
225	133	77
109	132	45
117	132	53
60	131	85
75	131	68
80	131	62
103	131	27
184	131	35
192	131	60
47	130	27
77	130	44
89	130	45
98	130	66
102	130	40
163	130	38
86	129	43
100	129	67
125	129	50
167	129	79
196	129	59
91	128	63
114	128	47
156	128	36
114	127	47
138	127	57
157	127	82
241	126	52
42	125	34
106	125	70
240	125	53
105	124	52
31	123	76
68	123	41
146	123	36
242	123	73
246	123	17
64	122	63
183	122	34
227	122	50
147	121	57
35	120	54
36	120	39
160	120	42
37	119	44
38	119	83
98	119	39
104	119	9
123	119	35
131	119	43
185	118	68
116	116	55
237	116	80
130	115	62
38	114	38
47	114	73
80	114	59
103	114	65
199	113	41
245	112	28
31	111	47
148	109	91
29	108	53
136	108	49
229	108	34
24	107	36
227	107	57
159	103	28
# chipNumber: 3
# chipName:   H 10 W69
# numHits:    18700
139	212	39
140	212	74
141	212	50
142	212	63
144	212	55
145	212	42
149	212	87
150	212	69
151	212	70
152	212	51
153	212	151
155	212	81
157	212	49
158	212	45
160	212	154
161	212	63
166	212	68
167	212	60
169	212	56
171	212	26
172	212	120
173	212	82
174	212	98
177	212	105
179	212	116
180	212	140
181	212	81
182	212	57
183	212	182
184	212	113
185	212	40
186	212	130
187	212	68
188	212	87
189	212	62
190	212	19
191	212	26
192	212	72
196	212	22
197	212	71
205	212	62
209	212	90
210	212	48
214	212	34
215	212	38
220	212	81
224	212	34
226	212	45
234	212	34
12	211	57
16	211	30
17	211	74
19	211	129
20	211	95
25	211	33
27	211	97
32	211	117
34	211	89
38	211	34
39	211	35
42	211	100
43	211	76
45	211	171
49	211	12
50	211	218
51	211	34
54	211	50
55	211	49
58	211	95
60	211	52
69	211	55
70	211	47
71	211	22
73	211	64
76	211	141
80	211	56
81	211	68
86	211	21
87	211	52
88	211	81
89	211	144
90	211	131
91	211	41
92	211	103
96	211	89
98	211	46
104	211	136
105	211	32
107	211	62
108	211	19
110	211	49
112	211	86
113	211	80
115	211	68
116	211	140
120	211	44
121	211	140
122	211	59
123	211	93
126	211	25
127	211	13
128	211	37
129	211	143
130	211	118
135	211	12
136	211	92
139	211	68
141	211	27
146	211	67
149	211	23
152	211	131
153	211	60
154	211	100
156	211	74
159	211	48
160	211	80
161	211	65
162	211	19
163	211	91
166	211	50
169	211	114
170	211	74
173	211	48
174	211	46
175	211	45
176	211	104
180	211	174
181	211	38
182	211	113
184	211	47
185	211	30
188	211	26
189	211	45
190	211	66
191	211	133
192	211	128
196	211	178
199	211	70
206	211	68
208	211	88
209	211	17
212	211	44
229	211	49
241	211	25
15	210	52
16	210	42
18	210	73
21	210	52
22	210	43
24	210	57
26	210	64
27	210	52
28	210	48
31	210	86
32	210	32
36	210	149
38	210	137
39	210	35
40	210	82
43	210	116
44	210	97
45	210	57
49	210	98
51	210	47
53	210	67
56	210	45
57	210	51
60	210	42
61	210	80
63	210	146
65	210	26
67	210	135
69	210	67
70	210	27
81	210	38
83	210	30
87	210	66
88	210	94
95	210	58
96	210	36
102	210	80
105	210	27
107	210	53
110	210	86
111	210	34
113	210	122
114	210	147
115	210	82
116	210	82
122	210	75
123	210	109
124	210	37
125	210	45
126	210	23
127	210	51
130	210	71
131	210	26
132	210	61
136	210	162
137	210	42
138	210	39
139	210	12
141	210	50
142	210	35
143	210	66
144	210	51
147	210	137
148	210	65
151	210	122
152	210	183
153	210	27
160	210	100
162	210	44
163	210	33
165	210	50
167	210	73
168	210	13
169	210	45
170	210	86
171	210	48
175	210	85
177	210	46
178	210	84
179	210	66
180	210	208
182	210	33
183	210	66
185	210	92
187	210	38
189	210	138
190	210	122
192	210	47
194	210	47
195	210	90
197	210	158
198	210	153
203	210	73
204	210	77
206	210	83
207	210	48
208	210	70
215	210	29
216	210	25
227	210	49
14	209	84
16	209	26
18	209	39
23	209	56
24	209	53
27	209	70
32	209	98
33	209	57
35	209	55
36	209	12
39	209	56
40	209	46
41	209	235
42	209	78
43	209	35
44	209	220
45	209	93
46	209	32
47	209	55
48	209	60
49	209	124
53	209	69
54	209	173
55	209	60
59	209	44
63	209	127
67	209	68
70	209	70
74	209	76
75	209	230
76	209	36
77	209	34
78	209	66
81	209	74
82	209	82
83	209	112
87	209	174
88	209	65
91	209	70
92	209	96
93	209	86
94	209	121
95	209	107
96	209	151
97	209	94
98	209	155
99	209	103
103	209	26
110	209	52
112	209	12
113	209	65
114	209	104
117	209	34
119	209	68
121	209	86
122	209	127
123	209	28
126	209	28
130	209	16
131	209	46
132	209	29
133	209	146
134	209	68
137	209	108
139	209	52
142	209	58
151	209	57
152	209	60
153	209	31
154	209	46
155	209	57
156	209	45
157	209	36
158	209	47
160	209	51
161	209	65
165	209	30
170	209	73
171	209	17
173	209	43
175	209	79
176	209	42
177	209	229
179	209	50
181	209	78
182	209	22
183	209	47
184	209	62
185	209	82
186	209	59
187	209	33
188	209	73
189	209	111
190	209	68
191	209	22
193	209	62
194	209	63
199	209	27
201	209	52
202	209	34
204	209	83
206	209	57
207	209	103
209	209	84
211	209	32
212	209	96
217	209	88
247	209	72
16	208	82
17	208	67
18	208	93
21	208	47
25	208	92
29	208	113
32	208	36
33	208	60
38	208	49
41	208	36
42	208	35
44	208	64
45	208	17
46	208	26
47	208	52
49	208	62
51	208	74
53	208	39
54	208	68
57	208	59
58	208	31
59	208	62
60	208	65
62	208	92
64	208	36
65	208	31
66	208	118
68	208	50
69	208	66
70	208	54
71	208	47
72	208	79
74	208	94
75	208	34
76	208	33
79	208	24
82	208	37
84	208	38
92	208	120
93	208	60
94	208	87
95	208	62
96	208	27
98	208	142
100	208	98
101	208	74
102	208	116
106	208	38
107	208	229
108	208	50
113	208	92
114	208	114
115	208	42
118	208	89
120	208	26
123	208	88
124	208	105
126	208	44
128	208	29
131	208	22
136	208	55
137	208	173
138	208	125
145	208	12
147	208	51
148	208	70
149	208	15
150	208	29
153	208	57
154	208	60
159	208	96
161	208	76
164	208	37
165	208	44
167	208	64
168	208	51
171	208	110
172	208	106
174	208	31
176	208	49
178	208	22
180	208	149
181	208	78
182	208	106
183	208	23
185	208	26
186	208	54
188	208	158
196	208	175
204	208	114
205	208	60
207	208	46
208	208	94
211	208	63
212	208	50
215	208	77
218	208	50
219	208	59
225	208	52
13	207	27
16	207	56
18	207	41
19	207	42
24	207	44
25	207	46
27	207	23
30	207	33
32	207	63
33	207	83
35	207	34
36	207	77
37	207	18
38	207	34
39	207	35
40	207	128
41	207	37
42	207	96
43	207	11
46	207	51
48	207	129
49	207	28
51	207	55
53	207	54
56	207	28
57	207	32
59	207	68
60	207	36
65	207	103
67	207	22
70	207	98
73	207	123
75	207	29
76	207	72
77	207	34
80	207	92
83	207	114
84	207	98
87	207	33
88	207	58
93	207	75
94	207	149
96	207	55
97	207	59
98	207	34
100	207	45
101	207	93
102	207	44
105	207	159
107	207	110
108	207	46
109	207	44
110	207	45
111	207	42
113	207	22
115	207	131
117	207	108
120	207	51
121	207	60
126	207	74
129	207	137
130	207	106
131	207	74
132	207	65
133	207	54
135	207	110
139	207	99
140	207	59
145	207	84
148	207	21
154	207	67
156	207	93
159	207	50
160	207	100
162	207	83
164	207	33
165	207	164
166	207	32
168	207	46
170	207	91
171	207	47
172	207	68
174	207	103
175	207	49
178	207	132
180	207	19
182	207	122
183	207	37
185	207	105
186	207	138
187	207	49
190	207	63
192	207	67
193	207	92
195	207	74
196	207	159
198	207	70
199	207	57
200	207	33
201	207	110
202	207	50
207	207	4
210	207	84
217	207	51
221	207	83
224	207	37
225	207	106
234	207	54
239	207	28
15	206	42
16	206	57
18	206	63
19	206	41
20	206	37
21	206	26
23	206	107
24	206	59
26	206	83
27	206	62
28	206	123
30	206	97
31	206	78
32	206	49
34	206	65
36	206	68
37	206	33
40	206	123
48	206	50
49	206	48
52	206	75
53	206	92
54	206	33
56	206	50
58	206	42
64	206	40
67	206	70
71	206	16
73	206	76
74	206	65
76	206	113
84	206	44
91	206	36
94	206	101
97	206	46
100	206	76
102	206	100
103	206	70
105	206	58
107	206	33
114	206	7
115	206	74
117	206	37
120	206	53
121	206	49
126	206	100
127	206	30
128	206	26
130	206	26
131	206	73
132	206	77
134	206	44
140	206	26
144	206	54
145	206	62
146	206	70
147	206	49
148	206	116
150	206	52
152	206	54
154	206	73
157	206	244
162	206	37
163	206	22
166	206	55
167	206	47
171	206	101
173	206	38
174	206	58
176	206	60
178	206	71
179	206	63
180	206	55
181	206	65
182	206	82
183	206	64
184	206	65
185	206	279
188	206	72
189	206	115
190	206	73
193	206	66
194	206	72
195	206	45
196	206	77
197	206	140
198	206	44
199	206	96
200	206	35
201	206	16
204	206	44
207	206	32
208	206	69
219	206	103
231	206	84
11	205	31
13	205	28
16	205	47
17	205	46
19	205	169
21	205	59
22	205	26
23	205	40
24	205	94
27	205	68
28	205	46
29	205	57
30	205	20
31	205	198
32	205	110
35	205	34
37	205	50
38	205	69
39	205	71
43	205	26
48	205	203
49	205	66
51	205	98
53	205	73
56	205	44
57	205	26
64	205	44
65	205	93
67	205	33
68	205	27
69	205	73
71	205	75
73	205	91
74	205	48
75	205	27
76	205	52
77	205	46
78	205	133
80	205	74
81	205	12
82	205	129
83	205	44
85	205	18
87	205	61
94	205	147
95	205	52
98	205	87
100	205	21
101	205	65
102	205	92
103	205	125
105	205	60
106	205	63
109	205	20
110	205	45
112	205	21
113	205	35
116	205	70
117	205	93
120	205	34
123	205	22
127	205	120
128	205	67
134	205	21
135	205	70
137	205	145
138	205	40
139	205	34
146	205	140
148	205	131
149	205	88
150	205	45
155	205	48
156	205	88
157	205	130
158	205	130
159	205	16
161	205	60
162	205	70
163	205	102
164	205	67
168	205	29
169	205	75
171	205	43
172	205	134
173	205	45
177	205	152
182	205	108
183	205	11
184	205	200
185	205	105
187	205	31
188	205	60
190	205	84
191	205	150
195	205	97
196	205	60
199	205	5
202	205	76
203	205	56
204	205	26
211	205	37
212	205	46
214	205	12
215	205	70
216	205	56
224	205	64
230	205	68
243	205	71
9	204	51
14	204	56
18	204	38
20	204	59
23	204	65
25	204	121
28	204	22
30	204	80
31	204	56
32	204	16
34	204	72
35	204	101
39	204	38
41	204	117
42	204	82
44	204	24
45	204	88
46	204	19
47	204	22
48	204	39
50	204	153
51	204	71
52	204	61
53	204	74
55	204	180
56	204	78
59	204	60
60	204	75
62	204	65
63	204	55
65	204	46
66	204	98
67	204	51
68	204	49
71	204	24
76	204	127
79	204	77
80	204	70
82	204	50
84	204	37
87	204	148
88	204	75
89	204	12
91	204	45
95	204	137
96	204	61
101	204	48
105	204	34
106	204	62
113	204	42
114	204	185
115	204	63
116	204	37
119	204	17
120	204	30
121	204	43
126	204	123
130	204	86
131	204	49
136	204	34
141	204	38
142	204	60
143	204	40
146	204	96
147	204	72
148	204	127
150	204	15
153	204	49
154	204	99
155	204	34
157	204	31
159	204	25
160	204	22
162	204	86
163	204	60
164	204	176
165	204	36
167	204	121
168	204	72
170	204	130
171	204	181
172	204	120
174	204	67
176	204	51
177	204	117
178	204	129
179	204	47
181	204	109
182	204	99
183	204	174
184	204	41
189	204	37
190	204	201
192	204	95
193	204	102
195	204	51
196	204	47
198	204	67
199	204	125
200	204	88
201	204	20
202	204	142
207	204	32
212	204	16
223	204	55
9	203	64
10	203	35
13	203	42
16	203	38
17	203	74
19	203	66
20	203	61
22	203	52
24	203	48
27	203	36
28	203	165
29	203	139
30	203	54
31	203	78
36	203	70
38	203	111
39	203	38
40	203	30
41	203	42
44	203	94
46	203	81
48	203	47
50	203	81
52	203	148
53	203	167
57	203	52
58	203	67
59	203	87
61	203	36
62	203	67
64	203	61
65	203	65
67	203	34
68	203	191
72	203	44
73	203	54
79	203	71
80	203	278
81	203	81
85	203	65
87	203	24
89	203	65
92	203	58
93	203	66
95	203	33
98	203	77
99	203	25
100	203	43
102	203	54
103	203	49
104	203	112
107	203	41
108	203	18
109	203	151
110	203	78
111	203	113
114	203	81
115	203	6
116	203	90
117	203	58
118	203	130
119	203	160
122	203	52
125	203	179
126	203	84
127	203	120
128	203	80
129	203	43
130	203	63
131	203	165
132	203	88
135	203	122
138	203	41
141	203	32
144	203	65
147	203	89
149	203	83
151	203	47
152	203	52
153	203	39
155	203	163
156	203	55
157	203	79
160	203	59
162	203	110
163	203	85
167	203	81
168	203	96
170	203	142
171	203	40
172	203	49
173	203	106
175	203	106
176	203	77
178	203	123
179	203	99
180	203	63
183	203	38
185	203	40
186	203	125
190	203	87
193	203	49
194	203	4
195	203	31
196	203	129
199	203	233
201	203	48
203	203	117
204	203	18
205	203	50
212	203	55
215	203	49
228	203	46
231	203	35
232	203	51
14	202	47
18	202	70
24	202	47
26	202	92
27	202	70
30	202	144
39	202	13
43	202	93
44	202	15
46	202	79
47	202	49
48	202	77
50	202	55
51	202	47
52	202	53
53	202	54
56	202	57
59	202	34
61	202	72
62	202	73
63	202	147
65	202	53
66	202	63
68	202	68
69	202	82
70	202	46
72	202	65
73	202	23
78	202	83
79	202	55
80	202	14
81	202	29
82	202	101
83	202	78
84	202	137
87	202	70
89	202	90
90	202	7
91	202	59
93	202	20
95	202	70
97	202	70
99	202	54
103	202	24
106	202	49
108	202	19
109	202	30
110	202	157
111	202	40
114	202	87
115	202	46
116	202	81
117	202	133
118	202	52
126	202	44
127	202	50
128	202	85
129	202	44
130	202	110
131	202	36
132	202	73
133	202	155
134	202	202
135	202	82
142	202	50
149	202	58
150	202	87
151	202	122
152	202	150
153	202	71
154	202	86
155	202	73
156	202	47
157	202	84
158	202	144
159	202	48
162	202	51
163	202	55
164	202	33
167	202	57
168	202	55
169	202	77
172	202	92
175	202	40
177	202	20
180	202	43
182	202	85
183	202	18
184	202	138
185	202	60
186	202	43
187	202	13
188	202	212
191	202	51
192	202	62
193	202	46
194	202	56
195	202	74
196	202	24
198	202	76
201	202	25
202	202	76
203	202	65
205	202	70
206	202	137
208	202	9
209	202	101
210	202	81
215	202	29
216	202	77
217	202	22
222	202	26
228	202	74
232	202	85
235	202	63
13	201	21
14	201	49
16	201	46
21	201	59
22	201	95
24	201	76
27	201	92
29	201	58
31	201	22
32	201	76
33	201	102
34	201	124
35	201	63
39	201	71
43	201	206
46	201	44
51	201	69
52	201	50
56	201	39
57	201	38
58	201	64
59	201	22
60	201	151
61	201	56
62	201	61
64	201	72
65	201	17
69	201	34
71	201	65
76	201	26
77	201	151
78	201	71
79	201	54
80	201	93
81	201	46
82	201	77
83	201	21
84	201	93
85	201	96
90	201	67
95	201	22
98	201	50
99	201	24
100	201	73
101	201	93
102	201	121
105	201	54
109	201	47
110	201	87
111	201	20
112	201	34
113	201	66
114	201	68
115	201	53
116	201	41
118	201	27
121	201	53
123	201	46
126	201	41
130	201	105
132	201	40
136	201	49
140	201	4
141	201	46
142	201	86
145	201	38
150	201	60
151	201	106
154	201	18
156	201	45
157	201	193
158	201	46
159	201	90
160	201	18
161	201	64
164	201	95
166	201	36
169	201	83
170	201	261
171	201	71
172	201	88
179	201	26
180	201	12
181	201	21
182	201	42
184	201	63
185	201	59
186	201	71
187	201	39
188	201	57
189	201	61
192	201	63
197	201	16
200	201	110
208	201	57
218	201	59
224	201	44
13	200	63
14	200	57
16	200	76
19	200	5
21	200	45
22	200	57
23	200	105
24	200	80
26	200	68
28	200	51
29	200	33
31	200	22
34	200	186
37	200	64
39	200	127
40	200	16
42	200	60
43	200	58
48	200	53
49	200	82
50	200	144
54	200	84
57	200	16
59	200	76
61	200	53
62	200	148
65	200	61
68	200	153
69	200	56
70	200	20
71	200	39
72	200	70
74	200	82
75	200	29
77	200	55
79	200	43
81	200	74
82	200	93
84	200	127
85	200	60
86	200	30
91	200	47
93	200	157
95	200	34
96	200	54
97	200	39
98	200	49
99	200	43
101	200	53
102	200	44
103	200	74
104	200	26
107	200	26
112	200	125
120	200	60
122	200	103
124	200	54
127	200	16
132	200	141
133	200	80
136	200	112
137	200	38
139	200	82
144	200	65
149	200	82
150	200	82
151	200	39
152	200	47
153	200	45
154	200	67
156	200	160
159	200	104
160	200	59
161	200	176
163	200	125
164	200	92
165	200	48
166	200	41
168	200	53
170	200	79
173	200	49
174	200	51
176	200	43
177	200	40
179	200	48
180	200	73
181	200	61
182	200	32
183	200	43
184	200	74
185	200	130
186	200	36
188	200	63
189	200	117
190	200	84
191	200	68
192	200	57
196	200	38
198	200	122
199	200	68
200	200	203
201	200	42
202	200	58
203	200	65
204	200	122
207	200	69
208	200	96
210	200	51
211	200	112
212	200	111
216	200	50
223	200	45
18	199	26
19	199	33
20	199	66
21	199	60
23	199	57
24	199	64
25	199	19
26	199	47
29	199	44
30	199	25
31	199	55
34	199	110
35	199	67
36	199	95
38	199	51
39	199	140
40	199	62
41	199	42
42	199	90
43	199	26
44	199	46
46	199	53
47	199	81
49	199	161
50	199	34
52	199	90
54	199	49
56	199	18
57	199	117
58	199	107
59	199	131
61	199	71
63	199	13
64	199	72
68	199	59
69	199	53
71	199	64
73	199	83
75	199	106
79	199	62
82	199	180
84	199	42
90	199	62
92	199	45
94	199	56
95	199	47
97	199	45
98	199	31
101	199	93
103	199	19
104	199	69
106	199	39
107	199	19
109	199	82
110	199	76
111	199	65
116	199	61
119	199	91
122	199	184
132	199	16
135	199	38
143	199	107
144	199	84
145	199	32
149	199	122
152	199	96
153	199	76
154	199	11
155	199	30
156	199	125
159	199	127
162	199	34
163	199	63
164	199	66
166	199	73
170	199	55
172	199	15
173	199	66
174	199	140
176	199	135
177	199	57
178	199	61
181	199	38
183	199	42
186	199	53
189	199	109
190	199	42
192	199	120
198	199	68
199	199	49
200	199	83
204	199	43
205	199	20
207	199	53
208	199	52
211	199	87
212	199	31
217	199	82
218	199	29
221	199	50
223	199	104
224	199	13
225	199	11
11	198	25
14	198	38
16	198	25
17	198	51
20	198	27
21	198	51
23	198	41
25	198	65
27	198	45
34	198	78
40	198	42
42	198	210
43	198	60
45	198	17
47	198	60
48	198	148
49	198	54
50	198	54
51	198	16
53	198	70
54	198	82
55	198	51
57	198	113
59	198	75
62	198	108
63	198	70
65	198	110
70	198	60
73	198	48
75	198	64
76	198	21
78	198	56
79	198	130
80	198	80
85	198	48
86	198	41
89	198	58
90	198	51
91	198	145
93	198	83
94	198	196
95	198	64
99	198	38
101	198	70
102	198	112
104	198	68
105	198	119
107	198	57
108	198	188
110	198	58
114	198	45
116	198	32
118	198	65
120	198	38
122	198	22
125	198	31
126	198	20
127	198	87
130	198	60
139	198	54
142	198	56
143	198	38
144	198	52
146	198	99
147	198	95
150	198	56
151	198	90
153	198	56
157	198	59
160	198	47
161	198	126
162	198	99
168	198	87
169	198	2
170	198	135
174	198	174
175	198	71
176	198	62
178	198	96
181	198	82
186	198	128
188	198	93
189	198	108
190	198	69
191	198	64
193	198	117
195	198	106
196	198	237
197	198	56
198	198	86
199	198	38
200	198	58
201	198	92
202	198	172
203	198	75
205	198	97
206	198	24
207	198	110
211	198	16
212	198	47
213	198	60
214	198	79
217	198	82
218	198	76
223	198	146
11	197	30
13	197	67
14	197	79
16	197	76
18	197	68
20	197	88
21	197	125
30	197	92
31	197	52
32	197	59
33	197	66
34	197	51
38	197	25
39	197	26
40	197	76
44	197	84
45	197	68
47	197	91
48	197	82
49	197	91
50	197	63
52	197	31
54	197	106
58	197	21
59	197	20
62	197	62
64	197	49
65	197	64
70	197	63
72	197	255
73	197	69
74	197	127
75	197	73
77	197	82
79	197	37
80	197	14
81	197	123
82	197	56
84	197	12
88	197	60
90	197	50
92	197	68
95	197	58
97	197	44
98	197	22
101	197	89
107	197	84
108	197	51
110	197	44
111	197	139
115	197	65
119	197	52
121	197	54
123	197	74
124	197	57
125	197	69
127	197	93
128	197	83
133	197	96
134	197	54
135	197	83
136	197	76
140	197	16
141	197	96
142	197	74
143	197	65
144	197	34
145	197	34
146	197	47
150	197	63
152	197	29
155	197	47
159	197	50
161	197	109
162	197	96
164	197	63
166	197	48
169	197	65
170	197	77
171	197	56
177	197	52
178	197	49
179	197	41
180	197	38
182	197	132
183	197	49
185	197	69
186	197	70
188	197	32
189	197	22
190	197	149
193	197	94
194	197	182
195	197	51
196	197	49
197	197	76
198	197	96
201	197	119
203	197	76
204	197	81
209	197	82
218	197	98
16	196	48
17	196	63
21	196	113
30	196	62
33	196	64
35	196	79
38	196	34
40	196	48
41	196	48
43	196	50
46	196	102
47	196	110
48	196	67
49	196	82
54	196	46
59	196	105
60	196	74
61	196	43
63	196	67
64	196	160
65	196	22
66	196	14
67	196	13
69	196	10
70	196	46
73	196	52
74	196	187
75	196	73
77	196	29
79	196	59
80	196	57
82	196	122
84	196	70
85	196	60
87	196	53
88	196	50
94	196	97
98	196	34
100	196	77
104	196	23
106	196	67
109	196	28
112	196	75
113	196	153
114	196	74
115	196	41
116	196	149
120	196	47
122	196	109
124	196	56
126	196	126
127	196	44
128	196	38
129	196	113
131	196	7
132	196	18
134	196	111
135	196	125
138	196	92
139	196	62
141	196	132
144	196	62
145	196	33
148	196	49
150	196	38
153	196	80
154	196	89
155	196	145
156	196	80
157	196	48
160	196	69
162	196	67
163	196	83
165	196	136
170	196	37
171	196	10
172	196	25
173	196	33
175	196	82
176	196	156
178	196	32
179	196	42
181	196	57
182	196	106
183	196	32
184	196	59
185	196	188
186	196	148
189	196	73
190	196	34
192	196	34
193	196	176
194	196	74
196	196	19
197	196	91
198	196	56
201	196	76
202	196	57
203	196	138
204	196	34
207	196	42
208	196	32
209	196	57
210	196	99
213	196	66
215	196	56
217	196	138
220	196	19
221	196	71
234	196	59
239	196	39
13	195	64
14	195	132
15	195	50
16	195	75
19	195	41
20	195	139
21	195	59
22	195	60
27	195	40
28	195	142
30	195	69
31	195	18
35	195	51
39	195	153
40	195	72
43	195	27
44	195	46
47	195	75
48	195	91
54	195	26
55	195	58
56	195	65
57	195	49
60	195	47
64	195	89
65	195	67
69	195	25
70	195	113
71	195	56
72	195	47
74	195	63
75	195	59
78	195	133
79	195	26
82	195	27
83	195	55
84	195	60
85	195	35
87	195	12
88	195	74
89	195	38
90	195	57
92	195	18
94	195	78
96	195	79
98	195	51
100	195	27
104	195	131
109	195	116
115	195	47
120	195	17
24	245	86
114	245	52
125	245	39
27	244	36
38	244	67
56	244	54
63	244	49
64	244	48
65	244	71
82	244	14
89	244	18
113	244	20
115	244	27
147	244	72
151	244	16
191	244	54
63	243	46
78	243	81
83	243	41
87	243	28
88	243	31
90	243	62
94	243	79
95	243	38
99	243	66
111	243	77
119	243	24
138	243	51
141	243	25
144	243	100
145	243	15
176	243	38
58	242	115
59	242	52
62	242	30
81	242	55
83	242	86
88	242	63
93	242	34
94	242	62
99	242	70
104	242	20
113	242	52
117	242	63
119	242	38
121	242	63
122	242	45
125	242	51
135	242	51
142	242	81
144	242	55
147	242	66
157	242	25
158	242	52
171	242	81
177	242	45
188	242	15
191	242	13
192	242	61
195	242	46
200	242	28
16	241	74
38	241	30
55	241	38
56	241	52
60	241	24
64	241	16
66	241	86
67	241	27
68	241	89
69	241	30
78	241	85
82	241	106
83	241	57
88	241	59
96	241	29
98	241	87
99	241	90
100	241	37
103	241	26
105	241	48
110	241	18
116	241	46
119	241	64
124	241	55
126	241	19
129	241	64
131	241	55
135	241	100
137	241	61
147	241	70
148	241	84
156	241	46
159	241	65
170	241	68
171	241	48
175	241	47
182	241	56
183	241	61
190	241	86
193	241	45
199	241	40
201	241	19
203	241	68
49	240	75
50	240	40
53	240	29
62	240	156
66	240	42
67	240	70
68	240	63
73	240	43
74	240	31
79	240	63
83	240	31
87	240	56
88	240	67
89	240	52
91	240	61
93	240	34
96	240	61
97	240	48
98	240	120
103	240	63
105	240	72
108	240	41
112	240	47
117	240	26
120	240	58
126	240	107
133	240	41
139	240	93
141	240	173
142	240	55
145	240	68
147	240	43
150	240	84
151	240	42
156	240	54
163	240	68
174	240	90
175	240	240
203	240	41
26	239	91
32	239	29
49	239	42
55	239	89
59	239	44
61	239	72
62	239	97
64	239	52
66	239	22
67	239	64
68	239	70
71	239	48
72	239	77
73	239	55
77	239	94
81	239	23
82	239	81
88	239	36
89	239	83
90	239	49
93	239	55
95	239	62
96	239	46
97	239	11
98	239	105
103	239	86
104	239	71
105	239	78
108	239	50
113	239	49
117	239	85
123	239	35
124	239	47
125	239	28
127	239	82
131	239	43
133	239	74
142	239	17
150	239	61
172	239	80
173	239	53
174	239	105
186	239	35
189	239	52
192	239	54
197	239	39
201	239	66
26	238	51
32	238	34
44	238	64
45	238	37
49	238	64
61	238	30
64	238	26
69	238	88
71	238	61
72	238	42
73	238	38
74	238	87
75	238	51
77	238	52
79	238	70
81	238	63
82	238	29
83	238	14
84	238	169
85	238	77
88	238	78
89	238	70
90	238	93
93	238	153
94	238	40
96	238	24
97	238	68
98	238	66
99	238	61
100	238	84
105	238	104
106	238	124
114	238	34
116	238	51
122	238	52
125	238	104
128	238	84
130	238	114
142	238	82
143	238	75
144	238	92
147	238	53
151	238	92
152	238	43
153	238	54
163	238	13
172	238	60
173	238	51
177	238	68
191	238	134
193	238	73
194	238	111
212	238	38
18	237	67
40	237	38
43	237	128
50	237	16
53	237	58
55	237	77
63	237	59
64	237	88
67	237	45
68	237	115
69	237	81
71	237	32
72	237	64
74	237	66
75	237	124
76	237	34
78	237	56
80	237	13
82	237	37
83	237	77
84	237	104
87	237	82
88	237	58
90	237	42
92	237	65
98	237	44
99	237	48
102	237	56
103	237	53
106	237	162
108	237	54
112	237	60
114	237	40
115	237	46
116	237	76
118	237	121
119	237	45
122	237	139
123	237	62
126	237	49
127	237	17
129	237	67
131	237	43
143	237	43
145	237	50
146	237	42
150	237	117
151	237	72
152	237	86
154	237	20
156	237	41
166	237	42
170	237	30
173	237	90
175	237	55
177	237	67
180	237	19
182	237	54
184	237	68
186	237	84
190	237	54
192	237	107
193	237	55
197	237	36
205	237	58
42	236	69
48	236	57
49	236	67
50	236	81
51	236	40
59	236	26
61	236	19
63	236	58
64	236	99
71	236	85
72	236	50
75	236	21
76	236	71
77	236	64
79	236	40
81	236	82
84	236	30
85	236	63
86	236	68
89	236	103
95	236	29
97	236	43
101	236	32
102	236	74
108	236	10
109	236	61
110	236	61
111	236	42
112	236	95
113	236	76
114	236	17
117	236	40
127	236	55
129	236	37
130	236	38
136	236	37
138	236	76
139	236	33
140	236	63
143	236	63
151	236	50
155	236	86
157	236	49
161	236	99
162	236	71
169	236	24
172	236	55
173	236	78
177	236	86
178	236	52
180	236	71
184	236	25
188	236	56
189	236	47
193	236	31
195	236	37
199	236	60
200	236	52
207	236	51
21	235	31
54	235	53
57	235	85
62	235	15
63	235	45
70	235	52
72	235	31
78	235	37
79	235	63
80	235	23
81	235	192
85	235	80
86	235	62
94	235	75
95	235	59
96	235	38
97	235	119
98	235	47
102	235	54
105	235	22
108	235	82
111	235	56
116	235	38
118	235	42
120	235	56
127	235	110
129	235	18
134	235	69
140	235	73
143	235	112
144	235	66
145	235	52
146	235	9
147	235	86
149	235	32
150	235	3
151	235	12
159	235	20
163	235	43
165	235	77
166	235	57
168	235	144
171	235	49
173	235	83
174	235	130
178	235	157
179	235	57
180	235	81
186	235	34
187	235	63
196	235	112
203	235	69
212	235	50
233	235	23
34	234	57
40	234	39
45	234	154
46	234	61
54	234	47
56	234	53
64	234	48
72	234	46
73	234	67
75	234	46
76	234	140
77	234	197
79	234	43
81	234	66
82	234	120
83	234	58
84	234	58
87	234	45
89	234	52
91	234	108
94	234	48
97	234	43
100	234	32
104	234	66
107	234	50
108	234	128
111	234	75
113	234	31
114	234	59
116	234	177
117	234	22
118	234	71
121	234	19
124	234	32
126	234	68
127	234	26
128	234	40
129	234	23
131	234	51
132	234	76
133	234	127
135	234	13
143	234	49
144	234	28
148	234	49
149	234	57
150	234	16
154	234	57
156	234	11
157	234	27
164	234	61
166	234	27
168	234	98
174	234	51
181	234	52
182	234	34
186	234	182
193	234	95
194	234	135
196	234	52
202	234	44
209	234	48
21	233	61
23	233	35
25	233	134
29	233	84
40	233	45
44	233	36
45	233	43
47	233	31
48	233	53
56	233	58
58	233	34
67	233	56
71	233	24
74	233	90
75	233	67
77	233	41
78	233	47
80	233	70
81	233	59
82	233	43
83	233	62
85	233	33
87	233	68
88	233	92
89	233	125
90	233	80
91	233	55
92	233	56
93	233	72
94	233	101
95	233	66
97	233	50
99	233	49
102	233	54
103	233	74
106	233	156
107	233	42
110	233	66
113	233	68
115	233	76
117	233	34
118	233	19
120	233	57
121	233	48
122	233	21
123	233	70
128	233	77
138	233	62
142	233	78
143	233	30
146	233	71
150	233	86
151	233	28
154	233	55
155	233	54
159	233	86
160	233	17
162	233	28
163	233	94
165	233	24
166	233	10
168	233	52
171	233	24
172	233	62
175	233	72
178	233	54
181	233	89
183	233	105
184	233	96
192	233	52
196	233	22
198	233	56
203	233	26
208	233	25
210	233	56
238	233	17
240	233	59
22	232	68
23	232	52
26	232	64
31	232	51
42	232	91
51	232	66
55	232	20
60	232	75
61	232	69
62	232	40
64	232	244
65	232	19
67	232	42
69	232	23
70	232	42
72	232	103
73	232	62
76	232	66
77	232	19
78	232	11
79	232	41
80	232	48
81	232	49
82	232	58
83	232	96
84	232	17
88	232	77
89	232	57
91	232	85
94	232	175
95	232	207
96	232	133
98	232	86
102	232	181
110	232	55
111	232	67
113	232	18
114	232	36
117	232	166
118	232	40
120	232	74
123	232	80
125	232	115
129	232	68
130	232	118
136	232	82
139	232	88
143	232	54
147	232	38
155	232	76
157	232	46
160	232	78
161	232	51
162	232	117
163	232	83
164	232	62
166	232	66
168	232	48
170	232	42
172	232	42
176	232	41
182	232	60
183	232	87
184	232	74
187	232	16
190	232	64
192	232	20
194	232	17
196	232	56
199	232	43
201	232	42
202	232	30
203	232	51
206	232	87
212	232	72
12	231	53
17	231	31
20	231	41
24	231	75
37	231	41
48	231	14
50	231	45
52	231	49
55	231	88
57	231	46
59	231	26
61	231	67
62	231	46
63	231	62
71	231	26
73	231	29
74	231	77
77	231	33
78	231	82
79	231	32
83	231	63
84	231	71
85	231	22
86	231	144
87	231	43
88	231	34
89	231	51
91	231	29
93	231	12
95	231	31
98	231	84
101	231	57
102	231	70
103	231	50
104	231	70
107	231	118
109	231	57
110	231	102
114	231	116
116	231	129
118	231	66
122	231	85
123	231	49
133	231	79
146	231	65
147	231	117
148	231	192
161	231	70
162	231	47
163	231	80
166	231	56
169	231	30
170	231	76
172	231	55
174	231	40
176	231	42
177	231	37
178	231	59
179	231	50
180	231	33
181	231	65
182	231	69
184	231	66
185	231	68
188	231	17
192	231	58
193	231	158
194	231	60
201	231	155
206	231	34
213	231	42
219	231	39
223	231	51
224	231	59
22	230	72
37	230	19
38	230	66
48	230	74
50	230	79
51	230	61
55	230	2
61	230	49
62	230	99
64	230	62
70	230	55
73	230	54
74	230	66
75	230	99
80	230	62
81	230	62
85	230	83
90	230	44
91	230	43
93	230	93
94	230	135
95	230	114
96	230	75
97	230	39
98	230	64
104	230	63
105	230	82
107	230	96
109	230	36
112	230	46
113	230	53
115	230	88
119	230	71
121	230	16
123	230	70
124	230	15
125	230	47
131	230	33
142	230	99
143	230	52
144	230	139
146	230	81
147	230	122
151	230	55
153	230	183
158	230	33
161	230	43
164	230	116
168	230	42
170	230	55
172	230	89
173	230	110
179	230	50
180	230	59
183	230	43
185	230	81
188	230	125
190	230	47
194	230	70
198	230	54
200	230	50
201	230	82
203	230	53
212	230	62
221	230	27
18	229	44
25	229	36
26	229	29
44	229	47
48	229	20
53	229	42
56	229	167
57	229	123
58	229	68
59	229	119
60	229	75
63	229	7
64	229	39
67	229	56
68	229	33
70	229	67
72	229	15
73	229	43
77	229	66
82	229	57
85	229	44
87	229	125
89	229	49
90	229	122
93	229	42
96	229	42
98	229	87
99	229	242
100	229	50
102	229	87
103	229	53
104	229	44
106	229	95
107	229	75
108	229	86
109	229	66
112	229	106
113	229	64
114	229	6
115	229	79
116	229	33
117	229	49
118	229	65
120	229	63
121	229	94
124	229	86
125	229	88
127	229	76
128	229	63
129	229	40
130	229	31
131	229	54
133	229	29
134	229	29
136	229	44
138	229	115
144	229	76
145	229	37
146	229	41
149	229	19
153	229	34
154	229	70
155	229	76
156	229	118
159	229	84
160	229	63
161	229	130
170	229	70
171	229	74
172	229	69
178	229	54
179	229	49
181	229	44
182	229	66
183	229	153
184	229	147
185	229	85
186	229	51
187	229	22
188	229	72
190	229	33
194	229	36
195	229	139
196	229	26
199	229	21
205	229	17
218	229	69
23	228	47
43	228	42
48	228	31
49	228	40
54	228	68
55	228	30
59	228	80
60	228	92
62	228	70
63	228	41
64	228	64
65	228	113
68	228	133
69	228	149
70	228	73
71	228	13
72	228	129
73	228	59
74	228	62
75	228	79
79	228	98
80	228	19
81	228	42
82	228	65
84	228	70
85	228	92
86	228	159
88	228	70
89	228	34
92	228	42
98	228	110
100	228	54
102	228	84
103	228	62
108	228	32
109	228	33
112	228	56
113	228	33
116	228	153
117	228	52
118	228	60
121	228	129
123	228	23
127	228	76
131	228	38
132	228	65
138	228	89
143	228	14
145	228	110
147	228	49
149	228	33
150	228	87
153	228	65
155	228	25
158	228	86
159	228	178
161	228	87
162	228	68
166	228	60
169	228	78
170	228	112
173	228	73
174	228	115
175	228	22
176	228	185
177	228	72
179	228	132
183	228	86
184	228	54
185	228	60
187	228	62
193	228	19
195	228	58
199	228	36
200	228	48
201	228	75
205	228	59
210	228	92
220	228	80
14	227	37
30	227	90
36	227	39
41	227	45
42	227	74
48	227	29
51	227	16
54	227	39
56	227	108
58	227	59
59	227	62
61	227	52
64	227	17
69	227	29
70	227	41
71	227	69
72	227	125
73	227	41
74	227	60
75	227	27
77	227	54
78	227	19
79	227	51
83	227	92
90	227	17
91	227	109
92	227	23
95	227	70
98	227	51
99	227	19
100	227	33
107	227	92
109	227	41
110	227	69
113	227	26
114	227	78
115	227	4
116	227	37
117	227	111
119	227	52
120	227	66
128	227	63
129	227	40
131	227	42
133	227	19
134	227	26
135	227	89
137	227	57
138	227	59
145	227	58
146	227	69
148	227	21
152	227	51
159	227	46
160	227	109
162	227	73
165	227	21
168	227	64
174	227	89
177	227	47
182	227	102
183	227	68
186	227	38
187	227	85
188	227	194
189	227	196
191	227	54
195	227	76
196	227	62
197	227	62
198	227	54
199	227	25
203	227	88
215	227	79
11	226	78
25	226	75
28	226	68
32	226	36
38	226	76
48	226	144
54	226	67
59	226	54
62	226	40
63	226	26
64	226	20
66	226	52
67	226	46
68	226	55
69	226	36
70	226	54
72	226	84
78	226	74
79	226	15
81	226	37
82	226	130
84	226	61
86	226	22
88	226	46
89	226	99
90	226	70
91	226	57
92	226	62
93	226	54
94	226	140
95	226	117
96	226	153
97	226	92
98	226	52
99	226	83
100	226	45
105	226	58
107	226	43
108	226	128
109	226	52
110	226	57
111	226	47
112	226	43
114	226	22
115	226	7
116	226	59
118	226	42
121	226	66
122	226	23
123	226	55
124	226	26
125	226	59
130	226	46
131	226	39
132	226	24
133	226	64
138	226	34
139	226	89
142	226	61
145	226	133
147	226	77
149	226	35
150	226	49
154	226	41
156	226	133
158	226	65
163	226	43
164	226	29
168	226	22
169	226	39
171	226	29
173	226	58
174	226	65
176	226	46
180	226	131
181	226	75
182	226	39
183	226	172
185	226	32
186	226	74
187	226	53
189	226	49
191	226	73
192	226	52
193	226	51
195	226	63
196	226	50
198	226	73
200	226	55
203	226	40
213	226	91
12	225	77
32	225	43
38	225	35
51	225	113
52	225	89
59	225	65
60	225	17
62	225	38
65	225	51
67	225	93
68	225	150
69	225	55
70	225	8
71	225	17
72	225	21
73	225	39
74	225	43
80	225	46
81	225	59
82	225	81
83	225	102
84	225	57
85	225	82
87	225	55
88	225	26
90	225	40
91	225	39
95	225	51
98	225	84
99	225	48
100	225	79
101	225	27
102	225	39
105	225	11
106	225	46
107	225	86
112	225	32
113	225	80
115	225	78
119	225	181
121	225	37
124	225	54
125	225	109
126	225	81
127	225	52
129	225	114
132	225	30
133	225	66
134	225	75
140	225	106
149	225	72
150	225	52
152	225	87
153	225	57
157	225	60
159	225	116
165	225	53
167	225	99
168	225	43
169	225	54
171	225	75
174	225	40
176	225	53
177	225	83
178	225	7
179	225	32
181	225	160
182	225	147
183	225	144
185	225	53
186	225	45
190	225	23
194	225	38
198	225	60
201	225	90
202	225	75
203	225	102
206	225	57
212	225	75
214	225	17
215	225	49
21	224	42
24	224	96
30	224	47
33	224	35
36	224	51
42	224	20
43	224	27
45	224	47
51	224	46
56	224	61
65	224	57
67	224	47
69	224	16
74	224	56
76	224	126
78	224	158
79	224	94
81	224	68
82	224	46
83	224	13
84	224	62
85	224	78
86	224	60
89	224	46
90	224	55
94	224	62
95	224	32
97	224	70
98	224	71
100	224	60
101	224	113
104	224	40
106	224	107
112	224	57
113	224	44
114	224	91
115	224	45
117	224	30
120	224	17
124	224	124
125	224	83
126	224	46
127	224	29
130	224	32
132	224	110
133	224	45
137	224	124
140	224	82
141	224	86
142	224	40
149	224	67
150	224	90
157	224	25
158	224	46
160	224	93
162	224	75
163	224	87
164	224	50
167	224	35
170	224	140
173	224	55
174	224	68
177	224	76
180	224	148
181	224	68
182	224	63
183	224	136
185	224	32
186	224	62
187	224	47
188	224	101
190	224	58
191	224	26
192	224	77
193	224	108
195	224	61
202	224	149
204	224	94
208	224	39
210	224	65
212	224	69
213	224	59
230	224	36
233	224	69
239	224	47
22	223	84
24	223	40
28	223	35
33	223	33
38	223	77
39	223	56
44	223	33
50	223	63
57	223	97
59	223	115
62	223	171
63	223	13
65	223	79
66	223	36
67	223	28
68	223	35
70	223	47
72	223	17
74	223	74
77	223	58
79	223	68
80	223	64
81	223	20
82	223	34
84	223	102
85	223	89
86	223	45
90	223	177
91	223	73
96	223	56
97	223	54
98	223	51
99	223	34
100	223	137
101	223	16
104	223	52
106	223	84
107	223	85
111	223	73
112	223	159
114	223	34
115	223	27
116	223	29
121	223	6
123	223	129
125	223	142
137	223	95
139	223	212
140	223	80
141	223	77
143	223	47
145	223	100
147	223	34
148	223	26
150	223	39
154	223	89
156	223	66
157	223	54
159	223	68
171	223	98
172	223	59
177	223	26
178	223	74
179	223	66
183	223	45
184	223	106
185	223	26
186	223	91
190	223	14
194	223	47
196	223	112
198	223	69
201	223	133
205	223	80
206	223	70
207	223	87
212	223	160
213	223	26
233	223	25
14	222	56
17	222	129
25	222	47
31	222	91
35	222	26
36	222	52
39	222	55
41	222	64
45	222	36
46	222	11
50	222	30
52	222	75
53	222	41
56	222	37
59	222	84
61	222	83
62	222	55
63	222	79
70	222	70
74	222	50
75	222	71
76	222	30
82	222	59
83	222	106
85	222	141
86	222	41
88	222	86
89	222	52
92	222	46
94	222	73
95	222	77
96	222	91
97	222	8
98	222	94
99	222	25
101	222	144
102	222	49
103	222	60
105	222	42
106	222	63
107	222	86
109	222	76
110	222	73
112	222	114
113	222	145
118	222	74
120	222	52
122	222	18
123	222	25
126	222	34
131	222	51
132	222	4
134	222	41
135	222	86
138	222	63
139	222	47
141	222	81
143	222	40
151	222	74
153	222	73
154	222	37
156	222	87
160	222	66
161	222	21
162	222	39
164	222	103
165	222	30
170	222	18
171	222	103
172	222	103
174	222	31
177	222	30
178	222	33
179	222	61
181	222	24
183	222	70
184	222	51
185	222	71
187	222	135
188	222	99
189	222	141
190	222	61
192	222	64
193	222	71
196	222	34
198	222	53
199	222	98
203	222	94
206	222	152
211	222	50
20	221	95
22	221	47
23	221	70
24	221	66
30	221	53
39	221	68
41	221	35
42	221	42
44	221	65
46	221	25
56	221	74
58	221	7
59	221	45
60	221	68
62	221	69
66	221	117
67	221	76
73	221	64
75	221	72
77	221	31
80	221	42
82	221	22
85	221	56
86	221	65
87	221	97
88	221	60
90	221	73
92	221	38
93	221	58
96	221	30
99	221	69
104	221	90
107	221	53
110	221	3
112	221	222
113	221	80
114	221	136
115	221	112
116	221	123
117	221	142
119	221	60
120	221	80
121	221	97
123	221	134
130	221	42
133	221	31
136	221	33
138	221	17
139	221	83
148	221	57
150	221	51
156	221	73
158	221	41
159	221	76
160	221	29
162	221	40
165	221	22
166	221	99
167	221	150
168	221	112
172	221	45
173	221	33
174	221	93
175	221	63
176	221	113
178	221	65
180	221	82
181	221	69
182	221	18
183	221	72
184	221	62
185	221	33
187	221	65
188	221	57
189	221	55
191	221	18
195	221	82
196	221	93
198	221	69
200	221	195
204	221	59
213	221	41
244	221	22
10	220	41
21	220	22
30	220	62
36	220	71
39	220	129
40	220	69
41	220	112
44	220	65
45	220	26
48	220	61
52	220	51
53	220	34
54	220	44
57	220	51
58	220	160
59	220	121
61	220	34
62	220	63
64	220	18
65	220	112
68	220	112
72	220	32
73	220	38
74	220	79
75	220	67
76	220	31
78	220	48
79	220	55
80	220	68
83	220	72
86	220	107
87	220	19
91	220	64
92	220	67
97	220	88
98	220	77
102	220	76
103	220	44
106	220	50
107	220	136
108	220	87
109	220	63
111	220	25
113	220	154
114	220	54
116	220	98
117	220	57
118	220	51
119	220	46
120	220	70
121	220	39
129	220	21
132	220	165
134	220	47
138	220	59
139	220	89
141	220	31
143	220	48
147	220	74
153	220	57
156	220	75
159	220	91
160	220	111
161	220	62
162	220	65
163	220	156
166	220	70
167	220	36
168	220	36
169	220	31
173	220	81
178	220	26
180	220	52
181	220	104
183	220	62
185	220	123
186	220	129
187	220	127
189	220	53
191	220	78
193	220	26
194	220	81
195	220	121
196	220	42
197	220	60
200	220	12
201	220	53
202	220	116
203	220	90
206	220	98
209	220	17
213	220	31
215	220	89
18	219	59
22	219	35
23	219	81
26	219	45
28	219	34
29	219	49
30	219	124
31	219	87
33	219	91
34	219	14
36	219	57
44	219	24
45	219	34
47	219	81
50	219	19
54	219	51
58	219	48
59	219	48
61	219	70
62	219	106
65	219	49
66	219	82
67	219	34
68	219	38
71	219	75
72	219	26
74	219	79
76	219	104
77	219	70
79	219	82
80	219	51
81	219	20
82	219	52
84	219	170
85	219	131
86	219	26
88	219	104
89	219	99
90	219	33
91	219	108
92	219	31
93	219	46
96	219	25
97	219	64
106	219	42
107	219	72
112	219	58
113	219	4
115	219	29
119	219	192
120	219	23
122	219	125
127	219	59
128	219	54
131	219	22
132	219	73
134	219	87
135	219	105
138	219	123
142	219	72
148	219	84
151	219	49
154	219	57
156	219	61
159	219	83
163	219	49
168	219	42
173	219	118
177	219	73
178	219	274
180	219	129
181	219	22
182	219	42
186	219	68
188	219	30
191	219	31
192	219	60
201	219	134
206	219	132
207	219	168
209	219	71
17	218	72
20	218	33
23	218	19
26	218	103
29	218	47
30	218	112
33	218	48
36	218	118
37	218	23
39	218	75
42	218	76
51	218	84
58	218	11
61	218	100
62	218	27
63	218	27
65	218	76
66	218	114
67	218	67
68	218	67
69	218	20
71	218	32
75	218	62
76	218	127
77	218	39
79	218	15
80	218	82
81	218	46
82	218	142
84	218	88
88	218	35
90	218	13
91	218	106
92	218	133
96	218	224
100	218	89
103	218	34
104	218	61
106	218	54
107	218	125
108	218	106
110	218	68
113	218	156
114	218	201
118	218	42
119	218	57
120	218	48
122	218	110
123	218	78
124	218	61
127	218	182
128	218	60
129	218	47
132	218	77
133	218	57
135	218	44
137	218	18
138	218	21
139	218	237
142	218	119
144	218	42
149	218	132
150	218	65
151	218	51
152	218	79
157	218	69
161	218	60
164	218	26
165	218	141
169	218	57
170	218	32
171	218	41
172	218	62
173	218	97
176	218	43
177	218	71
179	218	65
181	218	46
183	218	36
184	218	163
189	218	115
190	218	100
192	218	49
195	218	85
196	218	71
197	218	63
198	218	70
202	218	54
203	218	74
206	218	43
207	218	8
208	218	95
214	218	78
225	218	51
227	218	43
228	218	21
16	217	40
25	217	83
26	217	63
31	217	57
34	217	66
37	217	7
41	217	82
43	217	70
44	217	84
46	217	90
53	217	77
56	217	48
58	217	70
66	217	50
68	217	104
69	217	87
70	217	59
71	217	49
74	217	75
75	217	138
78	217	85
80	217	119
81	217	69
85	217	134
86	217	61
87	217	99
90	217	43
92	217	49
99	217	41
101	217	77
102	217	59
104	217	57
105	217	171
106	217	70
109	217	12
110	217	24
117	217	25
119	217	53
123	217	149
124	217	94
127	217	40
128	217	76
129	217	15
134	217	92
135	217	28
139	217	156
145	217	76
146	217	62
148	217	65
151	217	58
156	217	45
160	217	39
161	217	67
163	217	52
165	217	38
168	217	71
169	217	29
174	217	66
176	217	34
177	217	61
183	217	63
184	217	43
185	217	149
186	217	90
187	217	58
188	217	81
190	217	73
192	217	42
194	217	32
195	217	51
196	217	139
200	217	95
203	217	40
204	217	35
207	217	52
208	217	73
210	217	43
223	217	59
13	216	29
15	216	15
25	216	81
31	216	88
32	216	61
35	216	107
36	216	38
38	216	57
40	216	57
43	216	34
45	216	37
46	216	34
47	216	65
49	216	75
52	216	95
55	216	96
60	216	41
61	216	65
62	216	164
69	216	68
70	216	19
71	216	114
75	216	68
76	216	81
77	216	65
82	216	89
83	216	64
84	216	64
85	216	59
87	216	110
88	216	66
89	216	33
90	216	192
91	216	47
92	216	64
94	216	92
96	216	93
97	216	57
99	216	46
101	216	16
102	216	58
104	216	41
105	216	50
107	216	34
108	216	68
109	216	76
110	216	59
113	216	79
114	216	80
117	216	71
118	216	114
119	216	93
120	216	90
122	216	46
129	216	49
130	216	74
133	216	99
134	216	92
136	216	111
140	216	107
141	216	22
143	216	28
148	216	102
149	216	81
151	216	19
153	216	65
154	216	65
155	216	89
158	216	40
161	216	26
165	216	98
167	216	19
169	216	43
170	216	74
172	216	69
173	216	39
174	216	63
179	216	54
180	216	160
182	216	90
184	216	34
187	216	70
189	216	86
190	216	64
194	216	121
195	216	36
196	216	45
197	216	49
199	216	139
202	216	59
203	216	25
204	216	12
206	216	40
209	216	46
210	216	92
213	216	89
221	216	33
240	216	33
14	215	56
16	215	37
22	215	45
25	215	67
29	215	41
30	215	46
32	215	50
34	215	57
36	215	92
41	215	116
42	215	77
43	215	31
44	215	103
45	215	56
47	215	54
50	215	107
57	215	18
61	215	165
62	215	89
64	215	93
65	215	73
66	215	54
68	215	39
70	215	139
72	215	84
73	215	245
75	215	132
76	215	115
77	215	124
80	215	9
81	215	90
82	215	56
83	215	18
85	215	63
86	215	42
87	215	64
88	215	120
89	215	100
90	215	90
91	215	89
93	215	88
96	215	135
97	215	90
100	215	90
101	215	121
104	215	66
106	215	170
107	215	28
108	215	51
111	215	86
112	215	131
114	215	116
115	215	70
117	215	46
118	215	44
122	215	76
125	215	62
128	215	31
131	215	63
133	215	4
137	215	51
138	215	150
140	215	68
142	215	78
143	215	91
145	215	57
149	215	66
152	215	44
153	215	48
155	215	27
158	215	49
160	215	58
161	215	72
164	215	67
165	215	108
166	215	74
169	215	11
170	215	71
171	215	111
174	215	51
175	215	109
176	215	57
178	215	128
179	215	197
180	215	28
182	215	26
186	215	82
188	215	26
190	215	107
191	215	58
192	215	78
194	215	19
196	215	100
199	215	26
201	215	65
202	215	52
205	215	80
208	215	52
16	214	105
17	214	32
18	214	63
21	214	34
23	214	82
24	214	48
28	214	32
29	214	172
34	214	90
38	214	68
39	214	111
40	214	23
42	214	33
47	214	40
49	214	18
52	214	37
53	214	59
55	214	52
60	214	65
61	214	36
62	214	60
64	214	51
65	214	119
66	214	156
67	214	54
68	214	64
70	214	128
71	214	37
73	214	87
76	214	92
80	214	82
82	214	62
83	214	63
84	214	71
85	214	90
88	214	59
89	214	64
92	214	26
95	214	37
96	214	107
97	214	87
99	214	28
100	214	142
101	214	59
104	214	158
106	214	102
109	214	63
110	214	131
111	214	54
115	214	49
116	214	86
117	214	31
119	214	34
120	214	51
122	214	37
123	214	59
124	214	39
132	214	32
133	214	16
138	214	60
139	214	62
144	214	27
145	214	47
146	214	78
150	214	76
154	214	69
156	214	50
157	214	32
158	214	94
159	214	30
160	214	115
161	214	29
162	214	49
163	214	38
164	214	40
165	214	106
166	214	28
169	214	105
170	214	48
171	214	89
172	214	61
175	214	29
176	214	49
177	214	47
179	214	56
182	214	91
184	214	31
187	214	30
188	214	33
190	214	124
191	214	44
193	214	79
195	214	112
196	214	159
199	214	100
200	214	52
202	214	65
203	214	182
204	214	217
206	214	65
213	214	58
214	214	52
224	214	84
233	214	21
15	213	36
23	213	61
24	213	46
25	213	38
29	213	86
31	213	35
32	213	31
36	213	61
38	213	42
39	213	62
40	213	57
45	213	21
46	213	130
53	213	92
54	213	77
57	213	42
58	213	96
61	213	61
62	213	44
63	213	76
65	213	54
67	213	48
71	213	28
73	213	29
75	213	62
76	213	112
78	213	114
79	213	19
82	213	62
85	213	35
87	213	61
88	213	52
90	213	56
91	213	55
93	213	30
96	213	45
99	213	73
100	213	111
103	213	95
104	213	140
110	213	50
111	213	20
112	213	40
114	213	69
118	213	66
122	213	124
124	213	22
129	213	35
130	213	122
133	213	52
134	213	68
136	213	208
139	213	118
145	213	20
146	213	56
148	213	116
149	213	71
150	213	111
151	213	30
153	213	24
154	213	65
155	213	62
156	213	66
157	213	54
161	213	70
164	213	20
167	213	20
172	213	76
174	213	53
176	213	124
177	213	26
178	213	32
179	213	31
180	213	48
181	213	63
182	213	140
183	213	3
185	213	81
187	213	80
190	213	150
192	213	59
194	213	73
196	213	16
197	213	37
198	213	50
199	213	97
200	213	196
201	213	41
204	213	45
207	213	37
208	213	72
216	213	35
235	213	35
19	212	14
20	212	60
31	212	45
32	212	85
33	212	45
34	212	45
38	212	68
41	212	139
42	212	116
45	212	23
47	212	82
49	212	43
50	212	83
51	212	95
52	212	43
54	212	87
56	212	42
58	212	41
59	212	55
61	212	41
64	212	66
65	212	110
66	212	49
69	212	60
71	212	80
72	212	44
73	212	116
75	212	172
77	212	60
78	212	37
79	212	30
80	212	45
81	212	135
82	212	45
84	212	43
86	212	39
88	212	72
89	212	95
93	212	56
97	212	36
99	212	93
101	212	41
108	212	65
109	212	141
111	212	27
112	212	102
115	212	73
116	212	61
121	212	13
123	212	43
125	212	39
130	212	38
# chipNumber: 4
# chipName:   G 10 W69
# numHits:    1
27	105	39
# chipNumber: 5
# chipName:   D 9 W69
# numHits:    1
210	220	36
# chipNumber: 6
# chipName:   L 8 W69
# numHits:    3
31	237	46
166	233	11810
234	203	11810
