## [General]
## runNumber:        241
## runTime:       	 7200
## runTimeFrames: 	 0
## pathName:         data/runs/Run_241_181022-16-16
## dateTime:         2018-10-22.16:54:41
## numChips:         7
## shutterTime:      30
## shutterMode:      verylong
## runMode:          0
## fastClock:        0
## externalTrigger:  0
## [Event]
## eventNumber:      3020
## useHvFadc:    	 1
## fadcReadout:    	 1
## szint1ClockInt:	 0
## szint2ClockInt:	 4095
## fadcTriggerClock: 0
# chipNumber: 0
# chipName:   E 6 W69
# numHits:    100
17	155	40
56	142	43
39	141	57
20	138	59
61	136	6
42	134	43
43	133	66
67	133	25
26	131	66
22	130	52
26	130	33
37	130	54
26	129	30
67	129	52
46	126	70
59	126	73
62	126	68
33	125	60
54	125	33
77	124	50
36	123	41
74	123	51
62	122	43
70	122	45
86	120	42
64	119	36
36	118	76
59	118	30
73	117	28
42	116	58
68	116	32
85	116	27
50	115	53
54	115	37
90	113	29
60	112	49
58	111	76
73	109	42
90	109	46
43	108	41
57	108	38
45	107	42
56	107	22
58	106	68
61	106	46
62	106	24
59	105	34
57	104	32
107	104	47
44	103	53
56	103	56
61	102	40
72	102	36
106	102	25
92	95	48
130	95	38
118	94	52
129	94	25
152	94	68
107	93	48
129	93	57
114	89	73
116	89	26
112	86	62
117	84	41
150	84	18
124	83	33
131	83	24
131	82	39
143	81	56
191	76	78
173	72	20
192	70	29
164	69	17
171	65	45
199	65	51
208	58	59
230	56	33
200	54	60
234	53	45
201	52	72
230	51	54
234	51	38
233	50	23
239	49	27
241	48	29
236	46	46
248	46	56
231	44	45
232	43	36
234	43	77
236	43	64
237	43	52
247	43	54
245	40	44
243	39	54
225	38	8
227	37	63
242	37	71
240	35	51
# chipNumber: 1
# chipName:   K 6 W69
# numHits:    16
20	26	51
31	24	40
30	23	65
32	22	48
30	19	14
31	18	37
24	17	77
32	16	44
25	12	24
33	12	34
46	12	32
46	8	102
51	6	43
50	5	80
51	5	22
54	5	27
# chipNumber: 2
# chipName:   H 9 W69
# numHits:    64
26	233	33
28	232	16
26	230	124
44	223	78
24	213	63
17	212	59
18	211	112
14	210	47
31	210	42
18	208	80
36	208	73
20	198	47
238	162	82
243	149	52
234	144	71
236	143	58
237	140	39
241	131	61
239	130	63
238	128	33
240	119	41
248	118	57
245	116	44
247	116	34
237	115	59
239	115	49
240	115	89
242	115	84
227	114	25
240	114	28
242	114	58
244	114	32
240	113	34
233	110	43
242	110	56
232	109	75
234	108	38
245	108	18
247	108	50
236	106	72
241	106	68
240	104	43
242	100	40
246	100	34
246	98	51
234	97	62
241	96	32
243	94	57
247	94	28
244	92	12
248	90	39
235	88	26
243	88	31
244	88	43
233	87	44
234	87	34
244	87	96
236	86	35
244	79	34
244	78	48
243	77	44
242	76	102
241	62	44
242	31	10
# chipNumber: 3
# chipName:   H 10 W69
# numHits:    23274
243	198	82
245	198	23
247	198	73
12	197	53
13	197	49
21	197	52
22	197	71
26	197	74
27	197	21
30	197	53
32	197	134
33	197	41
34	197	109
36	197	90
40	197	112
42	197	26
43	197	34
45	197	34
52	197	60
54	197	36
57	197	58
60	197	38
62	197	59
64	197	91
70	197	67
71	197	31
84	197	78
91	197	32
92	197	69
93	197	6
94	197	17
102	197	94
103	197	10
104	197	72
105	197	151
107	197	70
109	197	20
110	197	98
111	197	83
112	197	45
113	197	60
115	197	29
116	197	48
122	197	116
123	197	54
124	197	54
125	197	62
126	197	68
129	197	63
130	197	61
131	197	48
149	197	19
152	197	40
156	197	29
157	197	14
158	197	54
159	197	26
169	197	137
172	197	33
173	197	110
176	197	57
177	197	47
182	197	51
187	197	60
188	197	95
189	197	45
191	197	5
193	197	128
198	197	21
201	197	106
203	197	74
204	197	120
205	197	165
208	197	74
209	197	10
210	197	52
211	197	44
216	197	35
217	197	123
218	197	107
219	197	69
220	197	34
221	197	87
222	197	66
224	197	58
227	197	114
228	197	79
230	197	31
234	197	127
235	197	22
238	197	18
241	197	44
10	196	27
11	196	86
15	196	62
16	196	45
23	196	71
26	196	45
27	196	44
31	196	46
32	196	71
36	196	75
47	196	79
55	196	59
59	196	35
62	196	59
63	196	38
68	196	32
69	196	143
75	196	18
78	196	23
83	196	85
84	196	71
86	196	44
89	196	26
91	196	39
96	196	78
98	196	46
100	196	51
102	196	94
103	196	31
106	196	31
109	196	66
110	196	47
116	196	32
119	196	80
122	196	62
123	196	83
124	196	74
129	196	68
143	196	38
148	196	19
160	196	51
162	196	96
167	196	65
172	196	61
175	196	117
176	196	69
177	196	34
179	196	25
180	196	25
188	196	48
189	196	34
194	196	82
197	196	68
198	196	102
202	196	103
205	196	59
208	196	67
210	196	28
212	196	62
214	196	79
218	196	173
220	196	106
221	196	85
222	196	59
224	196	137
227	196	39
230	196	55
234	196	115
236	196	42
238	196	67
239	196	94
240	196	128
241	196	109
17	195	62
20	195	78
22	195	71
23	195	48
28	195	65
29	195	56
31	195	50
32	195	33
36	195	63
37	195	118
38	195	60
44	195	37
45	195	38
46	195	42
47	195	18
48	195	84
50	195	26
55	195	69
58	195	83
61	195	35
62	195	93
66	195	16
77	195	23
85	195	59
87	195	50
90	195	70
99	195	66
101	195	111
102	195	223
103	195	31
104	195	27
105	195	49
108	195	30
110	195	55
113	195	40
114	195	101
116	195	52
117	195	57
119	195	80
121	195	27
122	195	22
124	195	45
126	195	172
127	195	75
129	195	64
133	195	68
134	195	54
140	195	50
141	195	65
142	195	70
161	195	131
162	195	223
164	195	15
171	195	45
172	195	72
175	195	89
179	195	54
180	195	43
184	195	60
185	195	54
188	195	41
195	195	39
197	195	29
198	195	251
200	195	30
202	195	106
203	195	104
204	195	31
206	195	49
212	195	44
213	195	111
215	195	109
217	195	68
218	195	153
219	195	68
220	195	125
221	195	24
222	195	81
223	195	79
226	195	46
227	195	149
228	195	101
229	195	17
232	195	16
233	195	51
234	195	97
235	195	114
238	195	55
240	195	37
241	195	98
243	195	30
10	194	45
15	194	19
17	194	65
19	194	51
22	194	48
24	194	58
25	194	79
26	194	122
30	194	135
37	194	42
44	194	28
47	194	41
48	194	79
49	194	43
56	194	116
59	194	59
60	194	74
70	194	27
71	194	33
72	194	82
73	194	8
74	194	88
85	194	15
88	194	62
95	194	79
96	194	56
100	194	57
101	194	60
103	194	8
105	194	132
106	194	58
108	194	40
109	194	121
111	194	115
112	194	62
118	194	129
124	194	131
125	194	48
128	194	61
129	194	49
130	194	66
131	194	51
133	194	21
134	194	90
142	194	22
155	194	72
156	194	62
158	194	85
159	194	55
160	194	70
161	194	22
162	194	214
163	194	13
170	194	63
173	194	29
179	194	62
191	194	30
192	194	82
202	194	188
205	194	82
207	194	92
208	194	46
214	194	60
221	194	140
224	194	40
230	194	78
231	194	65
233	194	94
234	194	33
239	194	56
241	194	73
242	194	93
8	193	41
15	193	33
16	193	32
22	193	127
27	193	101
28	193	145
31	193	30
32	193	47
37	193	19
38	193	83
39	193	17
46	193	22
53	193	61
54	193	67
56	193	31
58	193	52
62	193	56
63	193	206
64	193	50
69	193	74
71	193	48
73	193	19
80	193	95
81	193	26
82	193	44
83	193	35
85	193	16
88	193	48
93	193	98
94	193	84
96	193	41
102	193	76
103	193	50
104	193	77
110	193	115
111	193	33
112	193	25
118	193	37
119	193	59
121	193	18
123	193	69
125	193	52
128	193	74
132	193	99
133	193	55
138	193	19
142	193	71
144	193	94
148	193	23
151	193	30
154	193	6
160	193	100
162	193	76
163	193	48
166	193	33
168	193	19
175	193	25
183	193	53
194	193	44
197	193	24
198	193	69
199	193	16
201	193	45
204	193	18
205	193	40
206	193	80
209	193	51
210	193	144
211	193	61
215	193	70
216	193	59
218	193	135
220	193	64
221	193	55
222	193	63
223	193	54
224	193	22
225	193	66
226	193	66
228	193	74
230	193	95
231	193	45
234	193	67
235	193	59
239	193	26
244	193	46
15	192	24
19	192	68
20	192	31
22	192	31
26	192	62
28	192	87
34	192	36
35	192	41
38	192	26
39	192	63
41	192	63
42	192	42
44	192	77
51	192	82
53	192	53
58	192	54
59	192	62
62	192	29
63	192	92
64	192	25
69	192	66
70	192	68
72	192	88
75	192	46
77	192	41
79	192	58
86	192	85
88	192	131
94	192	62
96	192	45
97	192	51
100	192	49
101	192	52
102	192	62
103	192	23
105	192	59
106	192	42
110	192	54
115	192	21
117	192	93
120	192	77
121	192	56
122	192	27
123	192	34
127	192	48
128	192	43
129	192	35
131	192	33
132	192	168
133	192	230
135	192	109
137	192	14
144	192	75
145	192	42
152	192	50
159	192	114
161	192	89
162	192	29
163	192	25
165	192	55
167	192	46
168	192	55
172	192	45
176	192	62
177	192	48
179	192	49
180	192	130
181	192	62
187	192	107
189	192	31
194	192	73
200	192	44
206	192	111
209	192	103
211	192	34
215	192	78
216	192	50
218	192	57
219	192	115
223	192	38
224	192	48
226	192	108
229	192	50
230	192	94
231	192	33
233	192	31
239	192	152
244	192	56
10	191	76
20	191	34
21	191	56
22	191	56
23	191	32
30	191	70
33	191	13
36	191	36
37	191	68
38	191	62
39	191	50
43	191	150
45	191	57
52	191	45
54	191	60
58	191	6
63	191	7
64	191	115
73	191	66
79	191	43
80	191	36
89	191	86
91	191	44
92	191	36
93	191	44
101	191	59
108	191	171
109	191	45
111	191	64
113	191	40
118	191	19
121	191	56
129	191	143
130	191	26
132	191	86
135	191	128
136	191	22
137	191	11
142	191	52
144	191	56
145	191	49
151	191	52
152	191	36
155	191	67
156	191	98
159	191	115
160	191	124
161	191	106
169	191	29
173	191	38
174	191	63
175	191	23
178	191	52
185	191	72
192	191	82
212	191	66
214	191	15
215	191	129
219	191	63
220	191	116
221	191	89
222	191	19
223	191	44
225	191	92
227	191	95
230	191	21
233	191	126
234	191	16
238	191	70
239	191	60
240	191	46
13	190	46
18	190	66
23	190	87
24	190	57
29	190	83
30	190	49
33	190	60
34	190	14
35	190	44
38	190	73
40	190	67
46	190	75
49	190	53
51	190	60
53	190	83
58	190	20
59	190	73
60	190	37
61	190	68
62	190	23
63	190	56
68	190	62
71	190	42
75	190	16
83	190	55
86	190	153
93	190	36
100	190	199
103	190	179
105	190	30
106	190	135
107	190	80
109	190	42
110	190	38
113	190	76
114	190	34
117	190	87
118	190	97
120	190	5
122	190	41
127	190	39
128	190	47
129	190	149
137	190	74
147	190	98
148	190	55
153	190	52
156	190	178
157	190	75
158	190	36
161	190	55
162	190	41
171	190	82
175	190	27
176	190	142
177	190	62
180	190	105
183	190	32
184	190	35
187	190	82
188	190	46
194	190	81
198	190	83
200	190	46
212	190	39
213	190	22
217	190	39
218	190	126
220	190	138
221	190	149
222	190	92
223	190	123
224	190	25
228	190	109
234	190	30
235	190	56
238	190	57
241	190	79
242	190	53
13	189	63
14	189	12
19	189	36
20	189	156
21	189	40
22	189	25
25	189	41
27	189	31
29	189	30
30	189	36
31	189	26
32	189	83
33	189	51
37	189	23
38	189	31
39	189	122
43	189	30
44	189	39
49	189	25
51	189	54
55	189	31
59	189	91
60	189	45
76	189	19
85	189	34
89	189	26
90	189	39
92	189	97
93	189	38
96	189	25
98	189	44
100	189	49
101	189	63
102	189	89
103	189	46
105	189	31
106	189	62
107	189	52
108	189	104
111	189	98
113	189	29
114	189	169
116	189	38
117	189	123
119	189	90
120	189	33
121	189	15
126	189	85
127	189	22
128	189	56
130	189	38
135	189	88
136	189	47
137	189	64
138	189	40
143	189	70
158	189	22
162	189	140
164	189	40
165	189	146
178	189	120
180	189	59
184	189	120
185	189	82
186	189	76
192	189	54
193	189	21
194	189	70
196	189	40
197	189	28
199	189	70
200	189	45
201	189	66
203	189	103
204	189	79
205	189	49
206	189	72
207	189	57
211	189	65
218	189	65
223	189	29
225	189	69
228	189	55
229	189	52
230	189	63
231	189	18
236	189	89
242	189	34
244	189	46
20	188	80
25	188	41
26	188	48
31	188	57
32	188	119
35	188	22
36	188	40
37	188	142
41	188	56
44	188	72
45	188	37
50	188	67
58	188	25
61	188	86
65	188	71
66	188	19
68	188	70
70	188	59
75	188	84
78	188	53
84	188	97
85	188	48
89	188	81
91	188	54
94	188	87
97	188	24
98	188	54
99	188	81
100	188	72
101	188	195
107	188	46
108	188	44
111	188	42
113	188	57
115	188	95
116	188	136
123	188	42
124	188	123
126	188	54
127	188	51
130	188	49
131	188	60
134	188	212
135	188	134
136	188	19
137	188	131
138	188	17
143	188	57
146	188	27
152	188	58
154	188	55
158	188	19
159	188	87
160	188	56
161	188	26
164	188	289
166	188	48
168	188	24
172	188	37
174	188	77
175	188	44
176	188	53
180	188	124
184	188	77
185	188	66
187	188	39
190	188	28
191	188	84
193	188	38
198	188	75
203	188	86
206	188	62
208	188	66
209	188	52
210	188	71
213	188	42
215	188	91
217	188	64
218	188	27
221	188	41
222	188	104
227	188	90
229	188	68
234	188	61
235	188	77
236	188	54
243	188	97
13	187	75
14	187	90
17	187	41
21	187	45
22	187	158
24	187	44
25	187	50
29	187	35
30	187	31
31	187	93
33	187	42
35	187	31
38	187	75
39	187	40
40	187	117
44	187	49
45	187	41
50	187	20
53	187	41
54	187	58
56	187	59
59	187	57
60	187	92
62	187	147
67	187	35
72	187	73
73	187	75
75	187	23
80	187	49
83	187	51
86	187	68
90	187	39
91	187	33
96	187	72
98	187	62
99	187	28
101	187	39
102	187	43
103	187	76
108	187	117
114	187	90
115	187	57
117	187	132
118	187	102
119	187	77
120	187	87
121	187	92
125	187	152
127	187	99
128	187	105
129	187	126
134	187	40
136	187	29
138	187	49
139	187	53
140	187	49
142	187	147
146	187	56
147	187	106
150	187	102
153	187	74
154	187	113
155	187	51
161	187	124
162	187	51
165	187	39
166	187	82
167	187	139
168	187	83
169	187	60
170	187	80
171	187	52
173	187	74
174	187	56
175	187	127
178	187	69
179	187	42
180	187	68
181	187	46
186	187	34
187	187	112
188	187	49
190	187	42
199	187	100
202	187	56
204	187	79
206	187	32
209	187	76
211	187	52
212	187	60
213	187	67
215	187	112
216	187	30
217	187	120
220	187	97
225	187	61
226	187	48
227	187	89
228	187	65
230	187	55
231	187	146
234	187	48
236	187	90
247	187	89
15	186	29
16	186	34
17	186	110
19	186	24
20	186	210
21	186	42
22	186	70
26	186	151
27	186	108
32	186	109
34	186	157
38	186	65
40	186	219
41	186	178
42	186	91
43	186	73
48	186	21
49	186	27
50	186	70
54	186	65
56	186	69
59	186	40
61	186	74
62	186	59
67	186	26
68	186	92
74	186	48
75	186	68
76	186	6
79	186	45
80	186	62
82	186	65
84	186	56
86	186	70
89	186	60
91	186	31
94	186	91
97	186	31
98	186	60
99	186	56
102	186	77
103	186	28
112	186	41
114	186	93
116	186	49
117	186	97
118	186	25
120	186	75
123	186	66
125	186	76
129	186	89
130	186	83
133	186	18
137	186	29
138	186	54
142	186	27
151	186	61
157	186	139
158	186	62
161	186	113
163	186	93
164	186	27
167	186	42
171	186	136
172	186	131
173	186	48
178	186	34
180	186	125
182	186	80
183	186	75
186	186	29
193	186	29
200	186	105
202	186	88
205	186	43
210	186	96
212	186	55
216	186	154
217	186	49
218	186	22
219	186	70
220	186	65
223	186	53
228	186	104
234	186	71
235	186	120
236	186	77
237	186	129
238	186	46
242	186	52
245	186	56
17	185	80
18	185	45
21	185	25
22	185	56
24	185	45
25	185	80
26	185	54
27	185	14
28	185	119
32	185	98
35	185	147
39	185	82
40	185	29
42	185	58
49	185	30
50	185	55
51	185	19
54	185	51
55	185	57
57	185	122
58	185	24
61	185	53
62	185	38
63	185	90
66	185	57
68	185	125
74	185	105
77	185	107
80	185	70
82	185	41
84	185	10
86	185	29
88	185	27
91	185	111
93	185	29
95	185	53
97	185	75
98	185	106
100	185	62
101	185	83
103	185	37
104	185	44
106	185	60
109	185	48
111	185	33
114	185	73
116	185	66
117	185	13
119	185	36
120	185	21
121	185	73
123	185	33
125	185	84
127	185	41
128	185	85
129	185	37
130	185	80
131	185	37
132	185	169
133	185	47
134	185	24
145	185	73
147	185	47
151	185	57
152	185	45
154	185	38
157	185	35
164	185	18
165	185	6
167	185	45
171	185	87
172	185	58
173	185	38
175	185	63
178	185	37
182	185	30
183	185	76
184	185	93
185	185	4
187	185	60
189	185	112
193	185	43
194	185	47
199	185	58
203	185	63
204	185	83
205	185	190
210	185	25
214	185	62
215	185	33
218	185	67
221	185	89
223	185	123
225	185	17
227	185	54
228	185	41
229	185	21
234	185	41
243	185	34
17	184	53
18	184	125
20	184	54
21	184	86
22	184	140
23	184	51
24	184	139
29	184	73
30	184	53
31	184	57
33	184	58
35	184	69
36	184	52
42	184	31
43	184	146
44	184	34
45	184	50
46	184	54
51	184	90
61	184	73
62	184	85
68	184	57
73	184	91
74	184	36
77	184	87
83	184	27
86	184	40
91	184	11
93	184	54
94	184	25
96	184	34
97	184	37
101	184	51
102	184	74
103	184	37
107	184	63
108	184	25
109	184	84
112	184	97
114	184	148
118	184	84
119	184	137
122	184	21
123	184	57
125	184	26
131	184	69
137	184	41
138	184	66
139	184	126
141	184	66
142	184	118
143	184	79
150	184	42
152	184	76
154	184	44
161	184	49
165	184	57
167	184	121
168	184	51
171	184	57
178	184	21
179	184	32
184	184	61
185	184	75
186	184	74
191	184	32
197	184	65
199	184	33
206	184	73
207	184	129
211	184	161
215	184	34
218	184	77
219	184	83
220	184	34
222	184	33
231	184	30
234	184	51
237	184	97
244	184	91
245	184	24
12	183	6
18	183	19
19	183	104
20	183	98
22	183	42
24	183	46
26	183	95
27	183	42
29	183	88
30	183	66
34	183	29
36	183	57
39	183	17
40	183	80
43	183	94
49	183	50
53	183	16
68	183	44
69	183	18
72	183	46
77	183	38
80	183	42
92	183	25
98	183	21
100	183	102
104	183	103
105	183	54
107	183	141
108	183	180
109	183	124
110	183	27
112	183	56
114	183	36
116	183	250
118	183	56
120	183	50
121	183	77
126	183	114
129	183	105
131	183	38
134	183	49
136	183	102
139	183	68
141	183	34
143	183	114
144	183	45
145	183	49
146	183	18
147	183	206
155	183	24
161	183	19
162	183	37
163	183	29
164	183	87
165	183	41
166	183	48
167	183	44
169	183	44
170	183	32
171	183	20
173	183	42
181	183	48
182	183	75
183	183	30
187	183	125
188	183	68
190	183	23
191	183	86
197	183	40
200	183	22
201	183	181
202	183	82
203	183	103
206	183	23
207	183	35
211	183	17
213	183	58
214	183	22
216	183	104
218	183	40
219	183	56
223	183	76
225	183	50
227	183	31
231	183	167
237	183	52
238	183	71
239	183	22
243	183	29
247	183	27
13	182	59
18	182	65
19	182	16
20	182	120
21	182	103
22	182	80
23	182	106
24	182	103
25	182	88
124	246	67
50	245	32
59	245	65
60	245	19
61	245	34
128	245	66
129	245	96
191	245	22
50	244	47
51	244	69
58	244	96
59	244	21
63	244	51
65	244	30
112	244	49
122	244	36
129	244	81
149	244	37
176	244	54
182	244	66
183	244	80
192	244	65
69	243	45
70	243	61
76	243	63
77	243	40
86	243	36
93	243	48
108	243	73
127	243	43
128	243	26
131	243	38
132	243	63
133	243	59
162	243	64
168	243	38
182	243	36
201	243	53
56	242	112
58	242	64
65	242	85
66	242	72
68	242	67
70	242	27
73	242	31
74	242	57
80	242	17
81	242	34
86	242	82
87	242	85
89	242	40
117	242	108
120	242	79
123	242	81
132	242	49
142	242	51
145	242	39
169	242	44
185	242	51
194	242	78
39	241	32
47	241	58
58	241	51
68	241	65
74	241	59
76	241	63
82	241	108
84	241	18
89	241	85
93	241	61
101	241	51
104	241	44
107	241	89
112	241	67
114	241	37
116	241	41
118	241	57
123	241	66
134	241	44
136	241	57
156	241	21
167	241	103
168	241	22
169	241	17
170	241	57
177	241	45
180	241	135
189	241	37
196	241	73
48	240	44
62	240	33
64	240	59
65	240	47
73	240	65
77	240	40
81	240	52
92	240	41
105	240	78
106	240	12
107	240	66
110	240	37
112	240	18
115	240	57
117	240	58
123	240	69
129	240	58
134	240	63
143	240	73
146	240	32
160	240	61
165	240	47
166	240	74
170	240	5
175	240	51
177	240	52
185	240	63
187	240	39
197	240	25
223	240	14
65	239	70
68	239	34
71	239	47
75	239	58
82	239	60
91	239	63
92	239	15
93	239	34
94	239	80
95	239	23
100	239	71
102	239	52
105	239	54
108	239	16
109	239	50
110	239	70
111	239	63
112	239	54
115	239	33
116	239	62
127	239	103
131	239	60
153	239	41
163	239	40
167	239	71
183	239	46
184	239	63
185	239	66
186	239	46
188	239	37
189	239	97
190	239	58
192	239	63
194	239	59
196	239	19
209	239	75
215	239	47
20	238	29
46	238	42
60	238	33
65	238	31
68	238	143
71	238	77
73	238	18
74	238	107
75	238	47
81	238	23
84	238	54
94	238	49
95	238	32
96	238	34
97	238	45
99	238	27
100	238	35
103	238	71
104	238	75
105	238	90
106	238	38
108	238	67
112	238	155
116	238	23
120	238	82
121	238	79
126	238	36
129	238	42
131	238	31
151	238	36
152	238	80
157	238	56
158	238	48
160	238	29
161	238	49
162	238	52
168	238	59
172	238	70
179	238	66
181	238	53
185	238	70
199	238	49
206	238	4
208	238	66
210	238	78
223	238	41
227	238	55
34	237	47
38	237	59
39	237	66
51	237	128
52	237	63
56	237	18
61	237	189
66	237	38
78	237	64
81	237	46
82	237	79
89	237	34
95	237	56
103	237	69
106	237	26
107	237	68
109	237	19
111	237	84
112	237	57
114	237	95
130	237	77
132	237	62
135	237	50
144	237	55
145	237	24
147	237	86
152	237	53
153	237	18
161	237	51
164	237	103
165	237	93
168	237	22
173	237	42
176	237	87
181	237	73
184	237	115
188	237	91
194	237	100
197	237	41
233	237	47
31	236	80
61	236	47
65	236	18
66	236	42
67	236	19
72	236	99
78	236	71
83	236	109
84	236	94
86	236	22
87	236	21
88	236	98
91	236	43
92	236	49
93	236	91
96	236	71
104	236	65
105	236	60
107	236	70
109	236	56
114	236	125
115	236	96
119	236	62
123	236	53
132	236	48
136	236	44
137	236	55
139	236	42
140	236	38
142	236	30
149	236	151
150	236	58
152	236	62
153	236	33
158	236	48
166	236	156
178	236	42
179	236	52
181	236	112
182	236	110
185	236	101
192	236	56
194	236	5
195	236	94
196	236	33
199	236	87
209	236	79
31	235	81
41	235	20
51	235	54
64	235	51
66	235	26
68	235	74
69	235	19
72	235	28
80	235	53
81	235	21
85	235	168
87	235	59
104	235	108
105	235	44
106	235	95
107	235	14
111	235	97
113	235	96
114	235	13
119	235	27
122	235	60
129	235	49
130	235	20
133	235	102
138	235	20
143	235	47
144	235	31
145	235	22
146	235	13
147	235	13
151	235	57
154	235	52
157	235	33
160	235	65
161	235	40
164	235	73
176	235	113
180	235	42
181	235	77
182	235	63
184	235	155
190	235	25
192	235	35
193	235	115
196	235	67
197	235	128
198	235	100
202	235	71
212	235	34
31	234	79
34	234	26
51	234	46
54	234	39
55	234	100
60	234	41
61	234	80
69	234	16
72	234	49
78	234	45
79	234	106
81	234	76
83	234	59
87	234	37
93	234	45
98	234	37
99	234	103
106	234	34
110	234	43
120	234	32
128	234	63
129	234	15
130	234	118
135	234	129
137	234	4
142	234	44
143	234	75
144	234	157
155	234	47
156	234	51
157	234	41
160	234	46
164	234	212
166	234	65
167	234	73
169	234	50
171	234	23
172	234	44
173	234	67
180	234	35
185	234	115
188	234	58
189	234	98
190	234	77
227	234	63
35	233	14
52	233	30
53	233	59
54	233	96
56	233	37
58	233	55
62	233	44
64	233	43
67	233	62
69	233	117
74	233	67
76	233	44
80	233	57
81	233	31
83	233	26
85	233	96
100	233	19
101	233	59
102	233	20
104	233	62
115	233	30
118	233	52
124	233	115
125	233	49
128	233	39
133	233	5
138	233	32
144	233	71
155	233	47
158	233	64
159	233	49
160	233	81
161	233	101
172	233	35
173	233	7
181	233	22
183	233	56
185	233	98
186	233	14
190	233	38
195	233	43
198	233	40
204	233	46
206	233	50
22	232	58
48	232	70
50	232	25
53	232	98
54	232	100
67	232	42
70	232	59
74	232	121
76	232	23
78	232	43
80	232	52
85	232	122
87	232	26
93	232	96
95	232	68
111	232	41
114	232	81
116	232	79
119	232	14
122	232	48
124	232	166
127	232	22
141	232	18
144	232	85
153	232	43
156	232	26
159	232	86
161	232	67
163	232	67
164	232	44
167	232	84
170	232	141
171	232	28
173	232	71
174	232	70
178	232	105
183	232	56
187	232	55
188	232	47
193	232	54
198	232	39
200	232	23
201	232	75
209	232	61
212	232	42
213	232	51
31	231	69
35	231	38
36	231	70
40	231	23
43	231	35
48	231	54
63	231	57
66	231	130
67	231	87
68	231	59
69	231	77
71	231	68
73	231	85
76	231	67
82	231	34
83	231	36
87	231	46
88	231	10
90	231	52
92	231	59
93	231	20
98	231	31
99	231	31
101	231	44
104	231	35
117	231	65
122	231	14
125	231	42
129	231	55
132	231	58
135	231	36
143	231	42
147	231	55
154	231	83
156	231	92
162	231	71
166	231	62
169	231	62
170	231	46
171	231	71
176	231	123
178	231	32
181	231	35
184	231	71
187	231	65
190	231	19
194	231	14
195	231	100
197	231	48
207	231	94
220	231	97
37	230	34
45	230	41
46	230	75
47	230	132
49	230	100
51	230	73
54	230	45
57	230	30
60	230	41
61	230	36
66	230	4
67	230	95
70	230	108
73	230	75
75	230	65
76	230	51
78	230	96
79	230	35
80	230	37
81	230	77
86	230	161
87	230	48
89	230	74
90	230	34
96	230	52
97	230	68
103	230	25
104	230	33
107	230	56
115	230	36
120	230	48
128	230	62
159	230	68
162	230	24
163	230	69
165	230	79
167	230	89
170	230	81
171	230	50
176	230	63
178	230	63
181	230	72
182	230	119
184	230	30
191	230	91
192	230	83
193	230	27
194	230	49
205	230	63
207	230	53
221	230	57
47	229	37
58	229	65
59	229	27
61	229	11
63	229	76
67	229	63
68	229	71
69	229	38
70	229	139
71	229	116
80	229	41
82	229	117
86	229	72
88	229	132
89	229	90
93	229	57
95	229	48
99	229	75
106	229	15
109	229	60
110	229	11
111	229	68
122	229	29
123	229	51
127	229	80
130	229	63
131	229	25
132	229	52
137	229	45
139	229	46
148	229	40
152	229	93
156	229	49
161	229	42
162	229	42
167	229	89
172	229	53
175	229	84
177	229	29
178	229	49
180	229	79
182	229	79
184	229	113
185	229	37
188	229	93
192	229	63
193	229	58
200	229	48
206	229	57
208	229	87
209	229	45
227	229	56
17	228	58
28	228	70
35	228	85
42	228	68
44	228	26
54	228	52
55	228	94
56	228	19
57	228	70
59	228	42
66	228	117
68	228	67
74	228	43
75	228	37
77	228	56
79	228	57
82	228	36
83	228	60
84	228	18
85	228	77
93	228	88
97	228	83
98	228	57
101	228	63
106	228	65
109	228	41
111	228	30
113	228	74
126	228	49
127	228	66
131	228	98
134	228	78
135	228	33
138	228	100
150	228	49
155	228	68
157	228	26
163	228	13
172	228	41
174	228	28
175	228	55
178	228	49
179	228	40
181	228	79
182	228	73
183	228	88
184	228	118
185	228	51
190	228	170
200	228	37
201	228	87
219	228	106
220	228	92
228	228	75
34	227	33
38	227	69
39	227	87
45	227	48
49	227	141
50	227	49
53	227	57
56	227	40
57	227	26
58	227	63
61	227	39
62	227	61
65	227	24
66	227	36
71	227	57
72	227	39
81	227	160
82	227	48
91	227	123
93	227	75
94	227	58
95	227	80
96	227	53
101	227	33
103	227	87
107	227	34
112	227	57
113	227	42
114	227	84
122	227	62
123	227	91
128	227	23
130	227	92
133	227	20
137	227	52
142	227	28
146	227	54
150	227	111
154	227	164
155	227	80
159	227	45
160	227	18
161	227	44
162	227	15
164	227	123
169	227	44
172	227	73
176	227	58
178	227	24
184	227	38
185	227	79
190	227	49
198	227	34
199	227	28
202	227	46
203	227	12
206	227	17
220	227	75
223	227	46
29	226	39
37	226	39
48	226	103
52	226	73
56	226	78
59	226	34
65	226	60
66	226	40
68	226	33
69	226	120
71	226	128
72	226	96
73	226	64
76	226	87
80	226	32
82	226	67
91	226	125
93	226	37
97	226	96
99	226	47
101	226	59
105	226	15
113	226	133
118	226	98
119	226	18
126	226	33
127	226	20
129	226	73
130	226	45
133	226	74
137	226	49
138	226	78
139	226	42
140	226	65
144	226	47
147	226	115
148	226	85
149	226	52
150	226	52
151	226	81
153	226	90
161	226	115
163	226	61
166	226	49
170	226	70
194	226	28
200	226	88
211	226	46
222	226	24
238	226	81
24	225	41
40	225	34
41	225	122
44	225	27
45	225	65
49	225	103
52	225	55
54	225	60
57	225	31
58	225	58
59	225	25
64	225	17
66	225	66
67	225	123
68	225	31
70	225	40
71	225	91
73	225	51
75	225	30
77	225	44
78	225	23
79	225	76
80	225	103
88	225	57
90	225	54
94	225	57
96	225	53
105	225	55
106	225	28
110	225	77
111	225	86
117	225	53
123	225	57
124	225	38
131	225	33
135	225	34
136	225	40
137	225	41
138	225	65
141	225	38
142	225	39
148	225	39
153	225	32
154	225	75
156	225	29
160	225	42
161	225	100
163	225	94
164	225	82
169	225	38
171	225	44
178	225	148
183	225	77
184	225	31
194	225	52
197	225	24
201	225	60
211	225	81
212	225	28
23	224	53
24	224	43
50	224	179
53	224	67
58	224	29
59	224	76
60	224	53
66	224	31
67	224	124
68	224	55
69	224	52
70	224	45
72	224	129
77	224	76
81	224	59
89	224	29
94	224	19
96	224	60
98	224	116
100	224	77
101	224	71
104	224	48
111	224	98
113	224	63
129	224	30
136	224	56
137	224	81
141	224	75
143	224	80
145	224	72
146	224	69
147	224	29
148	224	55
151	224	8
155	224	24
156	224	26
160	224	129
161	224	74
164	224	31
171	224	109
175	224	82
178	224	88
180	224	28
181	224	164
183	224	25
186	224	39
189	224	69
192	224	76
197	224	74
203	224	51
207	224	44
32	223	56
41	223	34
44	223	54
51	223	45
53	223	54
54	223	119
62	223	76
64	223	56
65	223	23
73	223	38
74	223	49
75	223	63
76	223	86
77	223	45
79	223	31
80	223	83
81	223	56
83	223	32
87	223	77
90	223	90
93	223	61
95	223	14
96	223	74
100	223	28
108	223	38
112	223	51
124	223	23
125	223	86
126	223	133
127	223	25
129	223	69
135	223	42
138	223	32
149	223	29
157	223	68
161	223	44
167	223	17
169	223	70
171	223	60
172	223	46
187	223	90
192	223	89
193	223	34
194	223	134
195	223	74
196	223	35
197	223	81
198	223	60
32	222	9
36	222	96
37	222	75
41	222	89
44	222	24
47	222	50
48	222	34
50	222	60
55	222	22
57	222	130
62	222	55
65	222	139
68	222	58
73	222	127
74	222	125
76	222	31
79	222	42
80	222	127
83	222	52
84	222	40
85	222	104
87	222	27
89	222	48
90	222	48
95	222	63
100	222	59
103	222	22
111	222	43
120	222	30
132	222	83
133	222	28
135	222	23
142	222	66
147	222	13
148	222	33
149	222	79
152	222	96
156	222	53
158	222	52
159	222	30
161	222	39
170	222	52
172	222	78
175	222	52
177	222	46
181	222	52
182	222	53
183	222	47
185	222	73
186	222	51
188	222	20
190	222	83
191	222	39
193	222	192
194	222	37
203	222	60
206	222	116
208	222	56
219	222	85
220	222	67
231	222	90
31	221	53
39	221	49
40	221	84
41	221	41
42	221	60
48	221	37
50	221	25
53	221	128
57	221	79
58	221	28
59	221	41
63	221	59
76	221	77
77	221	40
80	221	139
82	221	46
83	221	14
84	221	56
85	221	88
87	221	81
92	221	88
94	221	46
102	221	41
103	221	50
104	221	126
114	221	52
115	221	67
119	221	29
122	221	22
124	221	47
127	221	78
131	221	44
134	221	19
141	221	89
150	221	135
156	221	42
158	221	66
159	221	14
163	221	77
172	221	28
175	221	75
176	221	100
178	221	56
181	221	74
184	221	54
192	221	32
193	221	107
196	221	70
197	221	15
199	221	65
203	221	39
207	221	22
208	221	67
209	221	39
210	221	45
218	221	28
230	221	10
234	221	54
20	220	58
24	220	46
32	220	7
34	220	40
37	220	82
38	220	62
39	220	54
40	220	73
45	220	61
50	220	111
54	220	24
57	220	18
58	220	41
59	220	26
63	220	90
65	220	22
66	220	75
68	220	46
71	220	51
72	220	42
74	220	50
77	220	48
78	220	25
83	220	58
85	220	62
86	220	55
88	220	45
89	220	151
101	220	40
102	220	109
103	220	46
106	220	71
112	220	45
113	220	65
120	220	39
121	220	42
125	220	131
136	220	67
137	220	65
143	220	66
144	220	39
150	220	58
151	220	74
153	220	81
159	220	29
162	220	59
168	220	5
169	220	73
170	220	69
173	220	73
178	220	39
183	220	69
184	220	42
185	220	140
188	220	60
189	220	57
191	220	69
193	220	50
194	220	63
195	220	28
196	220	222
198	220	202
199	220	12
200	220	100
203	220	22
206	220	25
212	220	66
215	220	59
221	220	71
223	220	39
224	220	66
239	220	50
21	219	13
24	219	87
25	219	62
32	219	26
35	219	68
36	219	35
37	219	7
42	219	59
44	219	29
48	219	3
51	219	41
54	219	65
55	219	65
59	219	71
63	219	68
68	219	146
70	219	58
74	219	46
76	219	86
77	219	60
78	219	46
80	219	61
87	219	26
89	219	50
90	219	101
92	219	198
95	219	54
98	219	60
99	219	45
101	219	61
104	219	55
108	219	58
110	219	70
113	219	20
117	219	80
119	219	67
122	219	60
127	219	17
129	219	24
144	219	76
157	219	86
159	219	19
166	219	94
170	219	79
173	219	41
178	219	70
183	219	46
185	219	36
186	219	32
187	219	56
188	219	96
189	219	43
190	219	62
191	219	95
192	219	147
195	219	144
196	219	100
198	219	82
199	219	28
201	219	44
202	219	14
203	219	64
206	219	40
208	219	89
218	219	42
220	219	54
221	219	56
222	219	36
223	219	51
224	219	39
231	219	17
235	219	27
238	219	36
20	218	29
34	218	103
35	218	25
36	218	74
44	218	60
46	218	73
50	218	16
52	218	110
54	218	21
56	218	41
57	218	78
60	218	290
65	218	66
66	218	45
68	218	70
70	218	126
75	218	17
76	218	54
77	218	15
78	218	56
79	218	51
80	218	132
82	218	27
86	218	44
91	218	57
94	218	109
95	218	72
96	218	67
99	218	90
102	218	47
111	218	40
112	218	76
113	218	42
115	218	34
117	218	148
119	218	97
124	218	79
138	218	60
140	218	66
141	218	95
145	218	48
148	218	86
150	218	74
153	218	88
157	218	74
158	218	227
164	218	14
165	218	86
167	218	54
169	218	20
178	218	50
180	218	78
183	218	30
185	218	65
186	218	23
187	218	140
188	218	85
190	218	83
191	218	96
192	218	124
194	218	33
195	218	59
196	218	16
198	218	125
199	218	88
200	218	43
202	218	97
203	218	31
204	218	39
210	218	44
223	218	44
225	218	25
237	218	43
242	218	61
22	217	70
23	217	100
24	217	56
28	217	81
30	217	65
31	217	20
50	217	56
55	217	86
56	217	34
61	217	68
62	217	11
63	217	59
64	217	97
66	217	25
69	217	30
70	217	142
74	217	54
75	217	49
78	217	24
85	217	49
90	217	63
93	217	32
98	217	96
100	217	44
106	217	55
118	217	68
122	217	85
123	217	32
126	217	14
127	217	70
129	217	93
131	217	17
132	217	71
135	217	62
147	217	15
155	217	101
156	217	60
158	217	49
159	217	47
161	217	14
162	217	67
165	217	58
168	217	52
170	217	72
172	217	70
179	217	20
183	217	206
185	217	199
186	217	147
188	217	93
189	217	137
190	217	98
191	217	70
192	217	131
193	217	89
194	217	112
195	217	31
196	217	93
198	217	22
199	217	50
200	217	57
207	217	75
213	217	55
226	217	85
238	217	63
28	216	87
33	216	59
34	216	60
37	216	49
41	216	46
57	216	30
58	216	12
59	216	45
66	216	106
70	216	22
73	216	142
74	216	71
79	216	64
81	216	27
86	216	24
87	216	38
89	216	40
90	216	34
91	216	55
94	216	61
101	216	52
104	216	69
111	216	52
112	216	42
113	216	31
114	216	61
118	216	92
122	216	88
128	216	20
129	216	126
131	216	110
132	216	41
134	216	67
135	216	76
136	216	58
140	216	119
147	216	35
150	216	125
151	216	30
155	216	69
156	216	91
158	216	73
164	216	95
167	216	89
173	216	33
175	216	35
176	216	18
177	216	53
181	216	89
183	216	32
188	216	100
189	216	155
190	216	157
191	216	79
192	216	310
193	216	181
194	216	110
196	216	50
197	216	42
198	216	89
200	216	104
202	216	76
203	216	56
208	216	194
209	216	26
213	216	57
226	216	92
228	216	58
232	216	45
246	216	23
22	215	60
28	215	41
30	215	46
44	215	64
48	215	84
50	215	86
53	215	64
57	215	61
58	215	117
59	215	85
64	215	66
70	215	73
72	215	14
73	215	34
74	215	62
76	215	76
77	215	7
78	215	19
87	215	40
89	215	25
95	215	71
96	215	66
99	215	47
100	215	81
101	215	19
102	215	36
103	215	60
108	215	14
116	215	51
119	215	25
123	215	25
124	215	39
129	215	53
137	215	44
138	215	75
144	215	21
145	215	46
146	215	100
147	215	24
148	215	71
157	215	14
162	215	80
163	215	27
167	215	16
169	215	85
173	215	52
175	215	132
184	215	57
186	215	53
188	215	76
190	215	64
191	215	76
192	215	89
194	215	77
195	215	83
196	215	101
197	215	13
201	215	33
202	215	93
203	215	41
204	215	40
209	215	56
210	215	45
211	215	47
213	215	20
221	215	27
230	215	68
237	215	65
23	214	46
26	214	37
29	214	45
30	214	50
34	214	73
42	214	47
46	214	67
52	214	74
53	214	54
54	214	55
57	214	48
59	214	50
61	214	45
74	214	52
77	214	97
78	214	130
80	214	103
81	214	10
83	214	41
87	214	110
88	214	78
89	214	47
91	214	51
101	214	53
105	214	90
107	214	31
111	214	53
112	214	45
115	214	39
118	214	53
119	214	26
122	214	52
123	214	45
124	214	95
127	214	97
131	214	49
135	214	49
136	214	85
143	214	77
144	214	41
145	214	69
148	214	49
150	214	59
155	214	21
160	214	57
166	214	22
168	214	50
174	214	63
182	214	63
186	214	87
187	214	104
189	214	83
190	214	43
192	214	85
193	214	122
194	214	98
195	214	98
197	214	132
198	214	74
200	214	70
202	214	58
203	214	39
211	214	29
212	214	99
213	214	94
222	214	35
227	214	51
229	214	67
232	214	52
235	214	33
245	214	124
10	213	59
23	213	50
31	213	134
34	213	70
37	213	73
40	213	162
47	213	29
50	213	41
54	213	42
55	213	52
57	213	34
60	213	57
64	213	67
68	213	43
69	213	11
73	213	46
76	213	68
77	213	38
80	213	45
82	213	27
83	213	52
85	213	72
86	213	46
87	213	33
88	213	68
89	213	35
93	213	52
98	213	42
99	213	109
100	213	46
105	213	69
106	213	95
107	213	40
109	213	55
112	213	19
114	213	43
115	213	42
116	213	46
117	213	28
118	213	36
122	213	42
125	213	16
130	213	70
132	213	55
133	213	73
136	213	41
138	213	82
140	213	34
147	213	15
148	213	22
149	213	38
155	213	79
158	213	40
160	213	25
167	213	59
171	213	73
185	213	75
186	213	37
187	213	134
188	213	99
189	213	138
190	213	52
192	213	76
193	213	74
194	213	134
195	213	60
196	213	118
197	213	43
198	213	57
200	213	64
204	213	49
205	213	26
211	213	54
212	213	26
213	213	52
215	213	116
216	213	115
217	213	83
219	213	37
222	213	44
223	213	57
12	212	53
24	212	40
27	212	45
29	212	75
33	212	83
34	212	41
36	212	40
41	212	17
43	212	38
46	212	77
47	212	82
48	212	80
49	212	91
50	212	78
51	212	19
58	212	45
62	212	54
64	212	37
69	212	72
71	212	39
73	212	47
76	212	117
77	212	57
78	212	48
80	212	48
81	212	7
84	212	135
89	212	53
95	212	91
98	212	20
100	212	51
106	212	47
111	212	34
114	212	44
116	212	120
118	212	14
119	212	105
120	212	68
122	212	62
127	212	54
128	212	41
130	212	98
134	212	84
135	212	18
140	212	51
144	212	90
145	212	73
147	212	63
149	212	54
157	212	56
158	212	13
160	212	15
165	212	67
167	212	69
170	212	42
172	212	37
174	212	56
181	212	24
182	212	28
186	212	100
187	212	93
188	212	99
189	212	102
190	212	84
191	212	38
192	212	33
194	212	129
195	212	41
206	212	113
213	212	14
217	212	74
218	212	38
222	212	55
223	212	6
224	212	48
225	212	36
227	212	67
241	212	61
12	211	33
24	211	22
26	211	26
28	211	15
35	211	71
37	211	31
38	211	18
44	211	49
47	211	147
48	211	106
52	211	30
54	211	20
59	211	67
60	211	36
63	211	40
66	211	51
69	211	46
72	211	25
75	211	28
80	211	52
84	211	46
85	211	59
88	211	27
92	211	41
93	211	160
95	211	79
99	211	19
103	211	46
111	211	49
113	211	43
118	211	113
119	211	19
122	211	21
123	211	73
130	211	13
133	211	39
135	211	39
136	211	52
146	211	80
147	211	71
148	211	58
156	211	26
157	211	55
159	211	80
165	211	58
166	211	123
168	211	56
169	211	49
170	211	39
172	211	37
174	211	128
180	211	65
183	211	32
186	211	37
187	211	23
188	211	48
189	211	18
190	211	33
191	211	103
192	211	16
193	211	150
194	211	93
195	211	19
196	211	70
197	211	57
199	211	85
201	211	20
204	211	27
206	211	62
213	211	25
214	211	26
215	211	109
219	211	34
227	211	129
19	210	30
30	210	96
32	210	49
34	210	57
40	210	17
41	210	44
49	210	115
50	210	85
52	210	74
53	210	66
54	210	29
58	210	72
60	210	104
61	210	76
62	210	112
68	210	52
69	210	128
75	210	72
80	210	96
81	210	70
84	210	63
86	210	47
90	210	75
91	210	108
92	210	47
96	210	101
98	210	66
100	210	140
107	210	38
115	210	34
118	210	15
121	210	56
124	210	76
125	210	42
127	210	57
131	210	62
132	210	62
136	210	72
138	210	66
140	210	44
150	210	80
159	210	19
160	210	55
166	210	85
169	210	40
172	210	30
173	210	30
174	210	38
175	210	75
176	210	35
178	210	24
180	210	64
183	210	97
184	210	61
185	210	52
186	210	83
187	210	64
188	210	87
189	210	108
190	210	125
191	210	152
192	210	126
193	210	20
194	210	158
195	210	44
197	210	50
199	210	50
200	210	72
201	210	63
202	210	74
203	210	27
205	210	70
208	210	45
215	210	42
217	210	75
222	210	63
223	210	59
232	210	81
233	210	95
234	210	64
240	210	58
20	209	27
24	209	55
29	209	29
31	209	36
32	209	51
35	209	166
37	209	84
49	209	24
52	209	2
53	209	11
59	209	59
60	209	30
62	209	196
63	209	23
64	209	38
69	209	25
79	209	33
81	209	67
82	209	60
84	209	32
85	209	29
87	209	47
90	209	51
91	209	52
94	209	56
97	209	50
99	209	79
101	209	22
104	209	85
105	209	65
106	209	42
107	209	124
109	209	57
115	209	85
116	209	65
117	209	110
118	209	38
119	209	82
123	209	137
124	209	73
126	209	63
127	209	146
132	209	73
137	209	21
141	209	83
147	209	117
148	209	69
150	209	177
157	209	32
176	209	81
179	209	75
180	209	47
182	209	31
186	209	58
188	209	181
189	209	33
190	209	85
191	209	38
192	209	73
193	209	55
194	209	66
195	209	16
196	209	34
201	209	17
203	209	33
204	209	39
205	209	71
206	209	37
214	209	65
215	209	41
217	209	31
218	209	72
220	209	53
221	209	42
222	209	69
224	209	170
226	209	140
227	209	43
229	209	107
235	209	49
236	209	129
237	209	59
245	209	54
23	208	115
29	208	29
32	208	67
35	208	38
37	208	40
38	208	26
43	208	36
45	208	80
46	208	22
52	208	54
53	208	13
54	208	85
60	208	104
61	208	58
64	208	90
65	208	84
68	208	100
69	208	125
79	208	81
80	208	20
83	208	40
84	208	50
87	208	115
94	208	78
100	208	67
101	208	54
106	208	131
112	208	57
114	208	35
115	208	112
119	208	71
122	208	49
124	208	46
129	208	67
132	208	52
137	208	80
141	208	49
146	208	50
164	208	71
165	208	77
166	208	123
167	208	98
170	208	63
173	208	154
174	208	56
178	208	23
179	208	92
182	208	67
183	208	30
184	208	96
187	208	43
189	208	57
191	208	120
192	208	79
193	208	106
194	208	64
196	208	146
197	208	113
200	208	133
207	208	22
210	208	55
213	208	26
217	208	43
223	208	63
224	208	118
233	208	92
234	208	67
236	208	32
237	208	67
238	208	62
29	207	44
30	207	29
34	207	22
35	207	33
37	207	38
38	207	59
39	207	69
42	207	24
49	207	44
53	207	100
59	207	72
60	207	60
68	207	114
69	207	67
71	207	134
75	207	139
76	207	52
78	207	63
79	207	135
83	207	40
85	207	78
88	207	17
89	207	36
93	207	39
94	207	25
95	207	18
103	207	53
105	207	26
112	207	80
113	207	238
114	207	48
116	207	28
119	207	41
123	207	116
125	207	23
126	207	52
128	207	57
141	207	67
142	207	31
147	207	61
156	207	90
157	207	61
163	207	92
169	207	34
170	207	57
181	207	32
183	207	62
186	207	40
187	207	183
188	207	60
191	207	39
192	207	73
194	207	92
195	207	16
196	207	95
197	207	61
198	207	71
199	207	49
206	207	106
210	207	109
214	207	40
221	207	50
223	207	51
224	207	37
225	207	32
227	207	38
229	207	48
231	207	81
232	207	83
233	207	131
234	207	65
238	207	105
239	207	93
242	207	72
16	206	37
17	206	55
20	206	78
21	206	26
24	206	58
25	206	31
27	206	26
28	206	52
30	206	132
31	206	71
32	206	102
34	206	13
40	206	63
44	206	61
50	206	33
51	206	51
54	206	40
59	206	62
60	206	53
62	206	41
63	206	58
64	206	78
67	206	75
74	206	73
76	206	46
77	206	75
82	206	62
93	206	135
94	206	164
99	206	18
110	206	43
111	206	101
112	206	33
113	206	57
114	206	52
123	206	35
124	206	78
127	206	87
134	206	99
146	206	107
147	206	73
149	206	36
167	206	45
170	206	48
171	206	53
176	206	85
177	206	36
180	206	18
183	206	34
185	206	72
186	206	103
188	206	87
189	206	94
191	206	14
193	206	109
194	206	60
195	206	93
196	206	47
199	206	79
205	206	50
208	206	60
209	206	22
212	206	118
213	206	60
214	206	68
215	206	89
220	206	14
222	206	55
223	206	84
225	206	41
226	206	55
227	206	29
231	206	35
232	206	24
237	206	143
12	205	74
16	205	43
18	205	50
33	205	28
39	205	66
46	205	42
48	205	59
50	205	30
58	205	32
64	205	37
65	205	27
69	205	114
73	205	76
78	205	64
79	205	19
81	205	117
83	205	65
92	205	29
94	205	39
96	205	90
99	205	50
102	205	54
106	205	23
108	205	19
111	205	45
114	205	82
116	205	22
118	205	28
122	205	69
127	205	93
131	205	44
132	205	59
138	205	21
139	205	72
140	205	72
155	205	65
161	205	26
163	205	37
166	205	75
173	205	55
175	205	57
176	205	132
180	205	79
182	205	96
183	205	90
186	205	91
188	205	78
190	205	136
192	205	28
193	205	26
194	205	88
206	205	58
208	205	34
209	205	171
212	205	81
218	205	79
219	205	44
223	205	19
224	205	103
225	205	14
226	205	36
227	205	38
228	205	28
231	205	81
238	205	143
241	205	77
243	205	58
13	204	45
15	204	37
27	204	49
29	204	57
35	204	77
39	204	46
41	204	46
48	204	42
49	204	110
50	204	42
68	204	117
69	204	26
70	204	21
80	204	101
83	204	17
85	204	56
91	204	122
95	204	91
96	204	177
99	204	68
100	204	172
101	204	69
104	204	49
106	204	50
108	204	59
109	204	65
117	204	74
121	204	30
122	204	58
125	204	59
129	204	30
132	204	81
133	204	98
134	204	34
137	204	16
139	204	124
140	204	42
150	204	22
151	204	78
158	204	16
170	204	64
175	204	29
176	204	30
178	204	62
182	204	67
184	204	31
186	204	33
187	204	62
191	204	105
192	204	57
194	204	59
195	204	92
198	204	80
205	204	57
208	204	71
210	204	80
213	204	189
214	204	52
215	204	48
216	204	57
217	204	48
221	204	53
222	204	98
224	204	80
226	204	67
229	204	41
230	204	4
231	204	156
232	204	117
235	204	28
238	204	19
243	204	104
244	204	56
23	203	74
27	203	47
32	203	29
38	203	58
41	203	71
45	203	29
46	203	68
47	203	16
53	203	89
54	203	26
61	203	60
64	203	40
69	203	48
70	203	62
79	203	79
101	203	18
102	203	62
108	203	60
109	203	57
111	203	37
116	203	62
118	203	129
126	203	38
127	203	68
128	203	19
132	203	85
134	203	66
141	203	53
143	203	16
147	203	111
149	203	88
151	203	70
152	203	33
153	203	64
154	203	78
156	203	23
160	203	12
161	203	51
165	203	84
176	203	177
186	203	67
188	203	65
189	203	99
191	203	88
194	203	38
198	203	50
201	203	5
205	203	55
206	203	75
207	203	144
209	203	50
210	203	26
211	203	107
214	203	56
215	203	58
217	203	79
218	203	144
220	203	72
224	203	65
228	203	33
229	203	92
230	203	79
231	203	82
236	203	43
241	203	57
242	203	100
8	202	37
14	202	46
15	202	63
16	202	98
24	202	130
32	202	44
34	202	70
37	202	97
38	202	30
40	202	14
41	202	31
43	202	22
49	202	20
51	202	54
52	202	60
61	202	40
62	202	95
66	202	41
67	202	77
76	202	55
79	202	90
80	202	111
82	202	160
93	202	57
101	202	87
102	202	7
106	202	30
108	202	39
110	202	47
112	202	45
113	202	117
114	202	51
115	202	42
116	202	85
121	202	56
131	202	37
134	202	63
138	202	37
139	202	116
140	202	23
141	202	87
142	202	25
146	202	94
147	202	53
152	202	12
155	202	80
165	202	113
182	202	66
183	202	36
188	202	117
190	202	84
191	202	28
192	202	57
193	202	33
198	202	108
200	202	21
201	202	56
205	202	172
206	202	64
207	202	144
208	202	94
209	202	85
211	202	90
212	202	91
215	202	46
217	202	81
218	202	37
222	202	72
223	202	79
225	202	24
230	202	43
231	202	62
232	202	45
238	202	15
240	202	45
245	202	62
16	201	70
32	201	72
35	201	48
36	201	48
40	201	51
42	201	92
45	201	45
50	201	35
51	201	99
52	201	25
53	201	25
61	201	68
63	201	49
65	201	59
67	201	62
68	201	54
69	201	89
72	201	52
75	201	84
78	201	51
86	201	98
97	201	49
104	201	84
107	201	98
108	201	59
109	201	73
110	201	105
112	201	38
117	201	69
118	201	22
119	201	78
120	201	68
124	201	65
131	201	45
140	201	44
142	201	62
144	201	54
151	201	132
152	201	32
154	201	28
158	201	77
164	201	19
167	201	26
168	201	41
169	201	52
170	201	51
177	201	69
179	201	63
181	201	54
182	201	79
190	201	60
191	201	71
197	201	54
200	201	94
204	201	85
205	201	103
207	201	80
208	201	48
212	201	58
213	201	86
214	201	117
217	201	16
218	201	54
219	201	81
220	201	110
221	201	95
222	201	87
224	201	39
225	201	89
229	201	63
231	201	29
233	201	78
237	201	54
238	201	54
240	201	62
13	200	70
19	200	46
25	200	74
28	200	88
31	200	41
36	200	83
37	200	52
38	200	117
39	200	3
42	200	54
45	200	96
46	200	71
47	200	19
48	200	107
50	200	39
53	200	45
54	200	62
60	200	42
66	200	40
69	200	60
70	200	63
72	200	8
73	200	35
76	200	42
87	200	52
88	200	95
89	200	52
91	200	30
92	200	46
94	200	45
104	200	47
106	200	24
107	200	114
108	200	96
109	200	63
110	200	98
118	200	44
119	200	86
120	200	39
124	200	77
127	200	44
129	200	70
130	200	5
132	200	75
135	200	25
137	200	54
140	200	68
144	200	88
145	200	64
149	200	46
151	200	128
154	200	73
160	200	20
161	200	68
163	200	25
164	200	46
170	200	49
171	200	94
172	200	57
174	200	91
176	200	48
181	200	51
182	200	69
187	200	59
188	200	71
189	200	25
192	200	151
196	200	33
199	200	65
200	200	26
202	200	81
203	200	65
204	200	13
205	200	36
210	200	50
214	200	57
216	200	60
218	200	164
219	200	17
221	200	56
222	200	36
224	200	129
226	200	56
230	200	77
233	200	46
236	200	170
238	200	120
239	200	45
240	200	29
245	200	48
246	200	117
21	199	39
27	199	27
32	199	15
33	199	55
34	199	96
35	199	55
36	199	71
38	199	83
48	199	69
54	199	38
56	199	38
57	199	42
64	199	51
65	199	66
77	199	30
80	199	35
82	199	7
84	199	71
87	199	65
88	199	37
89	199	85
92	199	67
95	199	70
96	199	104
100	199	90
102	199	132
105	199	52
107	199	47
108	199	83
110	199	16
111	199	236
112	199	44
116	199	90
117	199	75
121	199	93
122	199	41
123	199	51
124	199	56
127	199	47
128	199	32
130	199	30
131	199	59
135	199	42
137	199	40
143	199	74
144	199	67
145	199	80
152	199	155
157	199	45
161	199	26
162	199	82
165	199	30
166	199	13
167	199	126
168	199	26
174	199	13
181	199	17
185	199	158
186	199	113
187	199	49
188	199	44
190	199	90
191	199	60
199	199	75
200	199	90
201	199	27
204	199	74
208	199	31
209	199	69
210	199	82
211	199	57
213	199	60
214	199	25
216	199	72
218	199	102
221	199	92
222	199	115
223	199	94
225	199	86
226	199	104
228	199	57
234	199	73
235	199	106
238	199	67
240	199	124
247	199	44
13	198	20
14	198	47
17	198	30
19	198	41
21	198	68
23	198	57
25	198	48
26	198	69
28	198	86
29	198	60
32	198	38
39	198	101
42	198	26
44	198	63
49	198	36
52	198	55
53	198	21
54	198	41
59	198	59
60	198	83
61	198	67
62	198	60
76	198	66
77	198	37
81	198	144
88	198	30
90	198	52
91	198	41
96	198	118
97	198	35
100	198	31
107	198	55
109	198	54
110	198	86
114	198	43
118	198	59
119	198	94
120	198	106
121	198	20
122	198	61
123	198	47
124	198	68
130	198	60
133	198	39
137	198	64
149	198	92
152	198	57
156	198	58
158	198	57
159	198	85
163	198	95
168	198	54
169	198	64
171	198	18
176	198	66
181	198	116
183	198	76
185	198	46
186	198	129
190	198	92
195	198	21
200	198	93
204	198	40
206	198	110
208	198	24
210	198	24
211	198	79
213	198	67
215	198	103
216	198	23
219	198	17
220	198	46
221	198	52
224	198	100
230	198	21
231	198	37
232	198	127
233	198	56
235	198	80
236	198	59
237	198	48
239	198	204
241	198	64
# chipNumber: 4
# chipName:   G 10 W69
# numHits:    8
46	180	8
16	128	56
10	117	70
11	117	71
16	117	58
10	116	45
9	113	16
11	109	73
# chipNumber: 5
# chipName:   D 9 W69
# numHits:    0
# chipNumber: 6
# chipName:   L 8 W69
# numHits:    242
166	233	11810
53	225	48
75	220	57
62	214	28
74	214	34
51	212	40
57	211	17
68	211	41
69	209	64
51	208	60
61	208	25
39	206	31
68	206	40
64	205	19
72	205	23
55	204	36
56	204	35
60	204	22
71	204	22
72	204	35
241	204	33
57	203	16
71	203	26
72	203	63
234	203	11810
44	202	28
53	202	13
60	202	13
62	202	73
63	202	42
64	202	19
39	201	32
80	201	26
65	200	59
68	199	34
69	199	59
60	198	19
68	198	35
70	198	22
233	198	30
57	197	8
62	197	19
52	196	40
53	196	44
56	196	56
64	196	50
67	196	33
71	196	21
54	195	13
61	195	27
65	195	31
66	195	30
68	195	96
111	195	29
231	195	9
237	194	33
60	193	13
74	193	43
60	192	30
64	192	40
73	192	25
89	192	49
61	191	51
65	191	69
56	190	25
69	190	51
52	189	17
64	189	48
67	189	23
59	188	17
78	188	42
42	187	13
59	186	25
80	186	43
63	185	28
44	184	64
86	184	20
105	184	37
75	182	23
75	180	11
102	180	39
64	179	36
70	179	85
76	179	30
238	179	24
59	178	23
69	178	20
70	178	9
233	178	48
50	177	7
224	177	16
224	176	97
71	175	39
102	175	63
243	175	50
231	174	61
234	174	4
38	173	27
65	172	24
68	171	31
70	171	21
85	171	38
110	171	50
53	170	18
54	170	28
68	168	99
71	165	17
96	165	44
71	164	39
84	164	45
96	164	32
53	163	44
81	163	44
94	163	43
96	163	31
102	163	37
236	163	29
85	162	44
71	161	53
80	161	56
90	161	65
73	160	78
84	159	22
92	159	45
49	158	25
68	158	55
70	158	19
94	158	28
58	155	13
96	155	25
80	154	25
84	153	30
56	152	54
65	152	45
71	152	26
213	152	43
55	151	23
101	150	43
195	150	15
68	149	32
91	148	27
94	148	59
95	148	39
80	147	20
188	147	42
43	146	26
66	146	12
81	145	33
76	144	30
61	143	21
69	143	29
92	143	38
49	141	30
76	140	34
108	140	15
55	139	35
182	139	19
99	138	27
127	138	43
167	138	54
191	137	39
192	137	19
164	136	7
64	134	31
65	134	45
175	134	29
59	133	26
181	132	24
170	131	27
183	131	23
182	130	48
44	129	20
84	128	38
173	128	34
175	128	45
162	126	34
42	125	53
165	124	16
172	124	32
184	124	30
163	121	30
152	118	24
167	115	25
168	113	24
173	112	34
154	111	21
156	109	17
156	108	36
156	106	33
150	104	44
130	97	32
131	97	44
119	95	37
123	94	24
125	90	49
124	89	35
126	89	21
119	88	37
112	86	33
120	86	40
122	85	27
125	85	18
123	84	24
121	83	51
123	83	24
116	82	42
116	81	66
114	79	54
104	76	81
107	76	24
109	76	29
125	76	7
103	75	68
102	74	8
103	74	54
103	73	87
105	73	23
105	72	81
106	72	45
108	72	47
109	72	17
105	71	27
105	70	63
106	70	22
109	70	85
105	69	62
106	69	17
109	69	32
109	67	12
107	66	45
103	65	32
106	64	26
92	59	23
85	58	75
85	57	63
91	56	18
86	55	17
85	54	149
86	54	62
87	54	47
85	53	102
86	53	57
