## [General]
## runNumber:        241
## runTime:       	 7200
## runTimeFrames: 	 0
## pathName:         data/runs/Run_241_181022-16-16
## dateTime:         2018-10-22.18:00:49
## numChips:         7
## shutterTime:      30
## shutterMode:      verylong
## runMode:          0
## fastClock:        0
## externalTrigger:  0
## [Event]
## eventNumber:      8256
## useHvFadc:    	 1
## fadcReadout:    	 1
## szint1ClockInt:	 0
## szint2ClockInt:	 0
## fadcTriggerClock: 0
# chipNumber: 0
# chipName:   E 6 W69
# numHits:    0
# chipNumber: 1
# chipName:   K 6 W69
# numHits:    0
# chipNumber: 2
# chipName:   H 9 W69
# numHits:    13
240	217	44
246	209	38
236	208	54
238	180	87
236	133	95
243	102	62
239	85	80
239	84	71
244	46	17
227	40	28
236	24	126
236	23	30
236	22	55
# chipNumber: 3
# chipName:   H 10 W69
# numHits:    23546
151	206	62
155	206	26
157	206	31
158	206	64
159	206	47
163	206	51
168	206	31
169	206	30
170	206	162
176	206	45
182	206	19
184	206	77
185	206	90
186	206	61
188	206	102
189	206	210
190	206	61
205	206	100
213	206	55
214	206	92
215	206	33
223	206	34
16	205	54
17	205	46
20	205	24
26	205	86
29	205	44
35	205	148
40	205	51
41	205	82
48	205	68
54	205	48
55	205	49
56	205	55
57	205	28
58	205	52
59	205	100
60	205	50
61	205	49
62	205	66
63	205	52
65	205	63
67	205	70
68	205	48
69	205	19
70	205	32
71	205	138
72	205	127
74	205	74
75	205	100
78	205	48
79	205	64
82	205	62
83	205	74
84	205	117
85	205	61
87	205	18
88	205	24
89	205	74
93	205	118
94	205	89
97	205	48
98	205	45
101	205	43
103	205	25
105	205	11
110	205	49
121	205	29
122	205	26
125	205	78
126	205	82
130	205	11
132	205	37
137	205	80
138	205	101
143	205	69
148	205	172
149	205	59
153	205	28
155	205	79
159	205	23
160	205	36
162	205	20
168	205	38
169	205	29
170	205	19
171	205	15
173	205	14
175	205	37
181	205	176
182	205	79
184	205	139
185	205	143
186	205	167
187	205	62
189	205	96
190	205	50
193	205	62
194	205	96
196	205	22
197	205	58
198	205	50
199	205	54
202	205	35
206	205	35
209	205	61
211	205	83
212	205	60
214	205	63
219	205	47
222	205	61
226	205	41
229	205	70
230	205	106
22	204	76
23	204	53
28	204	70
33	204	29
34	204	115
35	204	49
37	204	38
38	204	25
39	204	63
44	204	165
45	204	19
46	204	92
52	204	42
53	204	27
54	204	74
55	204	62
56	204	82
58	204	26
62	204	82
63	204	66
64	204	27
65	204	40
66	204	156
67	204	91
68	204	101
70	204	7
73	204	45
74	204	65
75	204	145
76	204	101
77	204	105
79	204	62
81	204	123
82	204	147
84	204	38
87	204	50
89	204	31
90	204	70
92	204	54
96	204	46
97	204	48
99	204	77
101	204	44
110	204	52
112	204	49
116	204	60
121	204	69
122	204	76
125	204	158
127	204	70
129	204	64
131	204	51
132	204	60
133	204	78
134	204	25
135	204	29
142	204	50
147	204	21
148	204	56
151	204	197
153	204	44
155	204	90
156	204	6
158	204	78
159	204	149
161	204	46
162	204	61
164	204	31
165	204	104
168	204	156
170	204	110
172	204	106
176	204	131
177	204	33
178	204	221
179	204	6
181	204	67
182	204	205
183	204	255
185	204	121
186	204	40
187	204	113
188	204	72
189	204	169
190	204	139
191	204	75
194	204	54
197	204	93
199	204	26
200	204	113
201	204	49
203	204	59
205	204	69
209	204	50
210	204	41
211	204	41
224	204	55
227	204	58
228	204	24
237	204	55
243	204	36
13	203	45
21	203	67
23	203	52
29	203	23
33	203	72
34	203	30
35	203	48
36	203	29
38	203	22
44	203	67
45	203	63
47	203	42
48	203	53
50	203	52
51	203	116
52	203	128
54	203	69
55	203	138
56	203	175
57	203	78
58	203	54
59	203	110
60	203	45
62	203	32
63	203	52
64	203	85
65	203	38
66	203	51
67	203	72
68	203	84
69	203	66
70	203	53
71	203	115
74	203	69
80	203	104
81	203	39
82	203	68
87	203	170
89	203	26
90	203	58
92	203	105
93	203	48
94	203	169
99	203	82
100	203	44
103	203	16
106	203	37
112	203	43
113	203	60
114	203	34
117	203	69
119	203	23
120	203	75
122	203	82
123	203	31
125	203	92
127	203	23
130	203	52
136	203	52
138	203	39
139	203	55
140	203	109
141	203	71
142	203	77
145	203	58
146	203	93
147	203	52
148	203	41
156	203	88
164	203	65
165	203	23
166	203	28
169	203	26
171	203	24
181	203	31
183	203	34
185	203	89
187	203	62
189	203	32
190	203	120
191	203	3
194	203	112
196	203	93
197	203	66
198	203	47
199	203	73
207	203	92
208	203	31
212	203	87
213	203	39
247	203	21
24	202	50
26	202	66
34	202	106
35	202	81
39	202	83
41	202	52
43	202	69
47	202	81
50	202	74
52	202	100
53	202	98
55	202	9
56	202	69
57	202	76
58	202	128
59	202	19
61	202	40
65	202	34
67	202	125
69	202	84
71	202	28
72	202	102
74	202	48
76	202	29
79	202	67
80	202	237
81	202	190
82	202	142
83	202	50
84	202	37
85	202	37
89	202	24
91	202	47
92	202	67
95	202	28
96	202	90
97	202	55
100	202	158
107	202	62
108	202	76
110	202	66
113	202	57
114	202	23
116	202	96
119	202	98
123	202	82
124	202	49
127	202	53
128	202	87
133	202	97
135	202	82
137	202	81
139	202	71
142	202	108
143	202	12
148	202	29
158	202	42
161	202	67
163	202	48
168	202	76
169	202	40
172	202	41
174	202	41
176	202	103
178	202	57
180	202	39
182	202	44
183	202	45
184	202	66
185	202	89
186	202	58
188	202	60
192	202	75
209	202	35
223	202	79
233	202	48
234	202	31
237	202	117
24	201	58
33	201	37
35	201	49
36	201	25
42	201	64
47	201	86
48	201	70
51	201	98
52	201	81
53	201	97
54	201	60
55	201	74
57	201	134
58	201	20
59	201	55
60	201	76
63	201	31
64	201	112
66	201	62
71	201	198
73	201	18
74	201	78
75	201	3
76	201	97
77	201	125
78	201	63
80	201	60
82	201	64
86	201	169
89	201	78
91	201	96
92	201	36
93	201	26
95	201	68
96	201	111
98	201	26
99	201	54
100	201	46
107	201	49
108	201	53
109	201	49
112	201	52
115	201	137
119	201	41
121	201	15
125	201	22
127	201	18
128	201	50
129	201	78
136	201	20
140	201	32
141	201	70
142	201	21
143	201	125
146	201	18
147	201	80
148	201	86
154	201	21
157	201	23
158	201	33
161	201	76
163	201	14
164	201	169
170	201	22
171	201	65
172	201	62
173	201	35
177	201	93
180	201	85
181	201	66
183	201	64
184	201	46
185	201	90
188	201	54
189	201	12
190	201	35
192	201	47
193	201	51
198	201	61
202	201	37
203	201	40
209	201	29
210	201	45
213	201	21
214	201	72
218	201	40
219	201	27
223	201	65
224	201	31
227	201	65
237	201	46
14	200	123
17	200	54
25	200	36
27	200	36
28	200	42
29	200	52
33	200	59
39	200	52
41	200	101
42	200	69
44	200	59
48	200	116
49	200	103
51	200	31
54	200	53
55	200	27
58	200	93
59	200	162
61	200	54
62	200	49
63	200	35
64	200	28
68	200	130
69	200	67
71	200	67
72	200	55
73	200	11
74	200	11
75	200	20
77	200	38
80	200	60
83	200	41
84	200	114
85	200	59
86	200	34
87	200	58
88	200	47
89	200	32
91	200	77
92	200	80
93	200	27
97	200	39
98	200	68
100	200	66
102	200	43
104	200	130
113	200	48
114	200	36
115	200	32
117	200	37
118	200	54
120	200	25
130	200	28
131	200	59
138	200	13
139	200	74
149	200	122
154	200	92
155	200	33
158	200	69
161	200	128
162	200	148
164	200	46
165	200	28
167	200	22
169	200	38
170	200	42
177	200	67
178	200	65
180	200	83
182	200	18
184	200	76
187	200	52
188	200	17
192	200	37
194	200	40
197	200	61
202	200	43
219	200	29
221	200	73
224	200	23
245	200	16
246	200	79
13	199	44
15	199	48
18	199	84
27	199	14
30	199	55
36	199	100
41	199	39
42	199	54
44	199	216
45	199	52
47	199	45
49	199	31
52	199	105
54	199	63
61	199	21
63	199	167
64	199	64
67	199	22
70	199	10
71	199	52
73	199	90
76	199	47
77	199	45
78	199	101
79	199	25
80	199	137
82	199	137
85	199	41
86	199	30
87	199	19
90	199	59
92	199	26
93	199	33
94	199	82
99	199	88
100	199	92
102	199	59
103	199	38
111	199	30
113	199	57
115	199	56
118	199	29
129	199	28
137	199	98
138	199	138
141	199	49
150	199	117
152	199	70
154	199	39
158	199	101
159	199	51
160	199	92
161	199	32
163	199	79
169	199	183
174	199	64
175	199	31
176	199	82
179	199	70
180	199	28
181	199	68
185	199	70
190	199	68
194	199	57
195	199	53
196	199	91
199	199	67
210	199	58
217	199	57
226	199	41
228	199	44
231	199	7
15	198	68
21	198	68
26	198	54
28	198	65
29	198	70
37	198	190
40	198	136
41	198	42
42	198	46
43	198	103
44	198	74
45	198	21
48	198	38
49	198	59
50	198	82
51	198	17
53	198	126
54	198	44
55	198	101
56	198	29
60	198	54
61	198	58
62	198	39
63	198	169
64	198	70
66	198	209
67	198	30
68	198	22
69	198	64
75	198	21
76	198	86
77	198	30
79	198	83
80	198	110
82	198	160
83	198	68
85	198	44
87	198	69
89	198	43
91	198	66
93	198	29
95	198	82
98	198	59
99	198	51
101	198	25
102	198	46
105	198	61
106	198	119
107	198	46
110	198	87
119	198	57
122	198	29
124	198	86
134	198	122
135	198	46
136	198	9
137	198	89
138	198	64
141	198	44
142	198	62
144	198	103
150	198	71
161	198	44
162	198	31
163	198	52
166	198	22
169	198	103
174	198	7
175	198	45
181	198	39
182	198	56
183	198	46
184	198	41
190	198	113
195	198	29
197	198	63
200	198	43
202	198	65
204	198	74
206	198	52
210	198	61
211	198	129
216	198	30
218	198	52
229	198	36
231	198	63
17	197	34
22	197	71
23	197	79
24	197	180
25	197	161
26	197	86
28	197	51
36	197	50
37	197	169
38	197	48
41	197	25
42	197	56
45	197	41
46	197	33
47	197	56
49	197	53
51	197	16
55	197	79
59	197	121
61	197	36
62	197	29
63	197	30
64	197	128
66	197	56
75	197	51
77	197	115
79	197	61
82	197	95
83	197	51
86	197	93
90	197	68
92	197	52
93	197	45
94	197	50
95	197	31
96	197	34
97	197	115
105	197	71
106	197	36
107	197	81
109	197	28
114	197	27
120	197	96
127	197	23
133	197	83
135	197	33
139	197	15
140	197	75
146	197	58
148	197	55
151	197	68
166	197	96
167	197	79
169	197	27
171	197	38
173	197	22
174	197	69
175	197	170
176	197	119
177	197	65
180	197	17
181	197	159
184	197	141
187	197	18
188	197	43
189	197	65
191	197	38
192	197	50
193	197	67
196	197	89
197	197	68
201	197	63
203	197	53
204	197	87
205	197	52
206	197	65
208	197	99
209	197	26
211	197	59
212	197	77
218	197	72
222	197	43
224	197	139
225	197	34
226	197	62
231	197	65
19	196	30
20	196	56
26	196	34
28	196	53
29	196	57
31	196	49
32	196	91
33	196	86
34	196	62
37	196	68
39	196	52
40	196	67
41	196	32
42	196	85
43	196	52
44	196	115
54	196	163
57	196	19
59	196	197
63	196	104
66	196	110
69	196	6
71	196	50
74	196	126
75	196	59
76	196	116
78	196	45
80	196	69
81	196	107
85	196	59
86	196	33
90	196	84
91	196	72
92	196	117
93	196	31
98	196	43
99	196	57
106	196	13
107	196	35
108	196	80
115	196	73
117	196	59
127	196	75
129	196	64
138	196	68
139	196	50
140	196	70
146	196	74
147	196	39
149	196	27
150	196	50
151	196	33
159	196	11
160	196	48
174	196	130
175	196	148
180	196	67
182	196	131
184	196	112
185	196	75
186	196	93
187	196	54
188	196	29
190	196	125
191	196	64
194	196	68
195	196	65
196	196	112
198	196	27
202	196	87
203	196	20
204	196	45
205	196	45
208	196	46
231	196	136
8	195	25
14	195	58
15	195	47
19	195	42
20	195	57
24	195	52
27	195	56
28	195	134
29	195	93
30	195	56
34	195	149
37	195	104
38	195	100
39	195	76
43	195	158
44	195	87
45	195	33
46	195	49
48	195	56
49	195	34
50	195	86
51	195	43
53	195	34
56	195	46
57	195	30
59	195	81
60	195	29
61	195	15
63	195	17
64	195	123
67	195	24
68	195	103
71	195	29
72	195	79
74	195	88
76	195	39
78	195	89
79	195	58
82	195	52
83	195	49
84	195	66
85	195	117
87	195	62
90	195	85
91	195	59
92	195	144
93	195	37
96	195	45
97	195	139
101	195	26
102	195	54
103	195	38
104	195	41
114	195	80
117	195	6
120	195	49
122	195	54
129	195	40
136	195	24
137	195	57
140	195	42
141	195	125
143	195	57
144	195	46
145	195	83
147	195	92
150	195	43
151	195	33
153	195	123
154	195	57
159	195	55
166	195	72
167	195	53
170	195	49
174	195	57
176	195	74
177	195	59
179	195	126
181	195	42
182	195	109
183	195	127
184	195	52
188	195	170
192	195	91
195	195	105
198	195	73
200	195	82
202	195	69
207	195	73
210	195	43
211	195	60
212	195	23
216	195	45
222	195	42
227	195	76
231	195	57
11	194	28
12	194	53
14	194	76
27	194	93
28	194	130
35	194	47
36	194	122
37	194	57
38	194	29
39	194	57
40	194	70
42	194	81
44	194	97
45	194	110
47	194	46
48	194	43
51	194	44
52	194	51
53	194	66
54	194	66
55	194	75
56	194	58
57	194	130
59	194	32
61	194	37
63	194	89
66	194	33
67	194	22
68	194	106
70	194	54
72	194	33
74	194	121
76	194	25
79	194	140
80	194	45
81	194	7
87	194	40
88	194	44
90	194	62
91	194	45
93	194	73
94	194	7
95	194	40
97	194	202
108	194	126
110	194	98
111	194	75
115	194	146
116	194	53
119	194	60
123	194	49
127	194	95
128	194	18
131	194	34
133	194	37
137	194	46
138	194	66
168	246	42
68	245	69
100	245	77
103	245	38
107	245	21
118	245	74
119	245	30
123	245	47
124	245	82
129	245	80
70	244	48
91	244	75
97	244	45
98	244	45
100	244	30
111	244	34
118	244	29
124	244	42
128	244	106
130	244	36
132	244	46
137	244	39
177	244	113
178	244	76
54	243	20
71	243	12
76	243	78
82	243	60
84	243	59
95	243	30
97	243	3
110	243	54
119	243	17
124	243	29
133	243	17
136	243	16
138	243	59
174	243	43
177	243	14
199	243	30
17	242	65
28	242	37
54	242	68
55	242	33
61	242	34
65	242	29
68	242	52
69	242	28
80	242	22
84	242	19
89	242	74
100	242	50
102	242	41
106	242	145
110	242	59
122	242	49
123	242	68
124	242	155
130	242	46
134	242	40
135	242	19
138	242	114
145	242	46
170	242	47
184	242	64
43	241	16
56	241	66
65	241	78
69	241	87
78	241	71
85	241	69
88	241	19
93	241	10
95	241	34
98	241	49
100	241	58
101	241	47
106	241	27
108	241	72
111	241	25
114	241	95
117	241	50
120	241	51
125	241	70
126	241	34
128	241	58
131	241	42
136	241	85
139	241	64
141	241	30
145	241	69
148	241	23
162	241	72
174	241	30
175	241	21
176	241	37
177	241	47
184	241	62
185	241	8
23	240	29
43	240	52
52	240	37
59	240	40
69	240	31
72	240	17
73	240	59
75	240	48
79	240	25
81	240	39
82	240	42
83	240	104
84	240	19
86	240	82
89	240	17
93	240	27
95	240	57
96	240	139
99	240	37
101	240	58
102	240	46
104	240	23
112	240	63
113	240	60
116	240	30
117	240	38
119	240	54
121	240	41
124	240	82
125	240	58
127	240	19
128	240	47
134	240	65
136	240	185
153	240	96
160	240	44
165	240	42
170	240	47
181	240	25
188	240	71
189	240	82
190	240	81
205	240	51
210	240	74
10	239	33
24	239	93
46	239	50
53	239	21
55	239	46
61	239	37
63	239	31
72	239	40
76	239	105
79	239	64
83	239	124
85	239	89
90	239	60
93	239	32
94	239	43
96	239	51
99	239	72
101	239	45
102	239	68
107	239	62
108	239	77
111	239	49
113	239	162
114	239	92
117	239	56
121	239	82
124	239	55
126	239	45
127	239	36
128	239	11
129	239	173
132	239	18
133	239	137
134	239	125
136	239	114
137	239	17
145	239	23
150	239	60
155	239	15
161	239	54
164	239	30
169	239	85
174	239	103
180	239	71
181	239	34
183	239	22
184	239	44
195	239	123
196	239	99
211	239	33
232	239	4
34	238	85
46	238	34
55	238	28
63	238	61
64	238	37
65	238	49
66	238	33
70	238	76
73	238	75
75	238	60
82	238	85
83	238	56
84	238	47
93	238	21
95	238	121
99	238	40
104	238	73
106	238	59
108	238	71
109	238	36
110	238	54
116	238	25
120	238	40
121	238	5
124	238	79
126	238	124
128	238	20
136	238	83
138	238	91
145	238	49
148	238	79
152	238	96
157	238	33
161	238	22
165	238	30
166	238	39
171	238	50
174	238	46
177	238	54
180	238	55
183	238	46
184	238	65
185	238	49
186	238	77
190	238	77
191	238	14
198	238	79
200	238	122
201	238	36
202	238	18
213	238	63
223	238	73
230	238	101
21	237	37
55	237	35
61	237	70
66	237	1
72	237	100
79	237	66
80	237	106
82	237	117
84	237	31
85	237	61
87	237	40
88	237	32
89	237	44
90	237	23
93	237	23
96	237	106
97	237	43
98	237	46
104	237	148
107	237	31
109	237	34
111	237	93
112	237	37
116	237	43
117	237	79
118	237	80
120	237	167
123	237	47
124	237	44
126	237	65
127	237	47
129	237	59
130	237	34
131	237	76
132	237	59
135	237	63
137	237	36
140	237	63
144	237	49
147	237	75
148	237	56
150	237	54
151	237	70
157	237	46
159	237	61
161	237	124
164	237	72
167	237	59
187	237	30
189	237	38
198	237	15
200	237	74
205	237	14
208	237	51
210	237	63
216	237	68
217	237	13
222	237	46
223	237	95
224	237	34
26	236	20
35	236	54
41	236	49
42	236	22
43	236	56
52	236	34
56	236	52
59	236	32
73	236	33
74	236	17
77	236	83
80	236	44
81	236	51
82	236	65
83	236	24
84	236	57
89	236	50
93	236	32
96	236	82
99	236	55
103	236	48
104	236	65
105	236	99
107	236	47
113	236	23
117	236	48
118	236	109
119	236	23
123	236	33
124	236	99
131	236	65
135	236	31
140	236	103
142	236	31
144	236	78
146	236	7
160	236	91
164	236	62
168	236	28
171	236	58
175	236	62
183	236	55
190	236	44
191	236	20
195	236	89
196	236	76
199	236	53
204	236	22
210	236	62
213	236	59
42	235	44
44	235	13
57	235	38
62	235	81
63	235	65
64	235	133
66	235	37
67	235	51
69	235	115
74	235	54
78	235	116
79	235	61
80	235	158
81	235	87
85	235	78
88	235	24
89	235	91
91	235	79
93	235	54
94	235	57
95	235	72
98	235	15
99	235	107
103	235	34
104	235	150
106	235	89
107	235	49
108	235	139
111	235	111
113	235	24
118	235	95
125	235	78
129	235	31
131	235	29
132	235	29
133	235	23
134	235	152
135	235	34
138	235	36
144	235	54
145	235	25
163	235	26
164	235	36
166	235	37
171	235	35
172	235	31
176	235	20
177	235	54
178	235	76
183	235	118
184	235	49
185	235	28
191	235	74
193	235	57
202	235	111
210	235	73
211	235	128
213	235	21
219	235	40
228	235	43
20	234	52
21	234	27
36	234	59
44	234	10
47	234	73
51	234	35
60	234	46
62	234	46
68	234	66
70	234	98
71	234	34
72	234	48
73	234	70
76	234	43
77	234	153
82	234	48
83	234	99
84	234	86
85	234	19
89	234	58
90	234	70
94	234	91
96	234	27
97	234	58
98	234	37
101	234	93
102	234	61
103	234	58
105	234	101
107	234	37
109	234	109
110	234	125
112	234	26
113	234	45
114	234	35
115	234	70
116	234	85
118	234	183
124	234	49
125	234	35
126	234	27
133	234	120
134	234	143
135	234	140
136	234	75
137	234	60
140	234	67
145	234	26
152	234	87
162	234	54
167	234	87
168	234	75
169	234	26
170	234	95
175	234	59
179	234	69
181	234	58
185	234	66
188	234	14
189	234	67
190	234	64
194	234	56
195	234	74
196	234	92
200	234	57
209	234	65
211	234	99
219	234	68
226	234	18
232	234	9
233	234	76
12	233	63
15	233	51
34	233	42
57	233	74
60	233	31
61	233	76
65	233	41
71	233	48
72	233	34
75	233	102
76	233	206
77	233	60
78	233	26
79	233	106
80	233	42
81	233	44
83	233	33
85	233	91
87	233	156
92	233	35
93	233	26
98	233	44
101	233	54
108	233	60
109	233	43
110	233	37
111	233	42
113	233	6
114	233	4
118	233	7
122	233	99
123	233	167
127	233	28
130	233	49
132	233	123
134	233	40
135	233	65
137	233	54
142	233	35
148	233	29
158	233	52
162	233	55
164	233	16
167	233	88
180	233	54
181	233	29
182	233	62
183	233	10
189	233	38
195	233	90
200	233	47
201	233	51
202	233	49
205	233	39
209	233	49
212	233	67
224	233	92
225	233	34
226	233	64
238	233	9
20	232	36
26	232	101
27	232	26
44	232	84
48	232	71
51	232	17
54	232	45
61	232	48
66	232	67
69	232	75
70	232	41
71	232	75
73	232	110
76	232	159
79	232	98
80	232	72
81	232	48
82	232	42
83	232	75
85	232	150
86	232	97
88	232	114
89	232	137
91	232	74
92	232	54
93	232	83
95	232	65
96	232	30
97	232	117
98	232	62
100	232	172
102	232	54
103	232	78
104	232	84
107	232	51
108	232	69
111	232	50
112	232	30
118	232	36
122	232	25
124	232	88
125	232	24
126	232	71
128	232	70
129	232	57
130	232	56
131	232	33
132	232	61
133	232	48
136	232	14
140	232	33
141	232	75
142	232	96
143	232	51
144	232	34
154	232	56
156	232	75
158	232	75
159	232	64
160	232	66
162	232	123
164	232	79
166	232	112
170	232	111
172	232	57
173	232	40
175	232	63
176	232	59
179	232	31
181	232	45
182	232	47
183	232	15
184	232	57
185	232	33
190	232	31
196	232	181
198	232	23
206	232	50
207	232	44
226	232	41
14	231	70
22	231	77
29	231	59
31	231	24
43	231	61
44	231	41
45	231	17
48	231	65
60	231	81
61	231	63
63	231	15
66	231	106
67	231	55
69	231	38
74	231	34
78	231	72
81	231	132
82	231	39
83	231	61
84	231	154
85	231	149
86	231	144
87	231	33
89	231	76
90	231	152
91	231	54
92	231	50
93	231	54
94	231	68
96	231	126
97	231	97
98	231	150
99	231	150
100	231	18
101	231	55
102	231	111
103	231	75
104	231	131
110	231	102
113	231	18
114	231	139
116	231	80
117	231	47
118	231	32
119	231	66
122	231	44
123	231	38
125	231	50
127	231	71
131	231	63
132	231	76
136	231	91
137	231	97
138	231	91
142	231	57
143	231	94
145	231	91
158	231	26
159	231	76
162	231	46
164	231	62
165	231	57
166	231	48
167	231	79
168	231	101
169	231	61
179	231	46
182	231	107
188	231	35
191	231	104
194	231	29
197	231	88
198	231	2
208	231	70
209	231	59
212	231	151
217	231	64
228	231	20
232	231	19
233	231	68
235	231	16
22	230	70
28	230	66
36	230	101
40	230	20
42	230	64
46	230	29
47	230	68
49	230	100
53	230	43
60	230	60
64	230	59
69	230	25
71	230	61
72	230	29
73	230	42
74	230	25
76	230	25
78	230	66
79	230	62
81	230	47
82	230	91
83	230	144
84	230	123
85	230	114
87	230	51
88	230	96
90	230	27
92	230	27
93	230	113
94	230	94
95	230	36
96	230	77
98	230	69
99	230	55
101	230	47
102	230	45
103	230	31
107	230	184
108	230	90
111	230	46
112	230	68
113	230	33
114	230	83
116	230	68
117	230	135
119	230	193
122	230	160
124	230	84
126	230	41
133	230	26
134	230	57
135	230	51
139	230	16
140	230	114
141	230	72
143	230	42
146	230	120
148	230	98
150	230	27
151	230	42
152	230	65
153	230	41
154	230	65
157	230	75
158	230	18
160	230	70
162	230	114
164	230	54
165	230	71
166	230	86
167	230	36
168	230	20
169	230	122
170	230	130
171	230	39
173	230	80
175	230	102
179	230	41
180	230	35
182	230	42
183	230	76
184	230	17
188	230	29
189	230	57
191	230	22
192	230	63
194	230	64
196	230	55
198	230	100
202	230	23
204	230	101
205	230	49
214	230	54
219	230	71
226	230	54
41	229	32
42	229	79
43	229	73
47	229	44
61	229	82
62	229	45
64	229	89
66	229	55
67	229	102
68	229	56
70	229	57
71	229	99
72	229	69
74	229	72
75	229	51
78	229	28
80	229	71
81	229	87
82	229	20
83	229	57
84	229	51
85	229	140
87	229	51
88	229	39
89	229	55
90	229	60
92	229	124
93	229	132
94	229	57
95	229	57
97	229	148
98	229	131
99	229	42
100	229	98
101	229	76
102	229	21
105	229	40
108	229	56
114	229	37
117	229	68
124	229	52
125	229	102
127	229	88
128	229	65
130	229	25
131	229	21
132	229	122
133	229	69
134	229	57
135	229	153
136	229	28
137	229	60
138	229	54
141	229	27
142	229	66
145	229	74
151	229	77
153	229	44
157	229	56
158	229	144
160	229	85
162	229	101
163	229	108
164	229	95
166	229	86
167	229	72
168	229	43
169	229	71
171	229	48
178	229	51
180	229	65
182	229	32
183	229	24
194	229	49
196	229	36
197	229	34
198	229	162
199	229	48
203	229	41
204	229	51
205	229	95
209	229	68
210	229	43
215	229	59
233	229	36
234	229	90
29	228	86
41	228	24
46	228	61
47	228	21
50	228	44
51	228	38
52	228	23
59	228	33
60	228	69
61	228	91
67	228	23
69	228	76
74	228	78
75	228	44
76	228	125
77	228	87
78	228	67
79	228	36
80	228	140
81	228	79
82	228	88
83	228	148
86	228	92
88	228	45
89	228	89
90	228	32
91	228	140
93	228	101
95	228	40
97	228	19
99	228	26
100	228	60
102	228	38
104	228	77
106	228	67
107	228	51
109	228	51
112	228	64
114	228	42
115	228	54
116	228	82
123	228	94
124	228	70
127	228	123
128	228	100
131	228	103
132	228	67
143	228	115
146	228	66
149	228	90
150	228	28
151	228	82
155	228	112
158	228	125
159	228	75
160	228	54
162	228	59
166	228	33
167	228	80
169	228	46
170	228	105
173	228	79
174	228	38
175	228	58
178	228	66
179	228	43
182	228	47
187	228	27
193	228	57
194	228	39
195	228	41
196	228	31
197	228	67
199	228	67
200	228	95
201	228	58
203	228	75
210	228	44
215	228	54
227	228	51
236	228	44
24	227	115
36	227	83
38	227	59
39	227	23
43	227	32
47	227	23
50	227	49
52	227	56
56	227	188
57	227	32
58	227	55
61	227	6
64	227	30
68	227	48
69	227	32
70	227	18
71	227	73
73	227	105
75	227	150
76	227	288
77	227	36
78	227	38
79	227	44
80	227	112
81	227	160
82	227	122
83	227	76
84	227	70
85	227	74
87	227	74
88	227	93
90	227	18
92	227	77
93	227	63
96	227	35
98	227	29
100	227	90
113	227	18
114	227	33
115	227	48
117	227	174
118	227	79
120	227	99
123	227	21
124	227	35
125	227	32
126	227	91
128	227	67
129	227	128
133	227	78
135	227	132
136	227	82
139	227	102
140	227	121
143	227	48
144	227	36
153	227	50
154	227	51
155	227	90
156	227	142
157	227	27
158	227	33
160	227	47
161	227	55
163	227	101
164	227	52
166	227	26
167	227	77
168	227	48
169	227	22
170	227	128
171	227	66
172	227	69
173	227	74
174	227	32
175	227	56
178	227	20
179	227	78
182	227	154
184	227	87
193	227	66
197	227	109
198	227	59
201	227	31
202	227	77
205	227	124
207	227	40
208	227	48
209	227	42
218	227	54
222	227	64
224	227	55
231	227	84
234	227	59
240	227	46
27	226	62
30	226	15
37	226	70
39	226	144
40	226	38
44	226	14
45	226	122
46	226	139
47	226	81
48	226	44
49	226	47
50	226	12
51	226	11
53	226	73
54	226	47
55	226	123
57	226	52
58	226	36
59	226	54
61	226	21
62	226	106
64	226	34
67	226	73
69	226	120
70	226	84
73	226	62
74	226	43
76	226	5
77	226	38
78	226	77
80	226	156
82	226	83
84	226	51
85	226	80
88	226	63
89	226	56
90	226	126
91	226	29
92	226	56
93	226	49
100	226	77
103	226	12
108	226	61
110	226	45
111	226	131
114	226	22
115	226	82
117	226	25
119	226	64
122	226	70
127	226	70
128	226	92
129	226	43
132	226	87
133	226	151
134	226	69
135	226	128
136	226	40
137	226	56
138	226	61
141	226	52
147	226	47
150	226	70
157	226	62
159	226	50
161	226	28
163	226	98
164	226	101
166	226	115
167	226	170
170	226	136
171	226	61
173	226	35
175	226	24
176	226	33
177	226	98
178	226	78
183	226	73
184	226	65
187	226	49
193	226	145
194	226	68
195	226	41
196	226	44
200	226	103
204	226	47
209	226	39
212	226	66
213	226	33
220	226	65
224	226	34
239	226	83
28	225	65
29	225	30
37	225	49
38	225	110
40	225	41
41	225	59
42	225	81
47	225	58
48	225	148
51	225	46
52	225	211
54	225	38
59	225	85
62	225	42
66	225	62
69	225	135
70	225	90
73	225	58
76	225	71
77	225	136
78	225	290
80	225	137
81	225	273
82	225	38
84	225	83
85	225	46
86	225	113
87	225	75
90	225	155
92	225	79
93	225	71
94	225	88
96	225	44
98	225	68
99	225	25
102	225	62
103	225	93
105	225	53
107	225	49
113	225	23
115	225	80
116	225	38
117	225	24
118	225	51
119	225	52
124	225	69
125	225	42
127	225	41
128	225	89
129	225	47
132	225	115
134	225	49
135	225	26
137	225	22
138	225	65
145	225	68
150	225	31
154	225	45
156	225	31
157	225	61
158	225	24
159	225	71
162	225	96
163	225	72
164	225	27
165	225	85
168	225	133
169	225	151
171	225	157
173	225	48
175	225	86
176	225	83
177	225	66
178	225	83
179	225	43
180	225	22
181	225	60
183	225	16
187	225	65
189	225	97
191	225	108
194	225	108
195	225	94
196	225	92
198	225	39
203	225	95
204	225	35
208	225	93
213	225	46
220	225	48
224	225	52
232	225	61
233	225	74
239	225	40
24	224	51
29	224	12
31	224	15
32	224	9
35	224	60
36	224	45
38	224	7
40	224	85
41	224	26
45	224	33
46	224	85
47	224	43
48	224	131
51	224	64
55	224	30
58	224	52
59	224	126
60	224	165
61	224	104
62	224	64
63	224	55
66	224	5
67	224	21
68	224	23
70	224	151
71	224	27
73	224	46
76	224	104
77	224	45
78	224	28
79	224	124
80	224	120
81	224	97
82	224	96
83	224	55
84	224	110
85	224	38
87	224	116
88	224	38
89	224	33
94	224	45
95	224	36
96	224	140
98	224	103
100	224	71
105	224	58
110	224	38
111	224	105
112	224	62
115	224	70
121	224	44
122	224	93
133	224	45
134	224	25
139	224	38
142	224	48
143	224	24
146	224	104
147	224	54
148	224	29
150	224	35
152	224	150
154	224	45
155	224	37
156	224	38
158	224	18
159	224	21
160	224	48
161	224	49
163	224	27
164	224	120
165	224	65
169	224	46
171	224	57
172	224	57
173	224	57
174	224	59
176	224	59
177	224	94
179	224	95
180	224	78
181	224	107
186	224	76
187	224	37
188	224	34
191	224	70
196	224	57
197	224	51
200	224	27
208	224	149
209	224	18
225	224	28
229	224	102
233	224	80
235	224	41
28	223	90
33	223	39
34	223	48
36	223	58
37	223	51
41	223	43
43	223	54
45	223	82
48	223	83
51	223	75
52	223	84
53	223	134
55	223	109
56	223	44
59	223	73
60	223	99
61	223	58
63	223	92
64	223	18
65	223	107
70	223	178
73	223	57
74	223	75
78	223	201
79	223	96
80	223	92
82	223	117
83	223	46
86	223	49
88	223	141
92	223	95
93	223	111
94	223	112
96	223	58
97	223	41
98	223	55
100	223	101
102	223	85
103	223	63
105	223	89
106	223	139
108	223	78
109	223	62
110	223	103
112	223	91
113	223	54
119	223	34
122	223	32
124	223	88
125	223	27
126	223	40
127	223	48
130	223	36
132	223	46
133	223	23
136	223	58
137	223	82
139	223	57
140	223	134
141	223	64
144	223	30
156	223	75
157	223	156
158	223	78
160	223	83
161	223	25
164	223	76
165	223	32
168	223	124
169	223	80
170	223	62
172	223	43
173	223	82
174	223	60
177	223	112
179	223	83
187	223	21
188	223	74
189	223	52
197	223	188
198	223	122
199	223	55
203	223	29
215	223	92
216	223	84
218	223	50
226	223	78
230	223	51
28	222	98
29	222	18
36	222	78
38	222	138
43	222	57
45	222	72
47	222	95
49	222	101
51	222	29
52	222	59
53	222	111
58	222	41
59	222	25
60	222	25
61	222	206
62	222	69
64	222	92
65	222	95
67	222	158
69	222	57
70	222	31
72	222	60
74	222	113
76	222	67
77	222	60
78	222	82
79	222	101
80	222	101
81	222	57
82	222	105
84	222	68
85	222	39
86	222	151
88	222	42
89	222	99
90	222	45
91	222	53
93	222	76
94	222	171
96	222	24
97	222	14
98	222	134
99	222	170
100	222	94
109	222	49
111	222	85
114	222	41
115	222	55
119	222	40
122	222	53
123	222	49
128	222	21
129	222	63
130	222	101
132	222	64
134	222	79
137	222	58
140	222	54
141	222	80
146	222	60
149	222	35
155	222	41
156	222	75
157	222	79
158	222	33
160	222	57
162	222	93
163	222	28
165	222	85
166	222	56
167	222	98
168	222	160
169	222	78
173	222	26
174	222	68
176	222	60
179	222	63
181	222	104
186	222	23
187	222	53
188	222	25
189	222	57
190	222	29
192	222	20
194	222	22
196	222	60
197	222	174
199	222	62
204	222	93
207	222	28
208	222	28
215	222	21
218	222	53
221	222	44
223	222	60
24	221	63
29	221	70
35	221	64
36	221	40
38	221	58
41	221	42
42	221	45
46	221	66
47	221	76
50	221	80
52	221	55
53	221	45
54	221	40
57	221	77
63	221	107
64	221	106
65	221	67
66	221	76
68	221	109
69	221	74
70	221	75
71	221	55
73	221	133
74	221	40
75	221	92
76	221	26
78	221	40
81	221	102
82	221	52
83	221	69
84	221	177
86	221	67
88	221	63
89	221	186
90	221	218
91	221	139
92	221	108
93	221	58
95	221	116
98	221	124
99	221	41
100	221	83
101	221	49
104	221	43
107	221	63
111	221	46
112	221	62
113	221	9
116	221	41
117	221	46
119	221	44
120	221	97
129	221	33
132	221	43
133	221	63
139	221	137
144	221	5
146	221	35
149	221	37
154	221	93
155	221	63
156	221	105
160	221	63
165	221	68
166	221	40
167	221	92
168	221	14
169	221	85
170	221	68
172	221	96
173	221	60
174	221	166
176	221	32
178	221	46
181	221	81
183	221	44
185	221	83
186	221	176
188	221	56
190	221	48
191	221	71
192	221	51
196	221	55
197	221	59
198	221	101
199	221	82
200	221	97
201	221	42
204	221	68
206	221	59
208	221	35
211	221	60
218	221	36
235	221	59
12	220	81
13	220	52
31	220	23
37	220	36
40	220	118
41	220	43
42	220	10
46	220	70
48	220	57
49	220	93
50	220	131
51	220	37
52	220	38
53	220	107
57	220	46
58	220	115
59	220	105
61	220	11
62	220	61
63	220	95
64	220	21
65	220	134
66	220	54
67	220	49
68	220	33
69	220	70
71	220	78
73	220	59
74	220	74
75	220	60
77	220	71
78	220	122
80	220	63
81	220	54
84	220	40
85	220	26
86	220	140
87	220	113
88	220	94
89	220	101
90	220	95
91	220	96
92	220	247
93	220	62
95	220	87
96	220	139
97	220	152
98	220	58
100	220	55
101	220	154
103	220	48
105	220	71
108	220	57
109	220	93
113	220	65
121	220	54
122	220	55
127	220	89
135	220	22
139	220	22
140	220	52
142	220	63
143	220	58
144	220	136
145	220	92
148	220	137
149	220	110
154	220	66
160	220	94
161	220	55
162	220	45
163	220	103
168	220	71
169	220	74
170	220	81
171	220	73
172	220	47
175	220	110
179	220	45
184	220	175
187	220	60
197	220	64
202	220	52
203	220	105
205	220	63
206	220	36
210	220	172
219	220	177
220	220	17
232	220	56
14	219	7
29	219	36
30	219	34
35	219	57
37	219	75
38	219	105
40	219	114
42	219	147
43	219	30
44	219	36
45	219	135
46	219	70
47	219	57
48	219	61
57	219	102
58	219	124
59	219	64
61	219	119
62	219	23
63	219	61
64	219	19
66	219	78
67	219	144
68	219	60
69	219	41
70	219	58
72	219	189
73	219	39
75	219	91
76	219	81
77	219	63
78	219	19
79	219	78
80	219	163
81	219	66
82	219	31
83	219	58
84	219	177
85	219	87
86	219	149
87	219	50
88	219	32
89	219	43
90	219	104
91	219	45
92	219	147
93	219	105
94	219	29
95	219	89
97	219	127
99	219	113
100	219	64
103	219	25
104	219	30
106	219	67
108	219	84
111	219	79
112	219	54
117	219	47
118	219	87
121	219	52
122	219	65
124	219	58
125	219	140
128	219	11
133	219	12
139	219	75
142	219	63
143	219	29
145	219	66
146	219	113
148	219	74
154	219	101
155	219	113
156	219	56
159	219	83
161	219	46
162	219	67
163	219	62
164	219	47
166	219	114
167	219	41
168	219	69
169	219	40
170	219	51
171	219	81
172	219	61
176	219	90
177	219	72
182	219	66
183	219	66
186	219	22
188	219	37
191	219	22
192	219	59
199	219	54
201	219	65
202	219	33
203	219	17
204	219	25
207	219	56
212	219	92
218	219	88
219	219	64
232	219	89
240	219	21
18	218	79
20	218	20
25	218	33
28	218	24
33	218	48
37	218	60
38	218	13
41	218	55
43	218	36
45	218	30
46	218	23
47	218	71
49	218	63
51	218	69
52	218	39
54	218	92
57	218	34
58	218	51
59	218	24
60	218	32
61	218	36
62	218	27
65	218	26
66	218	21
67	218	22
68	218	87
69	218	64
70	218	56
71	218	49
72	218	46
74	218	61
75	218	126
76	218	44
77	218	93
79	218	112
82	218	106
83	218	66
84	218	56
85	218	70
86	218	68
87	218	179
88	218	109
90	218	78
91	218	96
92	218	136
93	218	101
94	218	118
98	218	71
99	218	87
101	218	60
102	218	105
103	218	68
104	218	133
109	218	22
110	218	59
116	218	52
117	218	70
118	218	41
119	218	43
120	218	34
122	218	226
123	218	37
126	218	49
127	218	97
129	218	40
132	218	61
136	218	71
139	218	50
140	218	59
142	218	85
145	218	36
146	218	46
152	218	12
153	218	69
155	218	47
156	218	28
158	218	22
159	218	46
160	218	62
161	218	57
164	218	99
165	218	33
169	218	61
170	218	93
171	218	63
173	218	55
174	218	76
176	218	53
179	218	27
181	218	38
183	218	13
186	218	109
187	218	28
189	218	104
196	218	32
198	218	30
201	218	99
211	218	68
221	218	148
227	218	71
229	218	79
234	218	61
22	217	25
26	217	66
28	217	54
30	217	34
36	217	113
39	217	24
40	217	62
46	217	21
50	217	64
51	217	23
52	217	81
53	217	19
54	217	61
55	217	71
56	217	15
57	217	73
59	217	43
62	217	14
63	217	44
64	217	65
65	217	45
67	217	140
68	217	63
69	217	69
71	217	82
74	217	86
77	217	87
78	217	44
79	217	54
80	217	95
81	217	18
82	217	121
83	217	117
84	217	160
85	217	48
88	217	30
89	217	71
92	217	85
93	217	108
94	217	134
95	217	43
96	217	192
97	217	71
100	217	110
101	217	62
102	217	57
103	217	65
104	217	86
110	217	77
111	217	57
112	217	60
115	217	43
117	217	37
118	217	83
119	217	30
120	217	53
121	217	49
122	217	47
124	217	18
125	217	70
128	217	70
130	217	53
131	217	31
133	217	52
134	217	130
135	217	68
139	217	68
142	217	70
143	217	63
144	217	68
148	217	35
149	217	59
150	217	55
155	217	45
156	217	44
157	217	75
159	217	105
160	217	49
162	217	14
164	217	109
165	217	41
167	217	91
170	217	98
171	217	65
174	217	57
175	217	72
176	217	108
177	217	51
178	217	52
179	217	162
181	217	68
183	217	84
187	217	155
188	217	175
195	217	38
197	217	93
198	217	26
199	217	33
202	217	23
203	217	77
204	217	45
210	217	53
211	217	76
217	217	16
221	217	26
222	217	39
223	217	24
230	217	36
236	217	60
18	216	50
26	216	40
28	216	70
30	216	33
32	216	23
46	216	61
47	216	54
48	216	25
49	216	70
50	216	127
52	216	64
53	216	72
54	216	27
56	216	9
59	216	19
60	216	73
63	216	132
64	216	83
65	216	61
66	216	67
67	216	59
70	216	63
72	216	86
75	216	108
77	216	151
78	216	39
79	216	26
80	216	122
81	216	57
82	216	20
83	216	29
84	216	103
85	216	69
86	216	96
87	216	46
88	216	85
89	216	92
90	216	92
91	216	31
92	216	104
93	216	77
94	216	189
97	216	96
98	216	22
100	216	85
101	216	54
102	216	61
104	216	132
105	216	72
106	216	68
107	216	46
110	216	76
113	216	159
114	216	55
121	216	45
126	216	59
131	216	126
132	216	61
133	216	100
134	216	131
137	216	54
139	216	63
141	216	9
143	216	48
144	216	65
145	216	81
147	216	98
154	216	28
155	216	52
157	216	63
158	216	24
159	216	22
160	216	91
161	216	21
163	216	85
164	216	44
165	216	82
166	216	50
168	216	21
171	216	30
172	216	67
173	216	110
174	216	125
176	216	62
177	216	86
178	216	29
181	216	70
182	216	23
184	216	30
185	216	93
187	216	67
189	216	90
192	216	95
194	216	43
202	216	30
205	216	61
210	216	138
216	216	33
217	216	81
220	216	74
221	216	58
222	216	35
223	216	59
227	216	30
10	215	70
11	215	48
16	215	68
17	215	47
24	215	36
27	215	93
28	215	64
30	215	14
33	215	60
39	215	60
40	215	91
41	215	63
42	215	52
46	215	73
47	215	104
49	215	83
50	215	54
51	215	27
52	215	39
55	215	31
57	215	87
59	215	58
61	215	26
62	215	34
63	215	68
64	215	55
65	215	25
67	215	63
68	215	69
72	215	63
74	215	69
76	215	153
78	215	146
80	215	103
82	215	124
84	215	126
86	215	22
87	215	128
88	215	49
89	215	17
91	215	67
93	215	58
94	215	39
98	215	183
99	215	77
103	215	56
106	215	47
110	215	81
112	215	78
117	215	31
124	215	38
126	215	108
129	215	24
130	215	106
131	215	34
133	215	60
138	215	61
139	215	31
140	215	77
141	215	109
143	215	52
144	215	9
145	215	49
146	215	62
148	215	62
151	215	37
154	215	140
155	215	52
156	215	45
157	215	43
159	215	49
160	215	79
161	215	49
163	215	27
165	215	153
166	215	75
171	215	26
173	215	93
174	215	41
183	215	77
189	215	39
190	215	67
191	215	140
193	215	26
195	215	57
200	215	60
201	215	111
207	215	100
208	215	51
209	215	47
226	215	80
228	215	73
246	215	64
13	214	29
18	214	63
19	214	30
21	214	57
22	214	42
25	214	92
27	214	46
32	214	82
34	214	46
37	214	62
38	214	239
39	214	56
40	214	14
41	214	69
46	214	122
47	214	27
50	214	47
53	214	60
54	214	62
55	214	82
56	214	81
60	214	63
61	214	38
62	214	66
65	214	121
66	214	89
67	214	71
69	214	91
71	214	26
73	214	70
75	214	56
76	214	144
78	214	43
79	214	52
80	214	23
81	214	61
82	214	145
84	214	63
85	214	119
86	214	207
87	214	272
88	214	61
89	214	139
90	214	207
91	214	142
92	214	34
93	214	54
94	214	33
95	214	150
96	214	110
97	214	77
99	214	20
101	214	108
105	214	60
107	214	30
108	214	45
109	214	27
112	214	17
114	214	54
115	214	39
117	214	36
123	214	62
127	214	89
128	214	15
129	214	18
130	214	90
131	214	40
133	214	80
134	214	63
136	214	70
138	214	40
139	214	65
140	214	98
141	214	37
148	214	64
151	214	35
153	214	80
154	214	144
157	214	74
159	214	80
160	214	48
161	214	49
162	214	37
168	214	80
170	214	74
172	214	48
175	214	69
178	214	61
179	214	84
180	214	47
184	214	50
185	214	45
186	214	75
187	214	68
190	214	65
195	214	124
196	214	105
204	214	75
208	214	175
209	214	63
212	214	20
215	214	16
221	214	68
226	214	55
15	213	93
19	213	30
21	213	37
23	213	101
26	213	34
29	213	60
30	213	10
34	213	18
35	213	101
37	213	61
42	213	73
43	213	65
45	213	189
46	213	69
57	213	128
60	213	34
61	213	63
63	213	79
65	213	59
66	213	118
67	213	75
68	213	71
69	213	57
70	213	23
72	213	28
73	213	47
74	213	88
80	213	43
83	213	48
84	213	102
85	213	29
86	213	76
87	213	184
88	213	77
89	213	124
90	213	31
91	213	58
92	213	118
93	213	70
94	213	74
95	213	49
97	213	22
98	213	20
99	213	13
100	213	90
106	213	133
111	213	51
112	213	79
114	213	30
117	213	56
118	213	62
123	213	83
125	213	40
127	213	82
128	213	42
129	213	62
130	213	73
131	213	130
135	213	45
138	213	78
139	213	49
142	213	35
152	213	31
153	213	82
159	213	29
161	213	65
165	213	70
166	213	38
168	213	9
169	213	86
170	213	90
171	213	77
172	213	35
175	213	79
176	213	45
181	213	133
182	213	73
183	213	69
185	213	81
192	213	40
193	213	13
194	213	34
195	213	63
196	213	191
202	213	125
206	213	107
207	213	42
213	213	46
214	213	41
218	213	58
223	213	102
238	213	98
18	212	74
19	212	41
20	212	72
26	212	85
31	212	46
34	212	74
35	212	54
39	212	49
40	212	25
41	212	36
43	212	88
48	212	12
50	212	27
52	212	76
54	212	75
55	212	52
57	212	52
60	212	118
63	212	45
65	212	45
67	212	73
70	212	66
71	212	33
73	212	106
75	212	14
77	212	26
78	212	40
80	212	82
81	212	115
85	212	30
86	212	129
87	212	111
90	212	22
91	212	22
93	212	22
94	212	110
95	212	123
96	212	96
99	212	74
100	212	63
102	212	116
103	212	39
112	212	49
120	212	57
129	212	27
131	212	98
133	212	37
137	212	36
142	212	51
148	212	84
149	212	46
153	212	49
154	212	52
156	212	38
158	212	100
159	212	58
160	212	64
170	212	15
172	212	71
175	212	34
176	212	21
177	212	54
178	212	34
179	212	63
180	212	51
183	212	48
184	212	36
185	212	41
188	212	35
190	212	93
192	212	53
193	212	18
194	212	25
195	212	40
196	212	63
199	212	86
204	212	83
205	212	60
208	212	69
219	212	68
228	212	54
19	211	55
31	211	80
34	211	37
37	211	60
38	211	33
41	211	83
43	211	133
44	211	32
47	211	20
48	211	98
49	211	44
50	211	70
51	211	122
52	211	108
53	211	82
55	211	16
60	211	93
61	211	42
62	211	60
64	211	53
66	211	21
67	211	40
68	211	173
69	211	40
70	211	58
73	211	38
74	211	81
76	211	97
77	211	37
80	211	97
81	211	39
82	211	130
83	211	32
85	211	30
86	211	67
87	211	109
89	211	93
92	211	51
95	211	89
96	211	40
100	211	26
101	211	81
103	211	163
106	211	73
113	211	23
119	211	45
124	211	40
125	211	33
128	211	20
130	211	98
133	211	25
138	211	51
140	211	107
141	211	69
146	211	46
149	211	99
150	211	74
151	211	75
164	211	66
168	211	71
169	211	34
170	211	58
172	211	13
173	211	42
174	211	95
175	211	67
176	211	187
181	211	28
182	211	12
185	211	48
186	211	21
187	211	82
188	211	34
189	211	47
190	211	110
192	211	78
195	211	102
196	211	30
199	211	81
204	211	50
229	211	38
232	211	16
12	210	47
16	210	58
22	210	15
27	210	16
29	210	29
30	210	75
31	210	45
35	210	38
37	210	14
38	210	48
40	210	35
41	210	63
43	210	11
44	210	29
45	210	35
46	210	24
47	210	98
50	210	110
52	210	94
53	210	168
54	210	124
55	210	28
59	210	30
60	210	58
61	210	52
62	210	115
63	210	164
64	210	47
66	210	27
67	210	34
69	210	24
70	210	63
71	210	60
72	210	60
73	210	96
75	210	34
76	210	49
77	210	35
79	210	70
81	210	39
82	210	115
83	210	80
85	210	170
87	210	56
88	210	130
89	210	62
91	210	34
92	210	27
93	210	12
95	210	57
96	210	21
97	210	130
98	210	87
99	210	49
100	210	62
102	210	127
105	210	77
107	210	77
110	210	47
111	210	62
115	210	30
116	210	71
122	210	194
123	210	40
124	210	22
126	210	83
129	210	25
131	210	25
133	210	26
134	210	64
135	210	38
142	210	151
143	210	20
144	210	73
146	210	106
149	210	43
151	210	174
162	210	92
164	210	33
165	210	60
166	210	62
167	210	55
168	210	99
170	210	46
171	210	27
174	210	123
178	210	76
179	210	97
180	210	37
181	210	79
182	210	74
183	210	14
184	210	52
194	210	35
195	210	86
196	210	112
198	210	43
199	210	36
207	210	55
211	210	41
240	210	58
11	209	52
25	209	42
27	209	49
30	209	95
31	209	103
32	209	18
33	209	74
37	209	57
38	209	65
39	209	102
41	209	62
42	209	29
43	209	71
44	209	32
45	209	61
46	209	54
48	209	115
51	209	63
52	209	118
53	209	63
57	209	19
61	209	52
62	209	149
63	209	191
64	209	100
65	209	86
71	209	90
72	209	60
73	209	73
76	209	60
77	209	86
79	209	66
80	209	60
82	209	37
83	209	139
85	209	53
86	209	67
88	209	45
89	209	52
90	209	228
91	209	24
93	209	26
94	209	36
95	209	93
96	209	85
97	209	178
98	209	21
99	209	34
102	209	65
105	209	58
107	209	56
110	209	54
111	209	54
121	209	51
123	209	53
124	209	37
126	209	21
128	209	28
130	209	51
133	209	37
134	209	21
138	209	26
139	209	49
140	209	59
143	209	90
144	209	56
146	209	43
147	209	32
150	209	25
151	209	52
154	209	56
155	209	34
156	209	85
160	209	74
166	209	31
167	209	100
168	209	104
170	209	38
174	209	48
177	209	56
178	209	60
180	209	60
184	209	68
185	209	63
187	209	59
188	209	133
189	209	121
191	209	22
192	209	36
195	209	75
198	209	51
199	209	104
202	209	38
203	209	74
205	209	73
208	209	59
215	209	56
220	209	51
222	209	68
228	209	77
13	208	37
16	208	32
24	208	46
28	208	63
29	208	59
33	208	74
34	208	36
35	208	49
36	208	60
37	208	15
40	208	69
42	208	48
44	208	63
46	208	105
47	208	93
48	208	41
49	208	131
51	208	29
52	208	82
53	208	74
54	208	60
55	208	34
58	208	63
59	208	38
60	208	44
61	208	127
62	208	73
63	208	88
64	208	49
65	208	61
66	208	108
67	208	56
68	208	23
69	208	108
72	208	53
74	208	77
75	208	117
77	208	200
78	208	89
79	208	134
81	208	37
82	208	124
83	208	82
85	208	34
86	208	58
87	208	87
88	208	65
89	208	121
93	208	73
94	208	47
95	208	40
96	208	103
97	208	101
98	208	39
99	208	104
105	208	109
107	208	44
110	208	54
112	208	54
114	208	49
123	208	61
124	208	71
125	208	54
127	208	38
129	208	44
130	208	48
135	208	62
137	208	102
138	208	34
139	208	51
140	208	13
144	208	47
145	208	56
146	208	54
147	208	61
148	208	54
149	208	90
150	208	26
151	208	66
156	208	60
159	208	28
160	208	72
161	208	49
164	208	33
167	208	42
170	208	70
171	208	112
172	208	5
174	208	84
178	208	117
180	208	57
181	208	156
184	208	111
185	208	53
187	208	14
188	208	98
190	208	124
195	208	134
196	208	9
197	208	94
198	208	30
199	208	143
200	208	73
204	208	51
205	208	89
211	208	57
230	208	60
234	208	66
242	208	59
10	207	19
17	207	20
18	207	70
22	207	84
26	207	84
28	207	39
29	207	70
32	207	58
35	207	7
37	207	54
38	207	20
39	207	67
40	207	66
41	207	48
47	207	74
48	207	20
49	207	42
50	207	36
55	207	20
56	207	61
57	207	124
60	207	143
61	207	109
62	207	87
63	207	30
65	207	35
66	207	40
68	207	125
69	207	32
70	207	20
71	207	50
76	207	27
78	207	247
79	207	112
80	207	142
81	207	26
82	207	66
83	207	44
84	207	92
85	207	119
87	207	85
88	207	107
89	207	127
93	207	43
95	207	101
96	207	102
97	207	33
98	207	22
100	207	19
103	207	33
104	207	43
105	207	33
106	207	71
109	207	12
110	207	25
116	207	45
121	207	47
127	207	52
130	207	82
132	207	53
134	207	154
137	207	93
138	207	54
139	207	48
141	207	18
147	207	25
152	207	101
153	207	71
154	207	60
155	207	49
157	207	153
158	207	79
159	207	55
160	207	69
161	207	26
164	207	49
165	207	78
166	207	83
168	207	77
174	207	54
175	207	28
177	207	155
179	207	72
180	207	27
181	207	27
183	207	72
185	207	26
187	207	139
189	207	37
190	207	46
195	207	67
196	207	135
197	207	76
198	207	67
207	207	61
208	207	83
209	207	70
216	207	55
218	207	32
219	207	103
229	207	33
9	206	19
22	206	28
23	206	67
26	206	55
28	206	67
30	206	31
31	206	19
35	206	73
38	206	71
39	206	65
40	206	103
41	206	46
42	206	69
47	206	48
48	206	23
50	206	32
51	206	94
56	206	54
58	206	36
59	206	51
63	206	126
64	206	14
65	206	121
66	206	88
67	206	86
68	206	30
69	206	51
70	206	48
72	206	34
76	206	54
77	206	49
79	206	29
80	206	93
81	206	39
82	206	29
84	206	88
86	206	86
87	206	20
88	206	51
91	206	105
92	206	17
93	206	272
94	206	38
95	206	29
96	206	93
98	206	55
99	206	70
101	206	101
104	206	34
105	206	37
106	206	82
108	206	50
109	206	90
110	206	58
111	206	74
119	206	13
120	206	72
122	206	95
123	206	97
124	206	32
128	206	63
133	206	30
137	206	44
138	206	29
141	206	116
142	206	79
145	206	30
146	206	60
# chipNumber: 4
# chipName:   G 10 W69
# numHits:    2
137	237	4
16	92	56
# chipNumber: 5
# chipName:   D 9 W69
# numHits:    130
120	240	35
123	240	22
102	239	56
146	238	10
104	237	29
108	237	20
115	236	32
113	235	29
143	233	39
142	232	33
135	229	19
128	227	51
92	225	24
127	225	20
111	223	78
117	223	17
122	223	24
125	221	32
121	220	21
126	220	65
131	218	16
130	217	49
138	217	24
118	216	21
131	216	43
132	215	59
120	214	66
129	214	43
110	213	16
133	213	38
146	213	26
126	212	32
148	212	116
133	211	34
130	210	1
118	209	19
119	209	45
122	208	60
124	207	30
122	206	69
127	206	6
112	205	20
135	205	26
117	204	37
131	204	24
137	199	32
133	198	37
128	196	20
128	184	63
170	170	18
176	168	53
169	166	67
174	166	27
183	166	27
184	165	45
185	165	21
163	164	30
169	164	24
167	163	52
177	163	4
167	162	38
172	162	41
175	162	9
166	161	52
170	161	48
174	161	40
175	161	62
176	161	64
177	161	42
182	161	37
158	160	24
160	160	52
167	160	51
172	160	26
175	160	38
159	159	17
166	159	66
170	159	43
174	159	9
177	159	55
178	159	15
159	158	22
161	158	34
164	158	28
178	158	27
164	157	28
166	157	13
169	157	68
173	157	71
166	156	10
167	156	26
182	156	45
185	156	41
163	155	12
164	155	12
187	155	36
166	154	78
167	154	28
173	154	34
170	153	18
172	153	9
178	153	66
161	152	47
167	152	82
183	152	13
190	152	24
170	151	37
175	151	18
177	151	44
186	151	69
163	150	48
166	149	16
168	149	31
169	149	35
177	149	21
187	149	54
165	148	56
173	148	47
162	147	20
163	147	21
152	145	16
173	145	31
175	145	48
158	142	18
177	142	25
182	142	28
168	141	46
182	140	36
168	139	24
177	137	33
# chipNumber: 6
# chipName:   L 8 W69
# numHits:    64
197	236	23
166	233	11810
210	233	47
185	232	40
219	232	22
205	223	25
202	222	24
204	221	30
185	217	22
189	215	6
201	215	39
181	214	25
214	212	51
219	212	34
185	211	43
196	210	16
161	209	55
175	209	52
180	209	58
196	208	30
202	208	36
219	208	36
210	206	43
207	205	32
239	205	22
238	204	46
192	203	20
234	203	11810
193	202	18
202	202	52
199	201	38
171	200	11
194	200	10
212	200	28
218	200	35
186	199	32
206	199	38
218	199	26
173	198	42
216	198	18
204	197	48
187	196	35
201	196	30
206	196	13
184	195	27
217	195	44
185	194	13
208	194	16
206	193	49
226	193	20
207	192	37
208	190	15
184	189	11
194	188	18
233	188	40
201	187	22
204	187	2
205	187	46
234	183	15
207	180	27
209	176	34
210	176	32
216	173	25
204	171	13
