## [General]
## runNumber:        241
## runTime:       	 7200
## runTimeFrames: 	 0
## pathName:         data/runs/Run_241_181022-16-16
## dateTime:         2018-10-22.17:38:04
## numChips:         7
## shutterTime:      30
## shutterMode:      verylong
## runMode:          0
## fastClock:        0
## externalTrigger:  0
## [Event]
## eventNumber:      6470
## useHvFadc:    	 1
## fadcReadout:    	 1
## szint1ClockInt:	 0
## szint2ClockInt:	 0
## fadcTriggerClock: 13
# chipNumber: 0
# chipName:   E 6 W69
# numHits:    0
# chipNumber: 1
# chipName:   K 6 W69
# numHits:    0
# chipNumber: 2
# chipName:   H 9 W69
# numHits:    0
# chipNumber: 3
# chipName:   H 10 W69
# numHits:    6177
240	173	65
90	172	60
102	172	80
104	172	103
106	172	53
107	172	18
108	172	57
110	172	20
111	172	91
112	172	51
113	172	31
115	172	36
127	172	59
146	172	62
147	172	38
149	172	77
151	172	164
153	172	28
155	172	64
166	172	101
186	172	41
90	171	10
98	171	27
102	171	48
103	171	62
104	171	73
105	171	37
106	171	38
108	171	97
110	171	53
112	171	40
115	171	155
116	171	60
117	171	19
118	171	55
124	171	51
126	171	111
149	171	57
150	171	103
153	171	64
157	171	76
186	171	9
187	171	117
188	171	46
199	171	30
219	171	98
80	170	63
82	170	122
98	170	25
101	170	71
119	170	40
121	170	18
128	170	117
129	170	100
138	170	62
140	170	96
151	170	96
186	170	74
211	170	44
219	170	52
67	169	63
102	169	42
104	169	81
108	169	44
123	169	78
129	169	52
159	169	74
161	169	43
162	169	52
163	169	107
166	169	14
175	169	49
176	169	96
180	169	47
202	169	38
237	169	33
98	168	59
101	168	75
102	168	55
114	168	77
127	168	53
128	168	125
137	168	46
144	168	83
149	168	86
151	168	73
160	168	66
164	168	71
187	168	49
205	168	55
210	168	62
212	168	85
217	168	15
99	167	31
101	167	18
103	167	56
104	167	34
109	167	36
110	167	59
115	167	41
116	167	44
117	167	108
118	167	25
128	167	49
138	167	78
139	167	110
146	167	103
147	167	56
186	167	47
188	167	65
190	167	87
195	167	27
213	167	121
216	167	27
219	167	53
231	167	23
232	167	40
79	166	46
98	166	57
99	166	57
103	166	66
104	166	93
107	166	32
110	166	72
111	166	40
119	166	39
123	166	21
142	166	55
160	166	56
169	166	8
173	166	81
178	166	56
190	166	20
191	166	97
202	166	16
206	166	61
210	166	54
98	165	37
106	165	54
107	165	50
114	165	53
125	165	80
131	165	25
134	165	123
141	165	77
144	165	22
163	165	28
164	165	63
173	165	19
174	165	71
180	165	80
202	165	54
203	165	117
209	165	52
217	165	69
88	164	83
104	164	94
106	164	34
116	164	53
121	164	69
135	164	66
140	164	71
143	164	52
147	164	49
149	164	84
154	164	62
199	164	29
201	164	33
202	164	54
212	164	50
216	164	59
83	163	33
104	163	66
122	163	191
135	163	61
143	163	73
146	163	44
147	163	186
148	163	84
151	163	25
152	163	92
156	163	29
165	163	36
192	163	57
201	163	44
202	163	31
210	163	81
215	163	152
217	163	61
229	163	28
97	162	29
99	162	58
100	162	42
105	162	24
118	162	55
131	162	131
133	162	60
134	162	82
139	162	25
147	162	76
148	162	40
153	162	58
173	162	36
175	162	39
191	162	70
196	162	46
201	162	62
203	162	42
215	162	76
220	162	95
221	162	71
97	161	57
107	161	34
114	161	64
118	161	74
122	161	66
129	161	31
131	161	76
136	161	62
143	161	61
147	161	84
152	161	35
164	161	97
165	161	113
173	161	48
190	161	76
191	161	41
200	161	36
201	161	42
209	161	64
210	161	90
213	161	82
215	161	36
219	161	49
127	160	61
139	160	43
145	160	28
150	160	54
153	160	58
159	160	19
160	160	91
167	160	26
174	160	45
178	160	42
183	160	90
187	160	56
189	160	82
195	160	11
196	160	74
199	160	105
208	160	30
213	160	35
99	159	32
111	159	32
119	159	32
127	159	134
138	159	52
145	159	49
156	159	18
162	159	86
174	159	32
176	159	54
186	159	40
187	159	79
193	159	38
196	159	96
203	159	19
218	159	32
220	159	31
222	159	56
225	159	60
111	158	91
118	158	52
121	158	52
132	158	112
133	158	38
140	158	72
143	158	31
144	158	52
149	158	32
154	158	45
155	158	14
156	158	75
183	158	35
185	158	57
187	158	37
190	158	62
192	158	45
200	158	71
202	158	53
203	158	55
214	158	91
227	158	80
117	157	39
125	157	61
132	157	70
133	157	65
141	157	144
142	157	44
143	157	82
149	157	49
154	157	19
157	157	21
164	157	73
185	157	22
186	157	54
190	157	42
194	157	8
201	157	17
231	157	60
245	157	72
94	156	22
100	156	39
118	156	60
123	156	80
124	156	62
128	156	26
129	156	91
139	156	73
140	156	37
141	156	87
143	156	88
144	156	15
149	156	39
151	156	36
163	156	39
166	156	15
167	156	55
168	156	72
176	156	73
177	156	73
178	156	72
183	156	92
187	156	60
195	156	67
198	156	50
201	156	32
210	156	62
220	156	88
232	156	62
21	155	49
100	155	16
101	155	62
113	155	94
114	155	26
127	155	78
149	155	45
152	155	44
157	155	148
161	155	36
177	155	74
179	155	95
181	155	51
186	155	16
202	155	29
217	155	39
219	155	39
40	154	45
95	154	51
113	154	52
117	154	73
127	154	54
141	154	82
144	154	60
147	154	122
150	154	49
153	154	75
157	154	18
158	154	30
159	154	50
160	154	65
163	154	26
168	154	64
178	154	48
181	154	37
188	154	13
193	154	45
201	154	51
217	154	62
226	154	57
13	153	46
18	153	81
106	153	51
114	153	51
125	153	25
134	153	66
136	153	78
144	153	118
147	153	31
159	153	89
165	153	56
166	153	25
172	153	82
173	153	54
176	153	73
188	153	60
208	153	19
210	153	61
211	153	40
215	153	54
225	153	58
227	153	69
233	153	41
239	153	13
16	152	71
112	152	43
136	152	51
140	152	69
148	152	25
159	152	25
160	152	14
161	152	19
167	152	49
168	152	83
171	152	46
174	152	37
187	152	12
201	152	23
204	152	20
222	152	65
224	152	58
11	151	104
36	151	52
126	151	75
132	151	51
140	151	49
141	151	55
148	151	49
150	151	84
151	151	94
158	151	83
159	151	118
160	151	74
168	151	29
169	151	105
174	151	98
175	151	13
196	151	47
202	151	64
204	151	63
219	151	103
220	151	40
224	151	39
226	151	65
13	150	21
29	150	53
96	150	42
106	150	41
117	150	69
121	150	79
128	150	68
131	150	120
143	150	28
150	150	96
153	150	100
158	150	64
159	150	117
160	150	55
161	150	38
162	150	68
166	150	52
167	150	50
169	150	16
182	150	60
187	150	90
209	150	87
226	150	69
21	149	36
26	149	39
126	149	32
131	149	134
134	149	38
137	149	67
154	149	40
158	149	107
163	149	93
164	149	48
166	149	100
167	149	106
175	149	45
177	149	92
198	149	41
202	149	19
206	149	34
210	149	50
212	149	51
214	149	96
228	149	54
12	148	87
14	148	22
33	148	73
42	148	45
113	148	60
117	148	67
129	148	60
135	148	14
153	148	136
155	148	27
156	148	103
157	148	24
162	148	54
164	148	82
172	148	49
182	148	50
189	148	104
190	148	70
192	148	84
194	148	78
208	148	42
209	148	79
212	148	74
225	148	29
22	147	68
23	147	65
27	147	33
29	147	17
30	147	29
34	147	48
41	147	44
104	147	39
111	147	72
122	147	47
125	147	57
128	147	86
135	147	126
138	147	58
146	147	126
158	147	79
159	147	60
160	147	88
163	147	27
167	147	67
172	147	45
180	147	52
184	147	80
185	147	57
186	147	54
189	147	67
190	147	3
193	147	70
199	147	53
201	147	18
214	147	24
22	146	79
24	146	7
108	146	30
112	146	68
116	146	17
127	146	39
131	146	66
135	146	106
137	146	76
141	146	57
142	146	24
146	146	51
147	146	40
151	146	28
160	146	56
161	146	39
164	146	41
177	146	50
179	146	97
180	146	36
184	146	55
191	146	43
193	146	82
194	146	7
195	146	50
196	146	43
197	146	42
200	146	65
214	146	118
217	146	128
229	146	48
233	146	91
22	145	62
23	145	51
25	145	16
28	145	39
127	145	73
130	145	42
137	145	52
138	145	33
139	145	71
140	145	76
148	145	22
150	145	24
153	145	100
157	145	40
158	145	100
166	145	114
169	145	62
179	145	68
193	145	144
196	145	33
200	145	97
214	145	86
215	145	94
243	145	40
23	144	65
24	144	53
103	144	46
112	144	53
118	144	79
125	144	21
128	144	104
129	144	5
132	144	21
133	144	79
134	144	65
136	144	62
137	144	30
138	144	46
145	144	48
146	144	45
153	144	96
154	144	49
159	144	83
163	144	44
165	144	79
167	144	33
168	144	33
171	144	46
178	144	65
182	144	53
188	144	38
191	144	73
194	144	38
201	144	79
202	144	68
203	144	44
214	144	50
216	144	72
219	144	47
220	144	62
222	144	76
228	144	50
235	144	73
13	143	64
23	143	52
133	143	51
134	143	65
135	143	82
138	143	155
140	143	78
150	143	78
151	143	82
152	143	33
153	143	61
165	143	41
171	143	86
172	143	58
173	143	29
175	143	41
176	143	66
188	143	48
193	143	62
198	143	79
203	143	73
207	143	41
208	143	39
211	143	79
215	143	57
218	143	55
223	143	28
235	143	4
15	142	44
23	142	26
32	142	50
114	142	90
123	142	91
128	142	84
129	142	79
133	142	24
136	142	42
137	142	23
142	142	45
143	142	43
145	142	60
147	142	12
148	142	37
168	142	78
169	142	61
171	142	52
186	142	3
187	142	143
190	142	54
194	142	58
195	142	157
205	142	45
207	142	7
208	142	97
214	142	24
223	142	84
7	141	67
20	141	62
34	141	73
109	141	119
112	141	59
116	141	39
121	141	49
134	141	11
147	141	74
148	141	33
154	141	10
155	141	61
165	141	65
168	141	77
169	141	98
172	141	70
173	141	32
174	141	52
175	141	31
181	141	56
185	141	166
186	141	14
187	141	61
195	141	62
204	141	42
208	141	102
217	141	92
218	141	17
25	140	61
26	140	29
27	140	44
28	140	51
29	140	34
31	140	47
36	140	11
85	140	22
91	140	33
104	140	77
108	140	79
109	140	5
114	140	58
120	140	51
150	140	31
152	140	31
154	140	67
155	140	21
164	140	66
165	140	17
166	140	73
170	140	81
174	140	26
190	140	18
194	140	68
195	140	103
196	140	63
197	140	32
202	140	49
203	140	74
208	140	100
215	140	120
230	140	102
13	139	45
14	139	80
26	139	28
27	139	42
30	139	60
31	139	20
72	139	42
123	139	57
135	139	43
139	139	84
141	139	32
143	139	30
144	139	49
146	139	41
150	139	85
157	139	40
164	139	42
165	139	61
166	139	17
170	139	29
179	139	73
183	139	76
187	139	128
195	139	70
199	139	44
203	139	65
222	139	53
224	139	85
226	139	67
233	139	56
13	138	45
24	138	79
29	138	38
31	138	29
59	138	47
79	138	39
80	138	29
113	138	48
121	138	93
122	138	121
125	138	61
126	138	23
127	138	61
135	138	31
143	138	70
145	138	55
146	138	47
149	138	62
163	138	120
164	138	49
181	138	16
182	138	55
188	138	43
191	138	111
192	138	96
193	138	50
196	138	66
199	138	54
209	138	81
210	138	166
216	138	39
219	138	65
220	138	74
221	138	52
223	138	67
228	138	58
18	137	63
29	137	55
37	137	33
116	137	93
120	137	51
121	137	41
124	137	52
129	137	63
132	137	150
134	137	33
135	137	45
136	137	52
146	137	126
185	137	62
191	137	76
193	137	207
194	137	179
209	137	68
221	137	45
11	136	48
17	136	73
69	136	35
82	136	83
99	136	50
109	136	15
111	136	57
121	136	46
135	136	24
136	136	64
156	136	122
157	136	160
158	136	87
159	136	46
161	136	62
162	136	52
180	136	67
190	136	51
191	136	95
193	136	44
195	136	47
196	136	61
198	136	97
199	136	54
207	136	34
209	136	59
212	136	78
215	136	24
233	136	81
18	135	29
28	135	20
33	135	61
72	135	41
75	135	73
110	135	65
112	135	61
115	135	56
116	135	45
135	135	67
140	135	50
144	135	58
154	135	42
157	135	60
159	135	29
164	135	63
177	135	24
183	135	70
187	135	32
192	135	93
193	135	58
194	135	44
204	135	32
205	135	53
207	135	56
214	135	71
223	135	52
224	135	29
225	135	69
235	135	60
19	134	106
32	134	76
33	134	42
38	134	62
48	134	43
67	134	32
69	134	66
72	134	86
75	134	48
81	134	21
82	134	30
101	134	23
111	134	56
112	134	59
113	134	49
122	134	50
135	134	59
137	134	52
141	134	87
143	134	78
145	134	109
177	134	67
183	134	62
185	134	61
187	134	60
199	134	62
200	134	92
226	134	24
243	134	64
244	134	38
14	133	38
18	133	20
19	133	38
20	133	81
29	133	41
31	133	73
33	133	79
48	133	33
72	133	67
79	133	35
103	133	76
123	133	120
124	133	95
136	133	33
144	133	94
149	133	58
161	133	43
187	133	13
188	133	54
189	133	93
190	133	16
192	133	50
207	133	54
216	133	22
217	133	10
223	133	93
27	132	84
28	132	37
29	132	92
35	132	48
36	132	44
39	132	30
50	132	72
51	132	40
76	132	62
80	132	72
86	132	44
103	132	97
104	132	28
107	132	29
108	132	48
109	132	67
118	132	123
119	132	72
132	132	22
146	132	48
151	132	71
171	132	81
172	132	67
174	132	82
178	132	52
186	132	44
187	132	54
191	132	69
200	132	178
204	132	93
208	132	57
210	132	88
213	132	22
216	132	67
219	132	50
228	132	13
237	132	49
244	132	49
18	131	62
27	131	71
38	131	58
53	131	32
58	131	17
60	131	70
62	131	75
72	131	46
74	131	44
79	131	78
82	131	74
83	131	54
87	131	36
95	131	75
116	131	40
135	131	46
140	131	58
160	131	41
162	131	67
173	131	58
175	131	44
177	131	71
180	131	71
181	131	66
197	131	65
198	131	97
200	131	29
201	131	74
202	131	156
212	131	49
218	131	71
223	131	49
243	131	97
14	130	58
17	130	59
23	130	60
30	130	26
34	130	67
44	130	56
79	130	36
80	130	45
85	130	76
92	130	27
96	130	61
108	130	54
131	130	107
139	130	57
150	130	46
151	130	48
173	130	111
174	130	65
177	130	26
178	130	85
181	130	22
191	130	90
203	130	22
204	130	63
206	130	45
213	130	137
216	130	49
218	130	95
239	130	33
12	129	10
29	129	25
56	129	59
65	129	42
66	129	47
67	129	50
74	129	57
75	129	115
76	129	14
79	129	46
81	129	66
82	129	57
84	129	59
104	129	65
116	129	67
127	129	14
128	129	82
132	129	53
148	129	54
150	129	67
151	129	131
155	129	32
164	129	54
165	129	36
168	129	73
169	129	4
179	129	31
190	129	95
202	129	78
205	129	92
213	129	26
217	129	62
218	129	71
20	128	73
23	128	65
26	128	43
27	128	83
42	128	87
43	128	29
60	128	56
62	128	70
63	128	83
67	128	48
72	128	46
76	128	79
77	128	41
82	128	37
91	128	27
92	128	79
93	128	22
112	128	56
118	128	71
119	128	82
122	128	107
125	128	83
126	128	59
133	128	48
142	128	31
156	128	119
157	128	35
163	128	35
170	128	79
172	128	53
174	128	65
179	128	34
184	128	56
187	128	41
190	128	85
195	128	54
196	128	114
197	128	21
205	128	48
217	128	84
226	128	82
227	128	65
235	128	67
19	127	83
23	127	66
41	127	57
70	127	38
72	127	118
73	127	71
74	127	76
76	127	41
79	127	61
92	127	26
96	127	55
115	127	62
120	127	29
121	127	65
123	127	49
125	127	44
131	127	69
136	127	58
142	127	70
156	127	52
160	127	59
161	127	64
166	127	46
175	127	44
177	127	131
180	127	93
183	127	143
198	127	54
199	127	25
202	127	40
204	127	52
206	127	46
208	127	65
212	127	34
215	127	32
226	127	38
234	127	48
238	127	76
239	127	126
26	126	47
31	126	39
58	126	110
60	126	26
67	126	64
79	126	33
80	126	60
82	126	107
84	126	30
85	126	80
97	126	82
107	126	81
131	126	56
152	126	57
184	126	67
188	126	22
190	126	42
191	126	66
194	126	53
199	126	84
204	126	57
215	126	76
222	126	72
223	126	53
26	125	38
58	125	44
59	125	45
71	125	108
74	125	44
76	125	176
81	125	51
82	125	19
84	125	41
93	125	52
102	125	35
149	125	68
171	125	22
178	125	60
188	125	37
190	125	36
198	125	88
202	125	12
205	125	78
209	125	20
210	125	66
231	125	21
22	124	75
25	124	62
31	124	68
39	124	33
52	124	80
58	124	74
62	124	66
66	124	104
69	124	88
70	124	86
72	124	74
73	124	40
75	124	51
78	124	23
81	124	37
82	124	39
83	124	73
85	124	96
90	124	81
97	124	42
102	124	50
148	124	36
149	124	43
164	124	54
170	124	72
172	124	71
177	124	76
179	124	40
180	124	21
193	124	32
194	124	98
195	124	64
201	124	33
202	124	38
204	124	87
206	124	24
210	124	68
218	124	38
221	124	100
237	124	40
15	123	9
16	123	19
28	123	37
29	123	51
45	123	37
63	123	45
64	123	38
67	123	49
69	123	159
70	123	97
71	123	112
73	123	62
75	123	48
76	123	91
80	123	40
82	123	110
83	123	43
87	123	132
92	123	44
94	123	95
96	123	88
110	123	78
132	123	12
133	123	36
137	123	70
139	123	42
145	123	53
146	123	45
151	123	76
168	123	39
169	123	71
171	123	79
174	123	52
183	123	73
184	123	73
189	123	34
190	123	52
197	123	76
199	123	50
205	123	33
207	123	51
221	123	69
229	123	28
22	122	90
40	122	50
61	122	38
66	122	40
67	122	82
69	122	49
72	122	25
73	122	144
74	122	86
76	122	58
77	122	49
78	122	61
83	122	67
84	122	74
86	122	31
87	122	46
94	122	9
109	122	22
125	122	89
141	122	76
146	122	61
156	122	61
164	122	15
169	122	31
189	122	35
190	122	47
191	122	96
212	122	28
220	122	67
221	122	74
224	122	36
230	122	54
240	122	65
241	122	34
16	121	67
22	121	38
26	121	76
59	121	26
66	121	52
70	121	22
74	121	78
76	121	77
77	121	119
79	121	82
81	121	49
83	121	87
84	121	21
85	121	51
88	121	62
89	121	80
94	121	90
95	121	44
120	121	65
131	121	48
133	121	81
140	121	26
169	121	35
170	121	39
185	121	58
188	121	62
201	121	50
206	121	52
211	121	120
218	121	119
239	121	29
48	120	31
57	120	49
61	120	23
66	120	138
69	120	73
71	120	93
72	120	16
73	120	39
74	120	121
77	120	77
79	120	98
80	120	96
81	120	40
83	120	112
87	120	25
99	120	49
116	120	62
122	120	30
129	120	85
132	120	47
137	120	60
149	120	104
161	120	37
173	120	51
188	120	68
189	120	54
201	120	102
202	120	23
215	120	74
221	120	78
234	120	72
235	120	25
240	120	49
15	119	47
16	119	92
37	119	52
51	119	46
69	119	12
73	119	59
74	119	45
76	119	99
77	119	70
78	119	52
79	119	44
80	119	183
91	119	103
92	119	55
106	119	42
110	119	16
113	119	64
141	119	61
167	119	57
169	119	52
176	119	49
183	119	36
187	119	12
192	119	28
201	119	48
202	119	37
203	119	75
213	119	90
219	119	47
221	119	44
225	119	22
226	119	44
227	119	68
240	119	67
243	119	70
36	118	94
51	118	19
56	118	32
70	118	23
71	118	70
72	118	95
73	118	59
74	118	60
75	118	65
76	118	101
77	118	23
79	118	50
80	118	63
81	118	53
85	118	11
86	118	88
89	118	18
90	118	54
94	118	17
122	118	20
130	118	37
131	118	60
134	118	81
136	118	75
150	118	17
156	118	35
161	118	19
166	118	31
169	118	60
172	118	62
173	118	67
175	118	44
176	118	30
177	118	126
184	118	68
190	118	71
191	118	65
192	118	13
196	118	68
211	118	118
213	118	18
228	118	96
239	118	75
241	118	37
244	118	37
20	117	14
25	117	40
29	117	61
51	117	85
56	117	22
62	117	34
67	117	18
68	117	86
71	117	80
72	117	62
73	117	39
82	117	134
83	117	85
84	117	15
86	117	37
91	117	65
93	117	45
96	117	42
97	117	87
113	117	48
146	117	68
150	117	49
154	117	55
155	117	82
157	117	60
158	117	91
161	117	47
163	117	23
166	117	51
167	117	63
179	117	45
184	117	4
189	117	45
199	117	85
202	117	20
210	117	119
211	117	147
212	117	75
213	117	98
215	117	126
217	117	62
218	117	51
219	117	100
237	117	48
241	117	28
26	116	63
70	116	84
72	116	25
76	116	52
78	116	13
79	116	48
82	116	82
86	116	60
89	116	30
105	116	30
117	116	65
137	116	40
152	116	43
157	116	42
168	116	48
178	116	86
188	116	24
191	116	62
193	116	108
196	116	37
199	116	65
200	116	61
214	116	30
217	116	34
224	116	47
225	116	74
232	116	21
238	116	42
244	116	64
33	115	56
61	115	29
62	115	72
71	115	46
74	115	62
76	115	30
80	115	75
81	115	42
82	115	54
83	115	69
84	115	47
93	115	44
99	115	110
101	115	48
123	115	70
136	115	30
154	115	93
161	115	59
176	115	37
183	115	11
200	115	53
208	115	38
209	115	25
214	115	129
215	115	16
218	115	44
228	115	30
232	115	49
21	114	89
28	114	107
61	114	45
62	114	118
66	114	36
69	114	87
71	114	113
72	114	36
75	114	49
76	114	36
80	114	63
84	114	44
86	114	85
96	114	65
100	114	65
134	114	18
151	114	49
162	114	53
173	114	55
184	114	21
196	114	40
208	114	88
228	114	53
236	114	75
20	113	48
21	113	42
61	113	10
63	113	15
65	113	77
68	113	44
69	113	65
70	113	76
76	113	147
77	113	48
78	113	23
79	113	53
82	113	52
84	113	22
85	113	51
86	113	16
88	113	34
144	113	45
148	113	25
150	113	25
155	113	32
156	113	92
157	113	89
158	113	116
159	113	74
161	113	111
165	113	56
175	113	5
185	113	56
198	113	83
201	113	84
205	113	24
207	113	47
209	113	90
211	113	45
214	113	64
239	113	13
16	112	58
44	112	33
63	112	74
66	112	79
68	112	95
70	112	79
73	112	92
74	112	52
75	112	71
76	112	117
77	112	73
79	112	107
80	112	178
81	112	12
82	112	62
83	112	56
87	112	41
107	112	57
140	112	75
150	112	82
156	112	82
158	112	28
159	112	26
162	112	88
174	112	79
178	112	42
180	112	64
183	112	61
184	112	32
192	112	51
197	112	48
198	112	35
207	112	72
211	112	47
212	112	42
219	112	60
224	112	69
228	112	54
20	111	80
58	111	78
61	111	12
66	111	102
67	111	38
71	111	56
75	111	93
76	111	59
80	111	80
95	111	60
131	111	66
139	111	63
146	111	57
156	111	72
157	111	38
161	111	58
164	111	55
171	111	52
172	111	22
174	111	61
179	111	72
180	111	67
185	111	62
186	111	52
190	111	68
191	111	59
195	111	30
198	111	35
199	111	54
202	111	37
203	111	54
219	111	78
229	111	66
60	110	35
61	110	52
62	110	37
66	110	79
67	110	137
71	110	27
74	110	51
76	110	57
77	110	44
79	110	35
81	110	115
83	110	26
85	110	73
88	110	70
93	110	86
122	110	37
123	110	79
141	110	62
143	110	58
153	110	35
156	110	41
158	110	100
159	110	91
172	110	12
178	110	69
179	110	60
184	110	75
189	110	42
197	110	5
199	110	31
208	110	55
218	110	47
222	110	49
33	109	50
66	109	133
67	109	65
71	109	31
72	109	161
74	109	81
75	109	73
77	109	66
80	109	42
83	109	82
84	109	79
85	109	57
94	109	83
129	109	76
155	109	44
156	109	33
157	109	192
160	109	83
162	109	55
164	109	38
169	109	37
171	109	73
185	109	38
188	109	53
193	109	142
199	109	20
202	109	55
207	109	73
212	109	40
218	109	84
230	109	62
42	108	50
48	108	52
57	108	41
68	108	59
72	108	49
73	108	27
74	108	74
78	108	78
84	108	62
85	108	38
88	108	52
93	108	87
140	108	65
157	108	50
158	108	32
161	108	92
164	108	70
165	108	36
167	108	32
169	108	63
191	108	41
199	108	89
200	108	101
214	108	22
219	108	54
228	108	92
230	108	14
231	108	53
33	107	28
41	107	52
56	107	70
58	107	49
68	107	51
70	107	58
71	107	62
74	107	43
75	107	37
80	107	59
83	107	38
85	107	55
87	107	56
91	107	66
137	107	76
152	107	61
157	107	61
158	107	15
159	107	49
167	107	51
178	107	49
190	107	67
191	107	55
192	107	88
193	107	52
199	107	52
204	107	32
205	107	52
220	107	53
221	107	103
222	107	58
223	107	66
228	107	41
230	107	115
11	106	81
53	106	40
66	106	65
67	106	93
75	106	102
85	106	63
87	106	34
91	106	102
92	106	44
126	106	55
128	106	68
130	106	46
141	106	42
157	106	41
158	106	8
159	106	57
162	106	68
164	106	62
165	106	66
167	106	28
171	106	21
173	106	44
190	106	77
201	106	30
202	106	91
210	106	45
214	106	70
217	106	56
244	106	34
245	106	45
33	105	30
53	105	50
60	105	7
64	105	60
65	105	72
68	105	45
78	105	30
83	105	66
91	105	82
145	105	22
158	105	65
159	105	121
162	105	89
168	105	71
174	105	75
189	105	46
201	105	100
205	105	77
216	105	42
218	105	77
219	105	53
220	105	101
223	105	73
229	105	32
241	105	38
245	105	98
61	104	13
70	104	48
77	104	57
83	104	36
84	104	51
86	104	58
103	104	52
120	104	47
140	104	112
141	104	68
144	104	84
145	104	57
147	104	78
148	104	78
155	104	26
156	104	52
162	104	16
180	104	65
186	104	64
188	104	74
189	104	32
190	104	47
191	104	35
195	104	53
198	104	57
205	104	49
206	104	36
212	104	52
218	104	37
234	104	50
57	103	55
68	103	41
70	103	58
71	103	61
76	103	69
78	103	66
79	103	82
80	103	83
81	103	87
94	103	70
142	103	14
144	103	101
146	103	21
148	103	95
151	103	32
153	103	40
158	103	63
159	103	62
164	103	63
165	103	148
169	103	48
183	103	42
202	103	48
221	103	28
59	102	45
73	102	92
75	102	52
76	102	90
78	102	35
94	102	87
143	102	54
146	102	54
147	102	38
148	102	65
149	102	23
159	102	69
165	102	63
166	102	76
171	102	84
177	102	21
180	102	54
189	102	52
194	102	53
195	102	56
196	102	52
198	102	82
202	102	71
203	102	45
221	102	47
10	101	31
50	101	30
59	101	63
64	101	70
65	101	54
66	101	74
75	101	77
76	101	70
78	101	41
83	101	39
84	101	111
140	101	33
144	101	42
145	101	45
147	101	55
151	101	30
153	101	26
155	101	91
161	101	39
162	101	114
165	101	105
167	101	76
172	101	29
175	101	76
179	101	111
191	101	49
192	101	14
195	101	70
199	101	59
201	101	33
202	101	182
206	101	37
213	101	79
215	101	91
222	101	89
231	101	44
233	101	77
37	100	44
61	100	25
72	100	49
75	100	31
80	100	26
145	100	24
98	246	25
180	245	79
100	244	102
103	244	58
110	244	37
123	244	60
137	244	34
36	243	83
72	243	33
99	243	36
104	243	67
108	243	44
184	243	51
194	243	56
54	242	60
56	242	68
57	242	61
95	242	53
96	242	68
100	242	73
112	242	58
117	242	64
139	242	27
154	242	64
43	241	34
44	241	83
70	241	98
71	241	27
76	241	67
92	241	53
96	241	84
100	241	65
104	241	73
106	241	49
121	241	55
123	241	27
141	241	31
161	241	76
52	240	34
53	240	94
74	240	41
75	240	33
80	240	58
99	240	13
105	240	53
110	240	42
111	240	46
116	240	33
125	240	43
133	240	29
143	240	38
176	240	54
194	240	27
43	239	26
49	239	7
51	239	47
57	239	83
62	239	49
90	239	83
93	239	29
95	239	73
96	239	78
98	239	54
103	239	64
107	239	70
108	239	95
109	239	33
127	239	79
133	239	72
135	239	38
179	239	82
187	239	78
36	238	45
46	238	100
54	238	47
57	238	33
87	238	18
91	238	45
94	238	30
101	238	56
123	238	37
142	238	93
153	238	83
187	238	45
53	237	40
61	237	44
69	237	19
78	237	56
83	237	51
93	237	56
98	237	55
99	237	45
102	237	40
107	237	47
113	237	28
121	237	67
140	237	30
147	237	37
161	237	74
165	237	21
167	237	65
184	237	82
187	237	23
37	236	29
59	236	61
60	236	49
62	236	71
65	236	22
69	236	68
72	236	40
84	236	37
88	236	27
90	236	22
95	236	55
97	236	41
99	236	66
102	236	64
105	236	51
110	236	79
111	236	26
114	236	34
117	236	25
125	236	70
157	236	47
185	236	51
192	236	112
218	236	49
33	235	57
34	235	43
47	235	58
49	235	16
52	235	78
59	235	97
60	235	42
62	235	34
65	235	26
82	235	47
84	235	34
108	235	20
110	235	13
119	235	40
133	235	53
196	235	64
21	234	30
34	234	57
46	234	58
53	234	82
63	234	57
68	234	30
71	234	19
91	234	65
98	234	73
102	234	55
105	234	92
108	234	71
109	234	74
112	234	69
123	234	48
126	234	27
130	234	47
135	234	29
137	234	96
42	233	43
52	233	24
53	233	80
56	233	101
59	233	56
60	233	136
69	233	24
73	233	48
75	233	54
81	233	44
93	233	45
96	233	74
97	233	54
99	233	55
102	233	34
103	233	22
105	233	51
106	233	60
108	233	55
109	233	82
113	233	28
114	233	27
131	233	76
135	233	77
136	233	67
149	233	71
162	233	63
172	233	46
182	233	64
189	233	25
238	233	25
44	232	30
45	232	49
54	232	49
55	232	52
59	232	19
60	232	11
69	232	23
70	232	33
74	232	34
80	232	13
88	232	66
90	232	26
93	232	37
96	232	46
101	232	100
102	232	70
106	232	31
108	232	62
109	232	58
119	232	88
124	232	49
126	232	30
129	232	40
135	232	20
142	232	107
143	232	191
151	232	50
152	232	49
154	232	49
180	232	31
193	232	35
198	232	38
211	232	77
229	232	62
231	232	68
17	231	69
42	231	20
49	231	42
52	231	44
53	231	49
55	231	99
59	231	70
64	231	36
71	231	41
94	231	41
95	231	53
96	231	54
98	231	38
100	231	88
101	231	55
105	231	25
108	231	19
113	231	23
122	231	66
123	231	25
144	231	74
146	231	47
155	231	11
157	231	37
158	231	47
166	231	102
178	231	81
179	231	96
208	231	31
231	231	33
232	231	59
31	230	54
42	230	82
46	230	46
47	230	58
57	230	31
59	230	58
68	230	62
71	230	59
72	230	24
74	230	31
75	230	21
78	230	74
91	230	34
92	230	63
95	230	32
96	230	29
99	230	58
104	230	51
120	230	55
123	230	27
129	230	30
132	230	36
139	230	42
145	230	86
149	230	45
165	230	42
198	230	27
19	229	21
40	229	34
41	229	65
43	229	79
49	229	44
50	229	167
51	229	16
52	229	48
53	229	67
63	229	54
70	229	45
75	229	88
91	229	78
92	229	45
96	229	61
99	229	63
109	229	19
110	229	54
113	229	12
121	229	44
174	229	49
177	229	42
186	229	68
192	229	76
195	229	49
221	229	29
34	228	57
45	228	34
46	228	121
48	228	56
50	228	54
54	228	60
59	228	50
61	228	51
62	228	62
66	228	80
69	228	53
82	228	50
92	228	16
93	228	54
95	228	85
98	228	125
99	228	66
107	228	103
113	228	46
115	228	55
120	228	39
144	228	45
156	228	77
168	228	30
172	228	14
173	228	31
189	228	45
209	228	31
218	228	33
26	227	30
41	227	54
58	227	56
76	227	69
92	227	22
107	227	13
112	227	29
114	227	31
120	227	65
122	227	27
151	227	40
159	227	45
207	227	14
211	227	21
42	226	60
47	226	31
48	226	57
55	226	81
56	226	103
58	226	77
65	226	65
66	226	74
69	226	40
75	226	121
76	226	177
77	226	96
80	226	45
86	226	65
92	226	42
93	226	48
104	226	73
107	226	43
109	226	54
110	226	80
111	226	26
117	226	59
122	226	28
123	226	92
128	226	78
135	226	41
136	226	82
146	226	51
157	226	26
185	226	34
187	226	40
188	226	33
197	226	36
213	226	21
223	226	42
35	225	52
50	225	39
70	225	85
71	225	81
76	225	113
77	225	20
84	225	44
87	225	73
88	225	29
98	225	55
103	225	116
104	225	34
108	225	89
110	225	80
111	225	68
122	225	58
125	225	56
126	225	30
133	225	46
136	225	197
137	225	24
141	225	52
153	225	52
168	225	34
188	225	59
189	225	90
192	225	40
200	225	37
218	225	66
239	225	52
20	224	63
45	224	26
61	224	57
62	224	57
66	224	80
68	224	13
69	224	88
70	224	72
71	224	40
72	224	65
75	224	96
83	224	101
84	224	58
87	224	17
105	224	19
111	224	6
114	224	20
115	224	36
119	224	40
128	224	52
147	224	68
165	224	14
176	224	73
179	224	78
181	224	18
186	224	89
187	224	63
35	223	113
40	223	121
44	223	52
45	223	104
46	223	42
51	223	53
56	223	33
60	223	98
63	223	46
64	223	95
65	223	28
67	223	54
70	223	88
83	223	46
84	223	47
93	223	41
99	223	33
105	223	70
112	223	62
115	223	42
116	223	20
120	223	47
123	223	30
124	223	33
130	223	74
131	223	25
133	223	69
144	223	10
150	223	40
179	223	19
181	223	53
184	223	103
238	223	42
47	222	93
53	222	42
63	222	21
67	222	47
68	222	28
69	222	38
72	222	62
73	222	17
85	222	56
88	222	45
100	222	28
101	222	50
104	222	65
107	222	89
111	222	80
118	222	51
127	222	47
129	222	62
139	222	32
140	222	70
143	222	56
147	222	66
152	222	26
155	222	49
158	222	102
159	222	38
161	222	25
176	222	10
177	222	69
178	222	71
181	222	52
189	222	48
191	222	52
194	222	46
212	222	149
221	222	80
43	221	43
44	221	52
46	221	85
52	221	39
60	221	39
62	221	38
63	221	72
71	221	72
72	221	128
75	221	64
79	221	52
80	221	78
81	221	83
82	221	83
83	221	70
91	221	30
97	221	31
118	221	68
119	221	59
120	221	139
131	221	78
139	221	65
154	221	65
158	221	27
176	221	78
180	221	14
182	221	67
190	221	52
202	221	77
210	221	62
212	221	79
214	221	43
237	221	63
35	220	17
41	220	54
47	220	54
51	220	20
55	220	11
59	220	28
61	220	49
63	220	49
65	220	37
71	220	34
88	220	40
90	220	41
92	220	63
94	220	25
97	220	28
100	220	52
112	220	47
119	220	61
123	220	17
130	220	39
139	220	60
149	220	40
150	220	20
152	220	39
166	220	36
170	220	53
171	220	59
176	220	29
187	220	76
222	220	69
228	220	22
40	219	47
53	219	56
57	219	36
58	219	31
63	219	88
68	219	31
69	219	40
71	219	78
73	219	51
78	219	79
79	219	67
80	219	96
81	219	37
84	219	21
88	219	54
89	219	33
90	219	124
107	219	34
111	219	49
118	219	34
128	219	75
133	219	52
138	219	62
140	219	82
172	219	20
183	219	42
185	219	83
188	219	37
211	219	44
212	219	34
231	219	27
50	218	24
53	218	28
54	218	69
57	218	163
63	218	171
64	218	43
67	218	52
68	218	32
69	218	33
71	218	45
75	218	57
79	218	77
82	218	29
85	218	66
89	218	32
95	218	46
102	218	79
106	218	59
111	218	82
115	218	45
118	218	150
119	218	51
131	218	43
144	218	46
148	218	26
155	218	53
159	218	27
162	218	52
163	218	49
187	218	44
189	218	27
210	218	28
229	218	45
236	218	48
26	217	38
43	217	82
44	217	85
47	217	33
49	217	77
53	217	73
56	217	53
63	217	26
67	217	76
68	217	36
77	217	40
81	217	27
83	217	62
84	217	56
86	217	51
98	217	21
102	217	61
109	217	30
111	217	75
113	217	55
123	217	15
130	217	12
132	217	60
136	217	61
139	217	29
159	217	66
160	217	97
179	217	47
185	217	54
189	217	41
194	217	29
196	217	10
204	217	69
36	216	73
37	216	59
44	216	37
49	216	21
52	216	61
53	216	57
62	216	58
64	216	45
67	216	49
69	216	24
72	216	67
77	216	49
80	216	104
82	216	51
92	216	19
110	216	40
125	216	38
131	216	69
134	216	43
148	216	64
165	216	24
180	216	56
182	216	100
187	216	49
208	216	54
213	216	73
231	216	69
242	216	63
36	215	47
47	215	79
52	215	24
55	215	47
58	215	41
62	215	92
65	215	59
67	215	68
68	215	67
69	215	30
70	215	32
72	215	44
73	215	36
75	215	84
83	215	51
85	215	41
98	215	78
104	215	74
112	215	44
117	215	49
122	215	28
126	215	39
146	215	18
167	215	49
193	215	30
195	215	93
203	215	55
214	215	65
215	215	42
230	215	38
233	215	49
236	215	55
46	214	41
55	214	102
56	214	62
57	214	74
59	214	56
60	214	51
61	214	18
62	214	49
66	214	57
67	214	84
68	214	87
69	214	54
71	214	22
74	214	36
77	214	30
78	214	14
82	214	48
97	214	21
104	214	32
113	214	57
122	214	124
123	214	51
130	214	21
139	214	54
150	214	29
154	214	33
155	214	60
159	214	63
165	214	29
167	214	30
170	214	29
183	214	40
184	214	149
197	214	42
207	214	84
208	214	41
210	214	31
213	214	72
229	214	56
232	214	127
233	214	56
29	213	59
36	213	51
37	213	70
46	213	57
50	213	67
56	213	88
58	213	90
61	213	18
66	213	69
73	213	62
82	213	85
83	213	39
112	213	31
113	213	45
115	213	66
120	213	41
140	213	28
141	213	78
147	213	61
148	213	41
158	213	81
169	213	109
170	213	22
179	213	37
191	213	64
194	213	135
201	213	83
228	213	78
26	212	80
30	212	52
35	212	75
50	212	48
54	212	44
64	212	55
66	212	68
68	212	58
69	212	56
72	212	62
80	212	19
95	212	66
97	212	17
98	212	85
105	212	33
107	212	37
122	212	32
133	212	75
139	212	99
140	212	80
156	212	34
159	212	34
161	212	103
169	212	115
184	212	57
186	212	41
191	212	29
192	212	222
199	212	45
200	212	81
202	212	50
210	212	69
218	212	29
232	212	59
242	212	47
30	211	68
31	211	81
40	211	61
47	211	59
54	211	54
55	211	60
57	211	45
61	211	65
62	211	85
64	211	46
69	211	52
71	211	80
74	211	74
77	211	95
80	211	20
81	211	61
82	211	9
84	211	63
85	211	36
93	211	116
108	211	57
112	211	125
113	211	76
114	211	75
119	211	34
121	211	22
123	211	34
142	211	44
143	211	69
171	211	18
178	211	51
179	211	70
189	211	70
191	211	41
198	211	48
202	211	49
211	211	8
33	210	31
51	210	20
52	210	155
53	210	36
56	210	31
58	210	80
59	210	50
62	210	45
63	210	18
66	210	72
68	210	71
69	210	33
72	210	20
78	210	67
81	210	46
85	210	103
93	210	54
99	210	70
103	210	38
108	210	46
113	210	49
114	210	53
126	210	42
131	210	21
132	210	58
134	210	45
135	210	55
140	210	33
164	210	51
168	210	107
183	210	49
184	210	52
194	210	70
198	210	43
200	210	48
201	210	48
210	210	52
218	210	114
39	209	19
40	209	42
50	209	52
53	209	20
57	209	128
58	209	47
59	209	47
62	209	75
63	209	110
66	209	90
68	209	54
71	209	5
74	209	42
80	209	58
92	209	60
106	209	82
107	209	44
121	209	122
128	209	82
135	209	34
144	209	84
145	209	79
149	209	58
164	209	57
168	209	19
181	209	93
189	209	34
192	209	39
204	209	64
214	209	24
216	209	29
234	209	16
238	209	45
48	208	53
53	208	30
54	208	49
55	208	54
56	208	52
58	208	49
59	208	29
70	208	50
71	208	28
74	208	72
76	208	78
100	208	66
110	208	52
118	208	58
122	208	58
127	208	52
138	208	8
141	208	39
142	208	14
143	208	43
146	208	66
155	208	55
159	208	41
163	208	69
192	208	43
198	208	18
200	208	46
203	208	49
214	208	44
218	208	25
224	208	77
225	208	44
233	208	32
236	208	99
16	207	46
34	207	68
35	207	40
43	207	56
49	207	69
51	207	25
63	207	55
66	207	59
67	207	52
76	207	62
78	207	104
94	207	46
120	207	17
131	207	34
133	207	46
135	207	32
139	207	109
140	207	17
147	207	68
148	207	66
157	207	64
159	207	20
166	207	27
170	207	25
181	207	16
182	207	48
191	207	28
202	207	81
204	207	83
224	207	22
225	207	54
228	207	73
41	206	31
44	206	62
48	206	59
53	206	73
66	206	65
75	206	41
95	206	80
97	206	29
100	206	56
103	206	59
104	206	75
116	206	23
119	206	34
120	206	59
126	206	40
137	206	56
141	206	47
151	206	30
152	206	40
155	206	26
156	206	35
157	206	60
158	206	48
165	206	73
176	206	23
186	206	49
189	206	55
193	206	69
204	206	220
216	206	69
224	206	56
232	206	22
237	206	54
238	206	36
20	205	32
49	205	59
61	205	138
64	205	62
66	205	38
69	205	71
71	205	62
80	205	39
82	205	70
86	205	54
87	205	128
88	205	38
92	205	118
108	205	110
115	205	77
116	205	91
131	205	29
134	205	135
138	205	54
142	205	68
145	205	62
154	205	35
157	205	79
158	205	106
159	205	47
184	205	56
191	205	79
192	205	73
194	205	76
196	205	46
197	205	47
198	205	83
203	205	71
204	205	52
205	205	45
209	205	19
214	205	59
223	205	67
224	205	33
21	204	31
52	204	48
53	204	63
55	204	49
59	204	17
72	204	28
85	204	76
94	204	45
97	204	75
100	204	59
104	204	76
105	204	32
109	204	8
114	204	60
122	204	64
143	204	38
146	204	70
150	204	53
153	204	62
154	204	57
167	204	56
168	204	49
177	204	22
183	204	35
205	204	84
214	204	45
216	204	44
218	204	97
227	204	68
53	203	34
55	203	63
56	203	65
58	203	51
67	203	44
70	203	67
76	203	33
92	203	53
107	203	44
110	203	113
116	203	45
118	203	64
126	203	42
148	203	42
156	203	25
159	203	66
160	203	58
162	203	71
163	203	23
168	203	48
182	203	95
190	203	199
192	203	126
204	203	63
206	203	39
230	203	20
45	202	83
52	202	156
56	202	44
71	202	9
80	202	72
89	202	29
96	202	25
97	202	19
105	202	63
119	202	29
128	202	80
130	202	50
139	202	103
147	202	73
148	202	39
151	202	28
163	202	37
169	202	76
180	202	52
187	202	69
195	202	50
196	202	73
210	202	84
227	202	62
239	202	44
52	201	52
55	201	61
75	201	67
83	201	63
84	201	42
86	201	60
91	201	42
99	201	66
106	201	51
112	201	38
119	201	42
128	201	72
129	201	59
131	201	43
140	201	72
152	201	21
155	201	78
188	201	41
196	201	18
198	201	44
208	201	94
210	201	35
222	201	14
233	201	23
44	200	62
53	200	58
68	200	70
70	200	80
74	200	54
88	200	64
90	200	69
99	200	36
117	200	31
118	200	60
119	200	59
126	200	63
138	200	6
141	200	46
155	200	30
163	200	37
164	200	30
165	200	45
166	200	34
167	200	17
172	200	84
184	200	76
197	200	63
199	200	58
223	200	73
228	200	69
62	199	57
67	199	31
69	199	45
79	199	35
80	199	46
85	199	12
91	199	33
92	199	56
110	199	67
115	199	34
116	199	25
118	199	80
121	199	64
127	199	69
130	199	56
142	199	41
148	199	58
149	199	51
157	199	70
162	199	58
163	199	108
165	199	7
172	199	23
181	199	29
182	199	45
185	199	11
186	199	29
216	199	36
227	199	27
234	199	63
52	198	40
60	198	50
69	198	75
74	198	93
79	198	79
87	198	39
88	198	69
90	198	59
92	198	21
97	198	49
99	198	34
101	198	75
108	198	65
111	198	51
112	198	49
114	198	49
115	198	67
116	198	51
120	198	52
121	198	43
126	198	61
145	198	46
146	198	54
147	198	31
148	198	95
149	198	76
152	198	19
153	198	43
154	198	39
155	198	22
157	198	7
161	198	62
164	198	26
165	198	24
170	198	65
178	198	65
184	198	50
199	198	39
215	198	71
238	198	67
57	197	62
62	197	53
68	197	71
79	197	21
85	197	99
88	197	17
94	197	59
95	197	40
99	197	92
100	197	29
104	197	52
105	197	69
106	197	106
116	197	44
117	197	142
121	197	70
127	197	50
132	197	79
140	197	33
141	197	45
148	197	72
151	197	10
152	197	60
153	197	36
160	197	87
162	197	52
166	197	54
167	197	26
191	197	49
192	197	52
198	197	19
215	197	101
216	197	91
224	197	91
51	196	43
53	196	60
57	196	44
62	196	44
63	196	34
68	196	29
80	196	31
92	196	59
93	196	69
94	196	115
95	196	60
106	196	61
107	196	24
108	196	52
110	196	81
114	196	122
116	196	95
119	196	20
121	196	77
122	196	80
124	196	67
128	196	14
145	196	115
159	196	73
175	196	40
183	196	25
193	196	26
201	196	28
204	196	43
207	196	63
215	196	50
218	196	61
223	196	23
227	196	100
23	195	43
35	195	34
54	195	22
58	195	55
60	195	82
70	195	67
78	195	32
82	195	95
89	195	75
94	195	24
95	195	16
101	195	93
106	195	26
108	195	48
109	195	51
111	195	62
116	195	53
117	195	32
125	195	12
142	195	56
144	195	84
156	195	87
175	195	61
177	195	66
178	195	39
179	195	22
193	195	11
197	195	71
202	195	71
207	195	75
208	195	20
221	195	42
234	195	64
53	194	49
68	194	53
70	194	71
81	194	40
82	194	17
90	194	61
98	194	37
99	194	46
100	194	129
104	194	80
105	194	29
109	194	49
112	194	19
113	194	189
114	194	165
115	194	80
117	194	56
118	194	29
125	194	22
135	194	57
138	194	78
139	194	34
148	194	71
151	194	36
158	194	53
162	194	69
167	194	77
168	194	55
178	194	26
180	194	51
181	194	134
186	194	25
200	194	21
207	194	68
210	194	68
211	194	16
220	194	52
235	194	15
237	194	64
239	194	41
66	193	69
88	193	43
89	193	50
94	193	31
96	193	48
98	193	64
100	193	92
101	193	20
104	193	54
108	193	69
109	193	39
115	193	50
116	193	22
118	193	91
119	193	12
122	193	32
130	193	34
132	193	59
134	193	85
145	193	86
153	193	14
156	193	126
157	193	62
166	193	16
173	193	38
176	193	59
183	193	71
188	193	44
204	193	45
212	193	66
219	193	55
235	193	22
80	192	44
81	192	37
90	192	109
91	192	30
97	192	144
98	192	54
100	192	30
101	192	66
102	192	49
105	192	65
109	192	70
110	192	43
112	192	86
114	192	90
116	192	66
118	192	94
120	192	20
122	192	50
124	192	63
131	192	68
132	192	72
135	192	34
136	192	68
140	192	56
141	192	42
144	192	76
145	192	124
147	192	127
149	192	83
150	192	101
151	192	81
156	192	51
163	192	54
166	192	6
185	192	62
187	192	55
212	192	23
215	192	58
216	192	62
218	192	54
223	192	29
232	192	49
235	192	66
247	192	32
59	191	67
76	191	31
90	191	67
93	191	50
95	191	50
101	191	36
103	191	50
104	191	91
105	191	52
106	191	110
107	191	14
109	191	31
114	191	43
115	191	44
116	191	21
119	191	102
120	191	54
121	191	49
133	191	58
153	191	46
160	191	87
161	191	30
162	191	66
166	191	60
170	191	17
181	191	20
193	191	49
214	191	71
222	191	82
83	190	54
91	190	40
93	190	17
94	190	57
96	190	56
99	190	53
101	190	51
104	190	29
106	190	57
107	190	54
108	190	62
109	190	49
110	190	17
111	190	54
114	190	69
122	190	18
123	190	77
125	190	63
127	190	95
128	190	45
133	190	82
138	190	70
149	190	56
165	190	100
166	190	26
188	190	85
190	190	64
192	190	119
194	190	64
201	190	43
202	190	66
217	190	21
220	190	29
87	189	36
90	189	30
92	189	26
94	189	6
95	189	65
102	189	57
104	189	83
105	189	89
106	189	129
108	189	78
109	189	39
111	189	83
112	189	110
113	189	41
115	189	30
116	189	23
119	189	101
123	189	83
136	189	45
137	189	52
140	189	45
144	189	87
150	189	45
151	189	55
164	189	71
166	189	42
168	189	81
177	189	59
178	189	52
180	189	28
181	189	25
189	189	28
190	189	37
199	189	59
206	189	22
207	189	33
208	189	17
209	189	22
210	189	45
229	189	27
230	189	52
231	189	95
244	189	102
97	188	77
98	188	118
99	188	79
101	188	125
104	188	73
108	188	92
111	188	23
112	188	100
116	188	95
123	188	66
127	188	36
136	188	34
137	188	108
142	188	66
151	188	58
157	188	21
161	188	25
166	188	50
167	188	84
177	188	29
203	188	45
220	188	56
223	188	53
225	188	68
237	188	34
92	187	43
97	187	58
99	187	59
100	187	128
101	187	74
103	187	89
104	187	165
106	187	77
109	187	73
113	187	45
115	187	85
117	187	46
118	187	59
119	187	52
121	187	101
124	187	33
134	187	46
137	187	45
138	187	15
141	187	83
145	187	55
158	187	32
164	187	59
167	187	13
177	187	58
178	187	91
179	187	51
180	187	42
192	187	69
209	187	93
216	187	62
222	187	55
73	186	19
89	186	42
91	186	89
94	186	54
100	186	158
102	186	38
103	186	103
104	186	56
105	186	62
106	186	31
107	186	39
108	186	136
109	186	50
110	186	56
111	186	56
112	186	25
115	186	13
116	186	117
117	186	36
119	186	125
120	186	85
122	186	48
126	186	71
127	186	114
132	186	107
133	186	93
134	186	58
136	186	76
147	186	38
159	186	118
165	186	96
178	186	30
180	186	24
196	186	43
197	186	48
202	186	31
203	186	169
204	186	36
215	186	66
218	186	73
244	186	9
245	186	23
10	185	57
75	185	37
83	185	61
93	185	15
101	185	134
102	185	29
103	185	160
105	185	137
106	185	61
107	185	36
109	185	44
110	185	52
111	185	30
113	185	97
119	185	95
120	185	40
121	185	56
123	185	59
125	185	77
128	185	70
145	185	21
146	185	62
148	185	49
154	185	53
159	185	70
162	185	73
164	185	65
197	185	32
199	185	63
201	185	30
203	185	119
217	185	66
91	184	40
94	184	10
95	184	50
96	184	63
97	184	55
99	184	154
100	184	80
103	184	127
107	184	152
112	184	57
113	184	79
116	184	42
117	184	20
118	184	57
119	184	52
121	184	94
122	184	66
123	184	72
124	184	32
126	184	90
144	184	63
146	184	102
147	184	31
149	184	66
150	184	48
151	184	80
152	184	8
153	184	17
178	184	75
188	184	48
198	184	67
200	184	12
201	184	15
205	184	52
217	184	59
230	184	59
71	183	47
90	183	22
91	183	31
93	183	76
94	183	40
98	183	43
103	183	17
104	183	64
105	183	63
106	183	130
107	183	61
109	183	96
111	183	21
112	183	70
114	183	26
115	183	52
126	183	66
129	183	51
130	183	68
132	183	40
133	183	35
139	183	29
149	183	21
159	183	32
162	183	52
191	183	45
195	183	15
199	183	42
222	183	25
224	183	87
230	183	54
91	182	45
92	182	55
94	182	139
97	182	65
103	182	13
104	182	54
105	182	33
106	182	122
107	182	63
108	182	45
109	182	175
111	182	64
112	182	24
113	182	127
114	182	51
115	182	94
116	182	83
121	182	18
127	182	81
128	182	129
129	182	19
132	182	48
136	182	14
138	182	18
141	182	55
144	182	52
146	182	33
149	182	38
161	182	50
162	182	55
164	182	35
168	182	29
181	182	28
183	182	27
185	182	26
194	182	56
196	182	91
200	182	64
241	182	30
81	181	52
98	181	43
100	181	123
101	181	89
103	181	71
104	181	29
107	181	90
108	181	97
109	181	156
110	181	56
112	181	100
113	181	81
116	181	38
117	181	39
119	181	110
120	181	49
131	181	63
134	181	73
142	181	51
166	181	42
185	181	57
190	181	56
193	181	91
216	181	43
218	181	73
226	181	53
68	180	53
93	180	63
96	180	92
97	180	88
99	180	50
101	180	67
103	180	71
104	180	113
105	180	72
109	180	117
110	180	52
113	180	103
122	180	63
123	180	63
129	180	36
131	180	39
140	180	77
141	180	40
143	180	89
144	180	59
145	180	37
153	180	55
158	180	14
189	180	40
201	180	39
215	180	84
218	180	63
219	180	73
226	180	40
228	180	27
237	180	30
61	179	47
77	179	42
82	179	72
95	179	93
96	179	36
102	179	87
103	179	117
104	179	49
107	179	66
108	179	65
109	179	189
110	179	15
111	179	74
112	179	40
113	179	65
114	179	47
115	179	68
116	179	119
117	179	114
123	179	64
126	179	98
130	179	77
138	179	44
139	179	43
150	179	71
154	179	153
156	179	39
160	179	48
172	179	43
174	179	67
186	179	54
213	179	50
219	179	79
49	178	61
85	178	57
88	178	65
92	178	37
95	178	39
99	178	146
109	178	109
112	178	106
114	178	98
115	178	87
117	178	147
119	178	49
126	178	51
136	178	36
137	178	64
143	178	99
158	178	31
160	178	56
163	178	25
174	178	68
175	178	63
181	178	57
190	178	83
82	177	50
94	177	14
95	177	67
102	177	144
106	177	100
108	177	50
111	177	189
114	177	79
117	177	97
121	177	22
124	177	18
132	177	60
133	177	27
135	177	60
139	177	72
145	177	81
147	177	94
151	177	63
172	177	45
175	177	37
177	177	44
181	177	17
80	176	44
84	176	54
94	176	94
97	176	41
98	176	70
99	176	26
101	176	41
102	176	62
104	176	59
107	176	22
108	176	57
109	176	124
110	176	45
114	176	64
117	176	79
122	176	76
123	176	67
129	176	24
154	176	102
161	176	19
162	176	68
163	176	14
174	176	68
193	176	42
235	176	45
88	175	56
98	175	65
99	175	51
102	175	24
104	175	96
105	175	36
106	175	62
107	175	151
108	175	20
115	175	19
117	175	52
118	175	22
119	175	63
123	175	20
129	175	70
139	175	46
140	175	104
152	175	39
155	175	32
156	175	50
166	175	49
171	175	59
172	175	60
185	175	52
191	175	5
192	175	95
199	175	41
201	175	20
202	175	28
223	175	45
79	174	34
100	174	23
101	174	130
102	174	75
104	174	92
106	174	112
107	174	52
108	174	93
109	174	34
110	174	95
114	174	50
115	174	120
116	174	35
120	174	76
123	174	80
127	174	111
133	174	103
152	174	36
157	174	59
158	174	39
178	174	48
215	174	95
222	174	46
90	173	67
105	173	73
107	173	78
109	173	19
110	173	74
112	173	48
116	173	84
117	173	30
124	173	73
138	173	29
139	173	79
140	173	56
145	173	50
152	173	48
164	173	37
183	173	119
194	173	60
199	173	79
203	173	95
236	173	95
# chipNumber: 4
# chipName:   G 10 W69
# numHits:    0
# chipNumber: 5
# chipName:   D 9 W69
# numHits:    0
# chipNumber: 6
# chipName:   L 8 W69
# numHits:    2
166	233	11810
234	203	11810
