## [General]
## runNumber:        241
## runTime:       	 7200
## runTimeFrames: 	 0
## pathName:         data/runs/Run_241_181022-16-16
## dateTime:         2018-10-22.17:07:50
## numChips:         7
## shutterTime:      30
## shutterMode:      verylong
## runMode:          0
## fastClock:        0
## externalTrigger:  0
## [Event]
## eventNumber:      4064
## useHvFadc:    	 1
## fadcReadout:    	 1
## szint1ClockInt:	 0
## szint2ClockInt:	 0
## fadcTriggerClock: 0
# chipNumber: 0
# chipName:   E 6 W69
# numHits:    0
# chipNumber: 1
# chipName:   K 6 W69
# numHits:    0
# chipNumber: 2
# chipName:   H 9 W69
# numHits:    218
220	245	72
223	244	37
232	240	32
212	238	75
240	237	90
231	233	37
200	232	46
235	232	56
237	232	47
213	231	38
223	231	94
236	231	55
234	230	35
198	229	68
221	229	101
229	229	64
225	228	91
211	227	45
236	227	25
229	226	79
232	226	33
224	225	39
224	224	69
230	221	18
221	220	21
226	220	66
212	219	57
225	219	62
231	219	64
235	219	77
213	218	33
226	218	42
235	218	46
236	218	52
237	216	34
238	216	32
203	214	11
204	214	68
209	214	59
213	214	45
201	213	17
222	213	42
204	212	50
221	212	33
231	212	65
226	211	7
234	211	45
215	210	68
225	210	51
226	210	27
216	209	97
226	207	24
204	206	47
220	206	54
231	206	116
218	205	70
220	205	65
224	204	22
231	201	33
236	201	50
224	198	70
235	198	26
212	196	37
245	196	38
218	195	70
212	188	36
222	182	57
228	103	59
245	103	52
241	102	87
229	97	44
240	87	38
246	84	82
227	81	37
229	81	43
229	80	49
246	79	28
228	78	65
193	77	46
192	74	31
237	69	37
221	68	48
202	66	86
212	66	79
195	65	75
203	65	19
213	65	43
237	65	76
194	64	57
199	63	46
184	62	12
210	62	86
190	59	80
170	58	3
193	58	76
202	58	75
218	58	23
181	57	45
207	57	63
213	57	42
172	56	65
198	56	59
200	56	38
181	55	54
182	55	15
199	55	95
200	55	22
204	55	40
182	54	40
198	54	42
199	54	52
205	54	39
204	53	38
169	52	49
184	52	13
185	51	51
192	51	15
211	51	59
179	50	64
192	50	37
196	49	71
194	48	39
205	48	72
193	47	135
195	47	48
208	46	82
209	46	4
212	46	57
199	45	85
200	45	26
212	45	36
214	45	75
182	44	62
188	44	34
189	44	76
198	44	27
205	44	32
208	44	67
211	44	26
214	44	52
189	43	38
194	43	21
199	43	78
203	43	120
204	43	62
217	43	70
182	42	72
187	42	78
195	42	27
196	42	69
200	42	37
211	42	95
214	42	26
243	42	54
170	41	85
195	41	18
198	41	25
200	41	79
202	41	59
205	41	13
210	41	63
172	40	8
197	40	37
198	40	24
203	40	64
204	40	76
191	39	29
192	39	71
194	39	30
198	39	57
203	39	68
212	39	53
246	39	102
184	38	43
190	38	80
191	38	28
200	38	82
201	38	69
207	38	108
210	38	12
199	37	81
184	36	69
206	36	108
223	36	48
185	35	30
210	35	46
215	35	65
200	34	63
204	34	54
210	34	29
217	34	54
197	33	21
218	33	41
185	32	39
197	32	85
208	32	54
218	32	65
241	32	60
196	31	28
198	31	38
219	31	56
190	29	16
195	29	67
210	29	46
212	29	97
190	28	31
203	27	34
214	27	47
224	27	50
186	26	42
204	25	30
175	24	22
180	24	50
184	23	40
207	23	70
198	19	74
188	16	50
184	8	34
# chipNumber: 3
# chipName:   H 10 W69
# numHits:    19729
220	196	49
226	196	56
228	196	37
230	196	90
234	196	44
243	196	67
8	195	10
15	195	65
16	195	102
17	195	82
18	195	93
19	195	26
24	195	68
26	195	38
28	195	33
30	195	57
38	195	30
43	195	55
44	195	160
46	195	96
49	195	22
51	195	31
52	195	57
54	195	40
55	195	42
65	195	100
66	195	48
69	195	79
70	195	54
71	195	116
72	195	41
75	195	22
76	195	34
82	195	67
83	195	29
85	195	64
88	195	76
89	195	32
91	195	15
92	195	68
93	195	79
94	195	38
96	195	104
99	195	56
101	195	86
102	195	33
103	195	82
105	195	32
109	195	100
110	195	180
111	195	213
112	195	22
113	195	43
114	195	49
120	195	16
122	195	123
123	195	62
128	195	55
129	195	64
130	195	81
131	195	36
132	195	61
135	195	73
136	195	54
137	195	37
138	195	25
139	195	28
146	195	68
148	195	79
153	195	38
155	195	58
161	195	49
163	195	16
164	195	76
171	195	42
179	195	46
180	195	175
184	195	55
186	195	44
188	195	52
190	195	88
194	195	51
198	195	52
202	195	36
209	195	55
212	195	98
214	195	89
216	195	28
227	195	83
228	195	58
232	195	115
236	195	100
240	195	58
242	195	70
244	195	55
11	194	44
13	194	60
15	194	41
16	194	67
18	194	95
19	194	94
20	194	73
22	194	187
23	194	46
26	194	29
27	194	68
28	194	25
30	194	123
33	194	62
37	194	70
46	194	121
50	194	49
55	194	62
56	194	67
59	194	49
60	194	68
61	194	184
62	194	77
69	194	22
70	194	45
75	194	142
89	194	81
92	194	16
93	194	96
95	194	29
98	194	41
99	194	53
100	194	63
102	194	67
103	194	72
104	194	31
108	194	18
109	194	36
110	194	50
111	194	75
112	194	45
113	194	41
115	194	31
117	194	21
118	194	27
119	194	140
121	194	70
124	194	76
127	194	64
130	194	31
131	194	50
135	194	103
138	194	86
139	194	35
146	194	29
148	194	39
150	194	58
151	194	74
155	194	62
161	194	135
162	194	83
163	194	34
171	194	64
174	194	84
179	194	55
182	194	76
183	194	30
184	194	48
185	194	26
186	194	73
188	194	84
189	194	51
190	194	65
198	194	93
205	194	66
208	194	64
209	194	63
210	194	25
211	194	52
212	194	70
215	194	46
217	194	127
225	194	116
227	194	73
228	194	47
232	194	17
233	194	208
234	194	21
8	193	10
14	193	98
15	193	29
16	193	32
18	193	133
25	193	104
28	193	62
32	193	49
37	193	126
38	193	28
39	193	59
42	193	22
43	193	81
49	193	87
55	193	64
60	193	84
62	193	14
63	193	64
64	193	9
65	193	40
66	193	83
68	193	79
73	193	27
74	193	81
75	193	42
78	193	38
84	193	60
85	193	29
90	193	113
92	193	75
93	193	37
94	193	65
95	193	159
98	193	161
100	193	83
101	193	63
102	193	125
106	193	159
108	193	77
110	193	16
112	193	49
113	193	36
114	193	89
116	193	64
118	193	67
119	193	13
120	193	93
121	193	94
129	193	72
131	193	87
132	193	125
134	193	41
143	193	40
145	193	49
149	193	66
150	193	78
156	193	54
167	193	49
170	193	35
171	193	62
172	193	81
173	193	31
176	193	61
178	193	22
185	193	38
188	193	53
194	193	48
198	193	141
199	193	43
203	193	62
206	193	16
209	193	37
210	193	82
212	193	72
213	193	138
215	193	28
216	193	147
218	193	17
219	193	178
220	193	18
225	193	75
230	193	24
232	193	61
235	193	34
236	193	39
243	193	32
244	193	52
245	193	57
8	192	71
9	192	113
10	192	62
11	192	26
12	192	82
13	192	117
14	192	88
15	192	70
17	192	33
20	192	116
21	192	60
23	192	33
24	192	75
25	192	56
27	192	66
28	192	13
29	192	86
30	192	42
35	192	24
38	192	56
39	192	84
40	192	94
41	192	66
44	192	69
47	192	53
48	192	83
49	192	40
50	192	58
52	192	20
58	192	17
62	192	51
66	192	47
67	192	98
73	192	84
77	192	37
88	192	79
89	192	54
90	192	60
91	192	34
92	192	14
93	192	76
94	192	34
95	192	193
97	192	34
98	192	48
99	192	25
100	192	70
104	192	105
106	192	59
110	192	130
112	192	73
114	192	31
115	192	130
116	192	170
119	192	33
120	192	54
123	192	62
127	192	34
129	192	51
131	192	40
132	192	62
133	192	46
136	192	93
142	192	23
146	192	163
147	192	51
148	192	57
156	192	63
168	192	42
171	192	27
172	192	96
181	192	46
184	192	62
185	192	100
195	192	54
198	192	35
202	192	45
204	192	62
209	192	100
212	192	68
216	192	27
218	192	99
221	192	56
222	192	16
223	192	23
225	192	90
226	192	59
228	192	119
229	192	170
233	192	41
236	192	59
237	192	21
242	192	59
12	191	18
14	191	65
16	191	22
18	191	28
21	191	59
22	191	70
24	191	139
29	191	36
30	191	13
38	191	73
45	191	43
46	191	65
47	191	125
49	191	101
51	191	45
53	191	48
54	191	70
55	191	30
57	191	29
62	191	62
63	191	69
71	191	39
74	191	48
75	191	74
78	191	52
79	191	70
80	191	76
82	191	112
84	191	88
85	191	98
86	191	15
91	191	4
93	191	83
95	191	81
96	191	93
98	191	58
101	191	29
102	191	74
103	191	90
104	191	80
105	191	94
107	191	48
108	191	68
109	191	66
111	191	63
112	191	54
113	191	55
114	191	74
117	191	46
118	191	108
119	191	67
122	191	49
124	191	57
125	191	38
127	191	30
128	191	183
131	191	34
132	191	50
137	191	107
144	191	15
145	191	48
155	191	45
156	191	213
157	191	60
158	191	52
160	191	13
161	191	47
163	191	84
165	191	67
168	191	71
171	191	62
172	191	47
175	191	30
176	191	40
182	191	34
184	191	45
186	191	106
187	191	19
188	191	65
190	191	26
191	191	46
192	191	46
194	191	70
196	191	42
198	191	84
199	191	36
201	191	70
202	191	41
206	191	53
207	191	99
209	191	26
210	191	18
212	191	67
213	191	173
215	191	71
217	191	228
218	191	87
223	191	174
224	191	25
227	191	30
229	191	44
235	191	11
236	191	200
242	191	63
10	190	34
11	190	13
13	190	54
14	190	43
18	190	56
22	190	50
24	190	48
25	190	68
26	190	14
28	190	114
32	190	32
33	190	126
36	190	58
38	190	1
39	190	82
42	190	59
44	190	17
49	190	35
51	190	86
53	190	50
56	190	35
62	190	140
63	190	47
65	190	27
75	190	117
78	190	45
82	190	38
92	190	55
93	190	31
94	190	89
95	190	61
96	190	131
99	190	82
101	190	105
103	190	8
104	190	102
105	190	63
106	190	50
108	190	55
110	190	159
116	190	63
117	190	103
118	190	46
119	190	50
120	190	42
122	190	85
123	190	80
129	190	71
130	190	37
131	190	122
133	190	57
139	190	51
143	190	72
152	190	86
155	190	8
156	190	18
157	190	74
159	190	68
164	190	62
170	190	213
171	190	54
176	190	51
178	190	130
180	190	26
185	190	112
191	190	49
194	190	23
195	190	58
196	190	42
199	190	78
200	190	58
208	190	144
209	190	30
210	190	84
211	190	73
212	190	86
213	190	82
215	190	22
216	190	86
217	190	43
220	190	86
221	190	60
222	190	32
223	190	40
226	190	124
227	190	49
229	190	122
231	190	54
233	190	67
234	190	25
239	190	138
244	190	86
13	189	20
18	189	42
24	189	55
29	189	71
30	189	54
32	189	44
37	189	59
39	189	30
41	189	57
43	189	48
46	189	65
47	189	52
49	189	34
52	189	70
58	189	60
59	189	32
64	189	66
70	189	82
76	189	46
80	189	72
81	189	40
83	189	71
84	189	46
85	189	44
87	189	72
88	189	53
90	189	39
92	189	175
93	189	57
94	189	49
95	189	24
96	189	65
97	189	97
98	189	63
99	189	123
100	189	49
103	189	148
105	189	84
106	189	52
107	189	91
108	189	80
109	189	177
112	189	122
114	189	118
115	189	57
117	189	135
122	189	90
123	189	70
125	189	34
126	189	28
127	189	87
128	189	95
132	189	104
133	189	35
138	189	148
147	189	17
149	189	33
152	189	58
155	189	26
161	189	62
165	189	55
167	189	74
172	189	51
177	189	38
178	189	20
179	189	37
181	189	49
184	189	182
187	189	124
189	189	83
191	189	13
192	189	50
194	189	58
195	189	50
198	189	76
201	189	79
204	189	174
206	189	71
207	189	127
208	189	17
209	189	47
210	189	102
212	189	73
213	189	21
214	189	115
218	189	72
219	189	64
220	189	75
226	189	62
227	189	34
228	189	74
229	189	167
230	189	58
239	189	59
243	189	60
11	188	44
13	188	16
14	188	71
15	188	84
16	188	25
17	188	57
19	188	87
20	188	45
22	188	82
23	188	51
27	188	119
32	188	135
34	188	60
37	188	91
44	188	89
45	188	126
46	188	164
47	188	76
49	188	69
51	188	38
52	188	23
56	188	40
57	188	161
65	188	28
68	188	73
70	188	58
71	188	40
72	188	76
74	188	35
82	188	73
83	188	165
89	188	28
92	188	140
93	188	142
94	188	224
95	188	81
96	188	110
97	188	58
98	188	85
99	188	12
101	188	7
102	188	49
105	188	88
106	188	113
107	188	172
108	188	157
109	188	127
113	188	12
115	188	41
117	188	48
119	188	41
121	188	46
122	188	94
123	188	125
125	188	57
127	188	31
129	188	37
130	188	107
132	188	102
136	188	63
142	188	106
153	188	132
156	188	86
170	188	26
173	188	65
177	188	43
178	188	54
183	188	106
184	188	61
185	188	96
189	188	48
192	188	83
195	188	86
198	188	96
199	188	25
200	188	52
201	188	44
211	188	141
212	188	55
215	188	80
216	188	69
218	188	155
219	188	114
220	188	37
221	188	36
224	188	89
227	188	57
228	188	79
229	188	25
233	188	62
234	188	78
235	188	90
238	188	51
240	188	77
10	187	19
13	187	87
74	245	88
98	245	63
124	245	38
125	245	20
127	245	24
60	244	74
75	244	63
79	244	31
83	244	48
118	244	67
122	244	75
126	244	101
127	244	39
128	244	52
129	244	18
137	244	37
177	244	25
204	244	74
58	243	57
63	243	77
69	243	32
79	243	58
105	243	32
107	243	67
120	243	52
122	243	81
125	243	23
126	243	46
130	243	44
132	243	50
134	243	68
136	243	33
138	243	60
175	243	69
186	243	61
57	242	14
60	242	23
78	242	49
83	242	79
104	242	65
119	242	56
121	242	295
122	242	65
123	242	139
125	242	79
129	242	43
156	242	45
158	242	88
172	242	61
184	242	103
187	242	82
193	242	63
198	242	17
202	242	66
28	241	77
67	241	26
83	241	52
88	241	49
93	241	37
94	241	55
99	241	47
100	241	30
105	241	69
107	241	25
110	241	90
117	241	65
118	241	94
119	241	60
121	241	127
122	241	92
123	241	77
124	241	30
125	241	57
126	241	36
128	241	56
131	241	14
134	241	78
135	241	37
145	241	41
148	241	56
152	241	56
159	241	114
160	241	14
169	241	48
173	241	5
177	241	46
179	241	82
186	241	39
188	241	54
191	241	15
212	241	55
36	240	20
58	240	31
59	240	47
60	240	53
61	240	75
78	240	62
80	240	70
81	240	60
82	240	92
87	240	58
88	240	82
94	240	61
96	240	60
97	240	146
98	240	62
102	240	15
106	240	24
109	240	46
115	240	75
117	240	45
118	240	87
119	240	214
121	240	76
122	240	119
124	240	85
126	240	59
128	240	30
131	240	83
132	240	23
137	240	29
138	240	39
139	240	32
143	240	9
145	240	42
157	240	100
159	240	47
161	240	67
165	240	30
173	240	68
178	240	188
185	240	58
186	240	52
187	240	68
195	240	77
204	240	68
29	239	48
48	239	52
50	239	50
58	239	22
70	239	36
73	239	99
77	239	45
78	239	45
81	239	29
83	239	64
89	239	45
96	239	27
97	239	71
98	239	60
99	239	52
113	239	77
116	239	75
118	239	82
119	239	51
121	239	37
122	239	76
123	239	70
124	239	90
125	239	95
128	239	73
129	239	75
130	239	51
133	239	92
134	239	76
143	239	105
146	239	45
148	239	52
158	239	114
166	239	26
171	239	38
176	239	32
179	239	49
183	239	99
195	239	58
219	239	42
38	238	49
42	238	73
43	238	107
49	238	29
62	238	29
72	238	19
75	238	25
77	238	75
78	238	51
91	238	49
98	238	26
99	238	57
101	238	104
114	238	118
115	238	76
116	238	52
118	238	51
121	238	102
122	238	72
123	238	103
124	238	61
125	238	79
126	238	55
127	238	56
129	238	29
130	238	26
133	238	53
134	238	97
135	238	57
140	238	101
143	238	33
150	238	55
151	238	49
162	238	28
166	238	35
168	238	42
171	238	67
172	238	62
182	238	72
183	238	95
193	238	48
195	238	75
197	238	58
27	237	12
31	237	8
37	237	46
39	237	34
47	237	14
48	237	82
49	237	47
54	237	7
57	237	79
73	237	22
76	237	45
77	237	61
78	237	51
86	237	65
96	237	115
98	237	21
104	237	29
109	237	73
111	237	26
112	237	100
115	237	16
117	237	7
118	237	100
119	237	72
120	237	116
121	237	44
122	237	95
123	237	23
124	237	157
125	237	131
127	237	52
128	237	152
129	237	111
131	237	30
134	237	101
138	237	57
139	237	77
143	237	66
148	237	55
150	237	18
152	237	21
154	237	105
159	237	55
163	237	15
167	237	27
169	237	92
174	237	73
179	237	67
184	237	38
185	237	32
190	237	73
196	237	90
216	237	52
30	236	122
31	236	61
34	236	50
39	236	31
40	236	161
41	236	47
42	236	49
55	236	33
57	236	62
58	236	41
59	236	58
68	236	57
76	236	20
83	236	66
90	236	90
91	236	48
93	236	38
94	236	25
95	236	72
96	236	50
97	236	59
104	236	45
105	236	62
112	236	102
113	236	55
114	236	53
115	236	32
118	236	101
122	236	96
123	236	47
124	236	25
125	236	151
126	236	34
127	236	83
128	236	38
129	236	123
132	236	113
136	236	122
138	236	67
142	236	68
143	236	49
149	236	33
152	236	11
160	236	56
161	236	36
163	236	89
164	236	107
169	236	101
174	236	135
178	236	79
179	236	55
180	236	166
181	236	58
182	236	37
188	236	110
190	236	41
199	236	117
204	236	54
206	236	50
224	236	47
33	235	33
38	235	52
40	235	49
43	235	85
51	235	32
53	235	56
67	235	24
79	235	52
81	235	45
82	235	52
89	235	56
94	235	70
95	235	41
97	235	29
99	235	94
100	235	37
104	235	24
109	235	49
113	235	109
114	235	125
115	235	131
116	235	106
117	235	102
118	235	35
120	235	129
121	235	69
122	235	65
124	235	82
128	235	95
129	235	137
130	235	100
132	235	37
133	235	88
134	235	33
136	235	56
139	235	65
148	235	97
149	235	46
153	235	30
158	235	34
160	235	42
161	235	23
164	235	17
166	235	134
167	235	107
172	235	110
173	235	96
175	235	86
176	235	30
177	235	115
179	235	90
181	235	72
182	235	30
187	235	18
188	235	22
190	235	75
195	235	73
203	235	31
210	235	51
218	235	76
235	235	55
19	234	15
29	234	32
32	234	42
33	234	71
35	234	95
47	234	42
48	234	34
49	234	71
56	234	128
71	234	92
75	234	22
78	234	47
85	234	74
94	234	49
96	234	29
97	234	102
98	234	122
100	234	63
101	234	121
102	234	80
103	234	65
108	234	11
111	234	56
114	234	98
115	234	92
116	234	36
118	234	32
119	234	38
120	234	107
121	234	22
123	234	96
124	234	126
125	234	138
126	234	57
127	234	84
128	234	216
129	234	60
132	234	75
134	234	21
135	234	47
137	234	43
142	234	34
148	234	25
149	234	77
152	234	35
153	234	16
154	234	62
155	234	116
162	234	98
163	234	143
164	234	128
167	234	63
169	234	21
170	234	92
172	234	43
173	234	42
176	234	87
181	234	93
182	234	102
186	234	48
193	234	75
205	234	57
209	234	86
218	234	18
231	234	87
233	234	29
236	234	59
239	234	54
240	234	28
19	233	47
20	233	79
22	233	51
33	233	47
45	233	25
54	233	19
55	233	21
59	233	77
60	233	55
61	233	61
62	233	51
64	233	25
65	233	54
69	233	68
74	233	37
81	233	98
86	233	130
88	233	49
91	233	42
94	233	70
96	233	13
103	233	60
105	233	12
107	233	101
108	233	69
110	233	235
113	233	97
114	233	87
116	233	26
117	233	99
119	233	49
120	233	87
122	233	160
123	233	62
124	233	85
125	233	9
126	233	94
127	233	78
128	233	74
129	233	45
131	233	43
134	233	49
135	233	97
136	233	68
140	233	42
142	233	77
144	233	47
145	233	84
148	233	19
151	233	75
152	233	61
153	233	110
155	233	47
156	233	63
157	233	116
158	233	117
162	233	80
163	233	70
169	233	57
170	233	134
173	233	48
175	233	46
176	233	93
185	233	18
187	233	57
192	233	51
209	233	41
231	233	43
15	232	20
27	232	26
28	232	68
41	232	87
63	232	31
66	232	71
73	232	55
76	232	43
79	232	37
81	232	108
82	232	40
83	232	54
97	232	131
98	232	91
99	232	36
100	232	124
101	232	147
103	232	69
105	232	46
107	232	52
108	232	67
111	232	78
112	232	29
113	232	62
114	232	59
117	232	33
118	232	42
121	232	43
122	232	124
124	232	85
125	232	40
126	232	47
127	232	87
128	232	180
129	232	40
132	232	41
133	232	52
134	232	29
136	232	75
137	232	28
143	232	59
145	232	32
146	232	125
149	232	34
150	232	92
152	232	100
155	232	57
156	232	85
157	232	23
159	232	36
160	232	68
163	232	46
166	232	37
167	232	55
171	232	80
172	232	30
175	232	96
176	232	128
179	232	34
181	232	54
185	232	22
190	232	97
193	232	83
200	232	96
204	232	35
226	232	62
239	232	74
241	232	79
18	231	28
38	231	35
40	231	15
41	231	34
45	231	80
48	231	32
51	231	47
53	231	26
55	231	26
57	231	14
64	231	42
68	231	76
74	231	64
81	231	13
88	231	59
90	231	62
91	231	39
94	231	123
96	231	13
97	231	65
98	231	26
101	231	41
102	231	62
105	231	85
106	231	18
109	231	157
111	231	25
112	231	54
113	231	22
118	231	71
120	231	84
123	231	23
125	231	63
126	231	97
129	231	93
130	231	52
135	231	110
136	231	37
137	231	122
143	231	47
144	231	41
146	231	97
148	231	59
149	231	122
153	231	60
154	231	64
156	231	26
160	231	42
162	231	31
167	231	66
170	231	123
171	231	104
173	231	8
176	231	49
181	231	16
182	231	13
184	231	54
185	231	217
187	231	63
189	231	33
197	231	24
199	231	49
203	231	34
221	231	46
230	231	53
238	231	88
240	231	62
241	231	21
21	230	29
26	230	61
36	230	43
39	230	29
40	230	50
44	230	28
52	230	71
53	230	17
54	230	44
59	230	52
64	230	26
66	230	30
69	230	53
74	230	55
75	230	60
77	230	106
82	230	19
83	230	65
93	230	67
94	230	85
98	230	123
99	230	70
100	230	42
101	230	105
102	230	85
103	230	56
105	230	117
106	230	31
107	230	13
109	230	22
110	230	58
111	230	19
113	230	66
114	230	128
115	230	56
117	230	69
120	230	71
121	230	65
123	230	167
125	230	287
126	230	173
127	230	154
128	230	152
129	230	75
130	230	83
131	230	108
132	230	51
133	230	62
134	230	87
136	230	70
138	230	36
142	230	34
144	230	8
146	230	110
148	230	84
150	230	91
152	230	34
158	230	38
159	230	44
162	230	118
163	230	75
164	230	85
165	230	60
167	230	30
168	230	24
175	230	39
178	230	122
179	230	54
184	230	60
189	230	31
197	230	98
205	230	46
219	230	50
223	230	56
235	230	34
29	229	57
32	229	51
35	229	55
40	229	66
42	229	100
43	229	76
46	229	95
50	229	69
51	229	59
52	229	60
53	229	29
54	229	38
56	229	41
58	229	109
68	229	15
71	229	46
75	229	39
80	229	37
87	229	66
88	229	57
90	229	27
91	229	55
94	229	125
95	229	42
96	229	113
99	229	70
103	229	50
105	229	72
106	229	46
107	229	25
112	229	68
113	229	85
115	229	57
116	229	72
117	229	103
118	229	54
119	229	74
120	229	134
121	229	56
122	229	40
123	229	95
124	229	98
125	229	55
126	229	88
128	229	73
129	229	106
132	229	64
134	229	69
136	229	23
138	229	63
145	229	33
146	229	68
148	229	109
149	229	70
151	229	50
152	229	86
153	229	24
155	229	81
156	229	74
157	229	109
158	229	19
160	229	66
162	229	37
166	229	51
167	229	34
168	229	22
169	229	102
171	229	87
175	229	78
176	229	62
177	229	50
179	229	60
181	229	61
182	229	18
184	229	60
186	229	78
218	229	49
220	229	26
224	229	40
232	229	58
239	229	49
28	228	90
30	228	93
31	228	66
33	228	64
34	228	42
37	228	58
38	228	60
39	228	70
43	228	46
47	228	59
54	228	95
56	228	36
58	228	16
61	228	39
65	228	41
75	228	46
76	228	51
78	228	58
86	228	87
97	228	61
107	228	63
109	228	74
110	228	68
111	228	38
115	228	93
116	228	81
118	228	158
119	228	60
120	228	58
122	228	69
123	228	87
125	228	32
127	228	116
128	228	112
129	228	223
132	228	89
133	228	177
134	228	15
137	228	178
140	228	80
141	228	97
145	228	35
147	228	79
148	228	169
149	228	103
155	228	30
156	228	198
159	228	63
164	228	67
167	228	49
168	228	72
169	228	57
170	228	48
171	228	58
172	228	80
174	228	78
175	228	85
176	228	30
177	228	87
178	228	63
179	228	62
184	228	76
185	228	51
195	228	56
217	228	55
240	228	68
34	227	41
40	227	74
42	227	70
53	227	66
56	227	72
59	227	106
60	227	64
69	227	43
73	227	84
76	227	23
78	227	40
81	227	52
87	227	63
88	227	26
94	227	48
100	227	44
101	227	55
102	227	48
104	227	33
106	227	11
108	227	46
110	227	27
115	227	40
119	227	47
122	227	72
123	227	119
124	227	50
125	227	10
126	227	82
127	227	114
128	227	97
129	227	95
130	227	84
131	227	21
132	227	38
133	227	150
134	227	76
138	227	59
139	227	56
140	227	63
147	227	76
149	227	22
150	227	27
151	227	101
152	227	109
154	227	56
155	227	40
158	227	82
159	227	101
160	227	53
164	227	104
165	227	12
167	227	47
168	227	28
170	227	58
174	227	81
175	227	106
176	227	28
177	227	31
180	227	98
182	227	148
187	227	23
189	227	86
194	227	83
196	227	22
210	227	42
240	227	49
24	226	55
29	226	46
35	226	44
37	226	40
38	226	76
40	226	40
47	226	57
50	226	75
55	226	52
59	226	73
65	226	54
66	226	116
68	226	51
69	226	73
81	226	37
84	226	45
85	226	69
86	226	11
89	226	68
90	226	56
98	226	104
99	226	54
100	226	22
107	226	88
108	226	68
111	226	21
116	226	34
117	226	170
120	226	54
125	226	13
126	226	153
128	226	20
130	226	62
132	226	70
135	226	24
138	226	95
140	226	70
142	226	55
144	226	44
150	226	70
152	226	39
156	226	104
159	226	32
160	226	65
162	226	80
164	226	33
166	226	74
168	226	40
171	226	58
173	226	154
174	226	64
176	226	54
177	226	76
179	226	145
180	226	31
183	226	29
187	226	123
192	226	39
194	226	60
206	226	76
221	226	42
235	226	35
23	225	24
30	225	15
31	225	43
40	225	96
41	225	32
46	225	37
47	225	26
48	225	24
55	225	34
56	225	82
60	225	68
62	225	107
64	225	38
66	225	103
72	225	63
88	225	44
89	225	49
91	225	31
93	225	50
100	225	128
101	225	58
103	225	61
105	225	189
106	225	127
107	225	44
108	225	26
109	225	142
111	225	22
112	225	21
114	225	61
115	225	51
123	225	62
124	225	51
125	225	57
126	225	135
129	225	141
130	225	36
132	225	38
135	225	55
139	225	45
140	225	61
147	225	52
149	225	27
150	225	54
152	225	85
153	225	46
154	225	38
158	225	35
160	225	79
162	225	184
164	225	55
166	225	56
168	225	29
171	225	14
172	225	153
173	225	154
174	225	26
175	225	65
176	225	54
177	225	78
178	225	134
179	225	22
180	225	84
181	225	109
184	225	95
185	225	59
186	225	120
187	225	69
189	225	58
191	225	67
196	225	45
199	225	48
200	225	40
201	225	34
205	225	61
206	225	46
211	225	52
213	225	38
219	225	46
241	225	112
8	224	88
30	224	17
50	224	56
54	224	53
58	224	19
62	224	157
66	224	51
68	224	64
69	224	60
71	224	82
77	224	67
79	224	61
84	224	66
88	224	186
90	224	52
92	224	34
95	224	77
101	224	44
105	224	52
106	224	113
111	224	63
113	224	110
114	224	16
115	224	106
118	224	47
119	224	49
121	224	66
122	224	40
124	224	15
128	224	68
131	224	60
138	224	64
141	224	74
142	224	71
143	224	43
149	224	87
152	224	47
154	224	37
156	224	59
158	224	1
160	224	75
161	224	81
163	224	31
165	224	53
166	224	60
167	224	144
168	224	29
169	224	102
173	224	47
174	224	137
180	224	58
184	224	50
185	224	39
187	224	69
188	224	66
195	224	92
196	224	58
199	224	30
202	224	72
203	224	74
215	224	41
220	224	59
234	224	32
237	224	57
240	224	26
241	224	85
8	223	34
19	223	36
20	223	81
21	223	51
27	223	44
34	223	59
35	223	28
46	223	106
50	223	34
55	223	28
58	223	62
59	223	75
62	223	60
63	223	12
65	223	54
66	223	40
69	223	38
71	223	68
75	223	57
76	223	31
78	223	38
80	223	71
81	223	93
82	223	23
83	223	78
94	223	73
96	223	23
97	223	33
99	223	27
102	223	73
110	223	93
112	223	11
113	223	29
116	223	51
118	223	30
120	223	120
122	223	110
128	223	36
131	223	36
132	223	88
135	223	35
142	223	100
143	223	29
146	223	49
149	223	46
151	223	62
153	223	164
156	223	33
158	223	41
159	223	67
164	223	10
168	223	63
170	223	56
171	223	80
172	223	45
173	223	41
175	223	93
177	223	129
178	223	53
180	223	67
183	223	102
187	223	46
190	223	153
191	223	44
192	223	116
193	223	36
194	223	17
196	223	19
198	223	54
199	223	82
203	223	86
209	223	71
211	223	43
215	223	74
220	223	124
242	223	22
243	223	55
25	222	41
26	222	87
29	222	30
38	222	27
39	222	57
41	222	82
44	222	116
45	222	30
46	222	50
47	222	47
48	222	66
50	222	100
51	222	13
56	222	44
62	222	51
65	222	68
69	222	86
74	222	15
79	222	49
82	222	57
86	222	26
87	222	72
93	222	134
97	222	43
98	222	22
103	222	27
112	222	47
113	222	70
114	222	30
115	222	62
119	222	45
125	222	34
127	222	49
132	222	77
135	222	45
136	222	46
137	222	34
140	222	23
141	222	108
142	222	48
145	222	45
146	222	133
147	222	46
148	222	25
151	222	71
152	222	36
153	222	76
154	222	10
155	222	60
156	222	62
158	222	57
164	222	75
166	222	67
167	222	26
168	222	52
169	222	53
170	222	92
171	222	176
172	222	163
173	222	65
174	222	19
175	222	110
176	222	74
178	222	62
180	222	65
182	222	23
183	222	142
185	222	51
186	222	39
188	222	87
190	222	35
192	222	22
194	222	38
198	222	37
199	222	107
216	222	89
227	222	52
232	222	58
235	222	37
18	221	63
21	221	41
23	221	75
26	221	38
27	221	30
28	221	73
30	221	80
39	221	54
40	221	92
41	221	41
46	221	65
47	221	61
50	221	80
51	221	64
52	221	49
62	221	55
63	221	67
68	221	15
79	221	41
89	221	57
92	221	87
93	221	16
99	221	122
102	221	259
105	221	33
107	221	4
112	221	53
120	221	65
121	221	60
122	221	63
125	221	30
127	221	37
128	221	54
129	221	80
132	221	36
134	221	22
139	221	46
142	221	92
143	221	66
145	221	47
152	221	52
153	221	64
154	221	31
158	221	46
162	221	177
163	221	73
165	221	90
168	221	45
169	221	80
170	221	159
171	221	198
172	221	92
173	221	134
175	221	47
176	221	79
180	221	46
181	221	130
182	221	73
183	221	84
184	221	63
188	221	110
189	221	46
190	221	51
191	221	88
193	221	66
198	221	67
202	221	85
204	221	43
224	221	66
226	221	32
244	221	22
9	220	67
20	220	75
25	220	38
26	220	77
28	220	22
29	220	53
31	220	46
36	220	44
37	220	44
43	220	95
49	220	50
52	220	65
53	220	74
54	220	75
55	220	158
65	220	65
67	220	66
79	220	47
85	220	74
91	220	29
93	220	26
95	220	19
99	220	36
101	220	66
104	220	61
105	220	45
106	220	28
107	220	29
108	220	28
110	220	161
111	220	62
115	220	55
118	220	76
120	220	124
121	220	70
128	220	54
129	220	30
130	220	40
131	220	40
132	220	52
135	220	26
140	220	46
141	220	105
149	220	74
152	220	73
154	220	69
160	220	178
162	220	67
163	220	52
164	220	92
165	220	74
171	220	75
173	220	145
174	220	74
175	220	125
176	220	119
179	220	118
182	220	88
183	220	101
184	220	41
187	220	61
188	220	58
191	220	61
195	220	53
197	220	59
213	220	62
226	220	87
26	219	58
28	219	51
30	219	56
36	219	70
37	219	68
47	219	113
51	219	54
52	219	71
56	219	65
60	219	62
73	219	8
79	219	76
80	219	115
84	219	66
85	219	45
88	219	23
89	219	25
94	219	43
101	219	35
102	219	44
103	219	29
104	219	37
106	219	68
107	219	13
108	219	37
109	219	32
112	219	54
116	219	116
119	219	41
120	219	21
127	219	54
130	219	55
131	219	42
140	219	79
143	219	85
146	219	64
152	219	11
153	219	39
154	219	142
157	219	49
159	219	44
160	219	87
161	219	79
163	219	74
167	219	97
169	219	67
171	219	24
172	219	242
173	219	63
176	219	97
177	219	85
178	219	72
180	219	49
181	219	112
183	219	31
186	219	49
187	219	63
197	219	42
198	219	31
199	219	65
205	219	35
208	219	34
18	218	75
24	218	75
25	218	79
28	218	60
36	218	49
37	218	88
39	218	54
43	218	64
44	218	49
46	218	33
48	218	22
50	218	151
51	218	138
53	218	67
58	218	31
60	218	110
61	218	41
65	218	46
71	218	55
88	218	42
95	218	109
102	218	81
103	218	88
104	218	37
105	218	69
107	218	49
112	218	68
113	218	33
114	218	37
117	218	62
120	218	53
121	218	50
126	218	31
127	218	30
128	218	52
129	218	21
131	218	118
138	218	51
139	218	136
142	218	44
144	218	25
149	218	43
150	218	43
151	218	46
152	218	53
156	218	95
158	218	163
159	218	42
160	218	109
162	218	25
163	218	27
165	218	78
166	218	45
167	218	45
169	218	155
170	218	160
172	218	67
173	218	73
175	218	41
179	218	119
180	218	30
181	218	51
182	218	74
183	218	57
186	218	15
194	218	67
195	218	74
196	218	37
201	218	44
202	218	19
204	218	60
205	218	69
206	218	85
211	218	48
216	218	57
219	218	55
225	218	51
233	218	91
23	217	70
26	217	99
29	217	37
36	217	87
37	217	28
38	217	84
39	217	34
40	217	103
41	217	18
42	217	16
47	217	102
48	217	42
49	217	47
51	217	78
53	217	62
66	217	79
67	217	74
68	217	15
69	217	51
70	217	59
72	217	76
79	217	45
82	217	74
83	217	46
84	217	47
88	217	47
95	217	130
102	217	32
104	217	58
112	217	77
116	217	72
117	217	68
120	217	47
123	217	62
125	217	22
126	217	26
128	217	113
131	217	83
132	217	34
139	217	31
144	217	63
146	217	19
147	217	92
150	217	42
151	217	106
152	217	99
153	217	54
154	217	41
155	217	36
157	217	185
158	217	59
159	217	61
160	217	43
161	217	99
162	217	89
166	217	17
167	217	76
168	217	31
169	217	18
170	217	48
171	217	158
173	217	63
174	217	83
176	217	89
178	217	87
179	217	103
181	217	92
183	217	71
186	217	100
189	217	44
190	217	37
198	217	112
199	217	89
219	217	62
228	217	56
236	217	32
10	216	16
11	216	132
20	216	20
22	216	41
28	216	41
30	216	48
33	216	103
41	216	2
44	216	62
46	216	76
57	216	60
59	216	79
61	216	62
63	216	169
68	216	56
70	216	56
71	216	168
74	216	30
77	216	46
81	216	59
82	216	45
85	216	16
87	216	23
91	216	34
92	216	66
97	216	34
98	216	217
99	216	69
102	216	26
106	216	66
107	216	70
108	216	35
110	216	20
111	216	224
115	216	142
117	216	84
120	216	49
121	216	44
122	216	44
123	216	100
125	216	139
128	216	38
131	216	28
134	216	76
135	216	139
140	216	65
141	216	14
142	216	18
144	216	17
148	216	107
150	216	132
151	216	44
152	216	22
153	216	74
154	216	72
155	216	85
156	216	63
159	216	70
160	216	65
161	216	53
164	216	43
166	216	47
167	216	83
168	216	136
170	216	75
171	216	122
172	216	26
173	216	52
174	216	121
175	216	69
176	216	40
180	216	26
181	216	82
183	216	39
190	216	74
194	216	57
203	216	52
208	216	54
215	216	59
227	216	94
228	216	86
229	216	52
233	216	71
10	215	54
27	215	54
29	215	30
31	215	153
36	215	83
42	215	67
51	215	30
55	215	112
60	215	55
65	215	50
70	215	3
71	215	67
78	215	135
79	215	43
81	215	30
82	215	39
83	215	19
85	215	109
95	215	105
96	215	157
103	215	16
106	215	78
107	215	16
111	215	31
112	215	4
113	215	31
117	215	26
132	215	69
133	215	20
136	215	61
138	215	84
140	215	47
142	215	102
146	215	82
147	215	41
148	215	81
152	215	66
154	215	24
155	215	63
156	215	71
157	215	58
159	215	79
160	215	87
162	215	101
163	215	33
164	215	137
165	215	38
167	215	77
168	215	57
169	215	84
171	215	31
172	215	29
173	215	28
174	215	49
177	215	120
179	215	101
185	215	26
187	215	68
188	215	53
195	215	99
198	215	26
208	215	56
213	215	49
216	215	17
221	215	75
226	215	54
227	215	25
228	215	62
241	215	41
13	214	89
22	214	85
23	214	55
30	214	101
36	214	62
38	214	50
40	214	58
41	214	57
43	214	116
49	214	30
50	214	31
52	214	74
54	214	85
55	214	51
57	214	35
58	214	57
72	214	64
73	214	62
76	214	29
79	214	27
82	214	15
84	214	103
86	214	81
87	214	48
97	214	68
100	214	78
103	214	94
104	214	37
105	214	114
109	214	82
111	214	89
114	214	34
115	214	2
116	214	18
118	214	17
119	214	26
121	214	65
125	214	41
126	214	105
130	214	157
131	214	51
132	214	79
139	214	45
142	214	63
145	214	9
149	214	112
151	214	67
155	214	121
156	214	46
158	214	47
163	214	77
165	214	99
166	214	61
167	214	52
168	214	114
169	214	99
170	214	125
172	214	60
178	214	43
179	214	119
181	214	119
182	214	53
183	214	42
184	214	83
185	214	76
186	214	28
197	214	44
198	214	75
199	214	96
208	214	92
209	214	32
211	214	93
214	214	91
218	214	149
222	214	62
223	214	72
227	214	61
231	214	16
236	214	8
15	213	53
17	213	74
20	213	89
23	213	43
24	213	46
31	213	73
35	213	20
46	213	24
48	213	17
49	213	58
52	213	6
57	213	55
61	213	46
74	213	19
78	213	96
86	213	38
87	213	73
90	213	75
92	213	54
96	213	72
98	213	76
99	213	34
100	213	34
105	213	60
108	213	47
109	213	109
112	213	69
113	213	90
114	213	73
115	213	20
116	213	24
118	213	47
119	213	15
123	213	64
125	213	36
128	213	90
129	213	23
131	213	71
132	213	43
137	213	64
138	213	41
140	213	134
143	213	115
148	213	39
149	213	70
150	213	96
153	213	23
156	213	28
158	213	33
161	213	42
164	213	156
165	213	127
166	213	19
167	213	105
168	213	39
169	213	129
170	213	150
171	213	46
174	213	18
175	213	61
176	213	58
178	213	65
179	213	31
182	213	86
184	213	75
185	213	94
187	213	48
189	213	47
193	213	45
200	213	30
201	213	55
204	213	107
218	213	88
224	213	60
229	213	21
235	213	71
244	213	3
14	212	35
17	212	65
21	212	67
31	212	75
32	212	74
33	212	87
37	212	33
40	212	76
41	212	54
43	212	87
46	212	58
48	212	13
49	212	72
50	212	59
56	212	51
66	212	21
77	212	49
85	212	42
88	212	82
89	212	10
94	212	6
97	212	49
98	212	63
100	212	91
102	212	86
107	212	21
110	212	51
111	212	56
113	212	92
114	212	59
115	212	42
116	212	62
120	212	141
133	212	43
136	212	95
137	212	52
138	212	46
150	212	78
152	212	79
158	212	52
161	212	42
164	212	60
166	212	62
169	212	70
170	212	62
171	212	146
172	212	23
173	212	91
174	212	66
175	212	194
176	212	94
177	212	95
180	212	163
181	212	12
182	212	29
186	212	32
187	212	60
192	212	77
197	212	72
198	212	58
199	212	45
201	212	122
202	212	68
207	212	48
213	212	91
214	212	90
215	212	50
216	212	72
218	212	32
219	212	49
222	212	46
229	212	58
14	211	36
21	211	104
26	211	62
29	211	76
31	211	28
38	211	72
40	211	26
41	211	52
42	211	43
45	211	70
47	211	91
49	211	59
50	211	48
57	211	39
58	211	58
62	211	42
75	211	63
76	211	117
81	211	58
85	211	20
89	211	26
91	211	23
93	211	99
96	211	62
97	211	25
99	211	92
102	211	41
103	211	62
110	211	9
112	211	44
116	211	45
118	211	43
119	211	213
128	211	52
129	211	31
136	211	73
143	211	29
144	211	94
148	211	55
151	211	75
158	211	67
162	211	33
164	211	44
168	211	66
170	211	53
171	211	59
173	211	107
174	211	63
175	211	54
176	211	81
178	211	80
179	211	65
180	211	40
181	211	116
182	211	123
183	211	37
184	211	92
188	211	90
190	211	38
193	211	18
194	211	79
195	211	26
199	211	53
200	211	65
208	211	88
211	211	65
213	211	54
222	211	161
228	211	67
229	211	49
230	211	62
231	211	84
11	210	62
18	210	30
20	210	82
22	210	50
23	210	63
25	210	52
29	210	103
30	210	76
34	210	1
43	210	76
46	210	67
47	210	31
50	210	56
52	210	76
64	210	33
65	210	30
67	210	20
68	210	57
72	210	43
73	210	106
74	210	31
76	210	146
77	210	69
78	210	121
81	210	34
82	210	37
84	210	57
87	210	111
88	210	51
90	210	89
97	210	90
106	210	107
110	210	20
111	210	26
116	210	98
122	210	52
126	210	78
127	210	91
128	210	87
130	210	76
132	210	50
133	210	40
138	210	155
140	210	55
150	210	33
155	210	55
158	210	93
159	210	49
160	210	33
163	210	19
167	210	103
169	210	60
171	210	65
174	210	68
175	210	42
176	210	26
177	210	70
178	210	82
181	210	101
182	210	96
183	210	49
184	210	47
188	210	31
189	210	47
197	210	66
211	210	67
216	210	59
219	210	74
222	210	50
230	210	32
231	210	71
18	209	62
21	209	48
25	209	45
26	209	46
27	209	66
28	209	112
32	209	27
37	209	34
42	209	54
43	209	46
47	209	41
50	209	42
52	209	104
53	209	119
56	209	36
62	209	19
63	209	60
68	209	73
71	209	13
72	209	15
73	209	25
74	209	59
75	209	61
76	209	128
82	209	38
92	209	46
93	209	57
97	209	54
98	209	33
99	209	63
102	209	33
103	209	54
104	209	55
106	209	129
107	209	108
108	209	41
114	209	32
116	209	87
117	209	100
118	209	26
123	209	40
127	209	83
128	209	28
134	209	50
137	209	41
138	209	56
139	209	48
141	209	53
142	209	36
144	209	25
145	209	23
154	209	78
155	209	55
156	209	50
158	209	93
160	209	141
162	209	45
163	209	82
164	209	89
166	209	59
171	209	50
172	209	60
177	209	57
179	209	71
181	209	45
183	209	124
191	209	31
194	209	53
204	209	65
206	209	20
207	209	71
211	209	54
221	209	41
222	209	144
223	209	7
230	209	79
235	209	36
236	209	81
238	209	66
240	209	27
241	209	57
22	208	125
25	208	47
27	208	42
28	208	77
33	208	24
36	208	25
42	208	50
52	208	134
54	208	4
55	208	51
63	208	36
76	208	60
80	208	23
81	208	51
82	208	88
91	208	53
97	208	20
98	208	39
99	208	51
104	208	79
105	208	56
106	208	74
107	208	118
111	208	54
115	208	199
116	208	45
117	208	56
118	208	146
121	208	116
124	208	28
125	208	57
127	208	58
129	208	49
137	208	122
140	208	71
141	208	70
144	208	50
145	208	84
147	208	32
149	208	26
151	208	61
155	208	44
156	208	40
163	208	22
164	208	24
165	208	25
167	208	69
170	208	41
171	208	87
172	208	129
173	208	135
177	208	65
179	208	67
180	208	56
187	208	23
192	208	66
197	208	47
199	208	64
204	208	116
207	208	83
208	208	80
209	208	48
212	208	22
215	208	69
221	208	39
231	208	125
238	208	50
243	208	51
9	207	77
18	207	36
22	207	53
26	207	140
31	207	81
32	207	92
33	207	51
34	207	31
39	207	47
43	207	36
45	207	16
49	207	71
54	207	38
55	207	51
57	207	99
58	207	24
61	207	40
69	207	43
71	207	11
81	207	8
82	207	104
83	207	22
84	207	54
86	207	63
93	207	16
95	207	59
97	207	46
103	207	64
104	207	57
105	207	22
110	207	35
111	207	169
112	207	78
114	207	63
115	207	116
117	207	97
118	207	59
121	207	104
122	207	44
123	207	67
124	207	68
126	207	70
127	207	111
130	207	260
134	207	158
136	207	18
138	207	92
146	207	28
149	207	67
154	207	92
156	207	3
159	207	43
163	207	20
167	207	9
170	207	151
173	207	78
174	207	47
176	207	111
177	207	177
178	207	58
180	207	120
181	207	70
182	207	66
184	207	15
186	207	83
189	207	45
190	207	73
198	207	19
217	207	69
218	207	64
219	207	69
222	207	47
223	207	35
226	207	23
231	207	37
240	207	43
10	206	32
13	206	54
18	206	48
19	206	87
20	206	73
29	206	58
30	206	44
32	206	77
34	206	76
35	206	63
46	206	54
48	206	21
54	206	33
55	206	119
59	206	56
61	206	82
65	206	40
69	206	17
72	206	49
79	206	45
80	206	71
81	206	39
82	206	79
89	206	57
92	206	37
94	206	63
99	206	115
101	206	54
103	206	66
105	206	59
106	206	79
112	206	36
113	206	53
114	206	49
115	206	71
117	206	84
118	206	26
119	206	108
120	206	64
121	206	78
122	206	46
124	206	49
125	206	25
126	206	43
127	206	16
129	206	41
131	206	86
133	206	47
134	206	51
136	206	11
137	206	80
138	206	126
139	206	50
142	206	116
144	206	72
145	206	104
146	206	38
147	206	74
153	206	79
157	206	45
158	206	56
160	206	98
162	206	96
165	206	76
168	206	56
170	206	49
174	206	52
177	206	55
180	206	59
181	206	73
182	206	30
186	206	72
190	206	73
191	206	90
193	206	70
198	206	142
201	206	20
205	206	37
215	206	51
217	206	63
218	206	73
221	206	59
226	206	82
229	206	64
231	206	88
233	206	45
17	205	54
18	205	42
20	205	18
22	205	64
25	205	47
30	205	47
33	205	51
40	205	40
41	205	86
43	205	59
44	205	90
53	205	64
60	205	58
64	205	49
69	205	28
72	205	60
74	205	56
77	205	77
78	205	70
81	205	81
85	205	23
86	205	10
89	205	65
93	205	60
101	205	43
103	205	57
106	205	151
107	205	44
109	205	70
110	205	74
111	205	39
112	205	57
113	205	56
115	205	50
116	205	60
119	205	85
121	205	77
122	205	148
126	205	89
135	205	111
136	205	97
137	205	151
139	205	62
145	205	105
151	205	43
155	205	24
162	205	57
167	205	139
171	205	90
174	205	36
175	205	16
176	205	22
177	205	97
179	205	105
180	205	113
182	205	61
183	205	41
184	205	60
185	205	83
186	205	119
193	205	34
196	205	62
200	205	48
201	205	80
203	205	41
208	205	45
211	205	26
212	205	69
214	205	62
220	205	48
221	205	29
222	205	39
227	205	17
236	205	63
12	204	32
14	204	26
15	204	105
19	204	11
20	204	81
23	204	29
24	204	106
25	204	92
30	204	138
37	204	44
43	204	52
46	204	51
47	204	96
48	204	22
52	204	13
54	204	55
56	204	67
57	204	63
59	204	33
61	204	69
66	204	37
68	204	116
69	204	30
72	204	35
75	204	69
80	204	38
86	204	138
92	204	76
93	204	47
95	204	24
96	204	36
97	204	43
99	204	49
100	204	64
103	204	78
104	204	74
106	204	101
108	204	55
109	204	17
110	204	54
112	204	48
113	204	37
114	204	63
115	204	74
116	204	91
117	204	89
119	204	61
120	204	80
121	204	137
123	204	48
124	204	26
129	204	98
130	204	33
133	204	81
134	204	69
136	204	28
138	204	15
143	204	52
144	204	23
147	204	105
148	204	103
149	204	90
150	204	62
156	204	67
158	204	73
159	204	108
162	204	53
163	204	74
165	204	45
166	204	28
170	204	34
173	204	28
175	204	50
179	204	22
180	204	174
184	204	11
186	204	43
187	204	85
191	204	67
194	204	110
197	204	154
201	204	45
204	204	16
210	204	59
213	204	60
225	204	87
226	204	70
227	204	179
228	204	83
229	204	75
235	204	67
236	204	22
237	204	23
239	204	23
246	204	83
247	204	68
15	203	160
16	203	76
19	203	20
20	203	46
21	203	59
25	203	110
26	203	145
29	203	40
33	203	41
34	203	68
37	203	37
39	203	34
43	203	45
45	203	74
46	203	30
53	203	42
54	203	43
55	203	55
61	203	113
63	203	30
65	203	45
71	203	73
73	203	70
74	203	121
77	203	81
81	203	17
89	203	45
91	203	117
92	203	62
97	203	17
99	203	64
103	203	32
105	203	14
107	203	81
109	203	28
112	203	65
113	203	46
115	203	68
116	203	90
117	203	22
120	203	68
121	203	27
126	203	77
127	203	67
128	203	5
134	203	103
140	203	67
141	203	73
143	203	19
147	203	55
148	203	165
150	203	79
152	203	116
155	203	37
156	203	75
157	203	18
159	203	29
160	203	75
165	203	43
170	203	14
172	203	2
174	203	60
177	203	76
183	203	53
184	203	92
185	203	158
191	203	133
193	203	45
195	203	47
197	203	106
215	203	36
216	203	44
220	203	73
221	203	67
223	203	115
225	203	27
226	203	35
229	203	98
234	203	34
237	203	206
238	203	140
239	203	6
240	203	54
243	203	60
247	203	52
11	202	32
15	202	55
16	202	69
18	202	57
20	202	63
29	202	59
30	202	40
32	202	34
35	202	52
36	202	58
38	202	68
41	202	61
43	202	6
44	202	101
50	202	74
58	202	95
61	202	33
64	202	85
65	202	40
69	202	49
72	202	36
81	202	15
83	202	32
86	202	56
89	202	55
90	202	56
92	202	64
95	202	41
98	202	59
100	202	62
102	202	50
104	202	31
106	202	54
107	202	47
108	202	63
109	202	16
112	202	81
113	202	62
114	202	68
115	202	128
117	202	10
118	202	46
120	202	54
121	202	63
122	202	83
127	202	125
128	202	91
131	202	25
138	202	36
140	202	79
144	202	34
145	202	135
151	202	38
152	202	61
153	202	120
155	202	67
156	202	31
157	202	49
158	202	22
161	202	33
163	202	37
167	202	30
168	202	83
170	202	63
171	202	84
172	202	120
173	202	9
178	202	114
179	202	26
181	202	74
191	202	35
194	202	30
197	202	50
198	202	57
199	202	36
204	202	41
207	202	99
210	202	172
211	202	23
216	202	57
218	202	5
220	202	45
222	202	20
223	202	54
224	202	88
226	202	19
229	202	23
234	202	81
237	202	113
238	202	5
246	202	37
9	201	62
11	201	47
14	201	94
15	201	45
16	201	47
30	201	69
31	201	46
33	201	45
38	201	31
40	201	55
51	201	35
53	201	77
60	201	59
64	201	53
67	201	60
68	201	101
77	201	26
78	201	35
82	201	68
84	201	80
85	201	26
86	201	104
91	201	69
93	201	42
94	201	61
95	201	57
97	201	61
98	201	190
99	201	131
100	201	156
102	201	132
106	201	49
107	201	65
108	201	86
109	201	76
110	201	37
112	201	124
113	201	71
114	201	64
115	201	74
116	201	46
117	201	43
118	201	120
119	201	92
120	201	30
121	201	103
122	201	14
123	201	15
133	201	37
136	201	85
147	201	70
149	201	36
150	201	82
151	201	73
153	201	29
154	201	40
155	201	50
156	201	54
160	201	83
171	201	18
181	201	52
190	201	73
191	201	62
192	201	11
195	201	45
198	201	43
203	201	120
205	201	178
206	201	42
207	201	53
208	201	55
210	201	57
218	201	37
219	201	34
223	201	60
227	201	49
234	201	68
235	201	66
236	201	97
237	201	48
238	201	36
240	201	72
243	201	43
13	200	72
14	200	60
19	200	41
20	200	143
21	200	21
29	200	28
32	200	42
38	200	76
49	200	78
54	200	78
56	200	36
59	200	79
66	200	68
67	200	28
69	200	20
70	200	51
74	200	133
81	200	64
86	200	191
90	200	39
91	200	67
92	200	83
97	200	61
99	200	73
101	200	19
109	200	120
110	200	178
112	200	19
113	200	106
114	200	17
116	200	140
117	200	52
120	200	57
121	200	55
122	200	87
123	200	30
125	200	30
128	200	74
132	200	105
133	200	34
136	200	68
138	200	48
145	200	43
150	200	75
152	200	85
153	200	87
154	200	106
155	200	63
156	200	85
158	200	115
163	200	60
166	200	148
167	200	94
168	200	63
169	200	47
171	200	67
181	200	69
186	200	83
188	200	51
190	200	20
193	200	45
194	200	113
199	200	24
201	200	109
206	200	63
208	200	64
219	200	58
227	200	51
233	200	23
241	200	49
244	200	68
15	199	67
17	199	72
18	199	62
22	199	30
23	199	37
24	199	63
25	199	48
29	199	129
34	199	126
35	199	80
37	199	74
47	199	12
59	199	100
61	199	71
62	199	57
72	199	84
74	199	44
75	199	18
79	199	35
81	199	34
84	199	34
89	199	88
90	199	16
93	199	95
94	199	44
95	199	75
96	199	208
97	199	21
98	199	88
99	199	93
103	199	46
110	199	127
111	199	26
112	199	25
114	199	32
115	199	112
119	199	31
124	199	32
126	199	58
127	199	32
128	199	75
129	199	9
131	199	100
132	199	21
136	199	71
138	199	40
141	199	57
143	199	65
146	199	51
147	199	8
148	199	34
149	199	59
150	199	46
151	199	77
152	199	47
153	199	36
155	199	83
161	199	134
168	199	96
171	199	91
172	199	29
173	199	23
175	199	45
180	199	62
181	199	18
188	199	61
194	199	54
199	199	84
200	199	55
201	199	22
203	199	119
204	199	87
213	199	15
214	199	51
217	199	94
222	199	81
225	199	62
227	199	60
228	199	34
233	199	74
239	199	38
9	198	79
10	198	47
20	198	33
21	198	99
26	198	85
27	198	54
30	198	32
31	198	100
35	198	134
36	198	65
40	198	26
43	198	70
49	198	90
58	198	77
60	198	65
61	198	53
62	198	47
69	198	53
74	198	86
75	198	39
83	198	71
85	198	108
86	198	58
87	198	82
88	198	45
90	198	158
91	198	109
92	198	69
93	198	86
96	198	162
98	198	35
100	198	132
105	198	92
107	198	124
108	198	64
109	198	105
110	198	83
112	198	138
114	198	98
115	198	161
116	198	27
117	198	102
118	198	86
119	198	226
122	198	34
124	198	28
125	198	57
127	198	109
129	198	87
130	198	79
131	198	38
132	198	59
134	198	59
135	198	99
137	198	83
138	198	115
140	198	124
141	198	32
147	198	64
148	198	95
149	198	18
152	198	38
155	198	36
159	198	32
166	198	39
167	198	55
171	198	38
172	198	70
180	198	57
181	198	39
186	198	66
191	198	100
195	198	50
196	198	65
200	198	33
211	198	81
227	198	57
230	198	23
234	198	22
235	198	80
238	198	50
8	197	61
13	197	33
14	197	68
15	197	105
17	197	14
20	197	78
21	197	64
24	197	88
25	197	34
28	197	32
29	197	73
31	197	21
33	197	79
34	197	23
35	197	43
36	197	21
37	197	155
38	197	43
41	197	146
42	197	19
43	197	96
44	197	57
50	197	82
51	197	66
52	197	57
55	197	72
64	197	46
67	197	118
68	197	55
71	197	59
73	197	63
79	197	50
80	197	131
85	197	53
86	197	73
88	197	56
90	197	103
91	197	58
94	197	30
97	197	57
98	197	91
100	197	50
102	197	159
104	197	6
105	197	29
107	197	90
108	197	75
109	197	18
110	197	130
111	197	145
112	197	41
113	197	146
114	197	94
117	197	40
118	197	23
119	197	155
120	197	16
121	197	135
122	197	79
123	197	38
127	197	8
128	197	55
131	197	65
132	197	39
133	197	58
137	197	91
141	197	47
146	197	46
158	197	41
162	197	51
163	197	68
164	197	22
174	197	72
176	197	47
181	197	115
182	197	124
184	197	41
186	197	16
187	197	54
197	197	54
200	197	15
205	197	50
210	197	49
212	197	83
215	197	30
216	197	39
222	197	37
223	197	21
225	197	62
226	197	67
227	197	181
228	197	73
233	197	60
234	197	28
9	196	52
10	196	47
13	196	62
20	196	135
21	196	51
25	196	70
30	196	53
31	196	53
34	196	51
37	196	94
39	196	46
41	196	29
45	196	34
46	196	54
49	196	92
52	196	59
56	196	46
57	196	56
59	196	33
64	196	26
65	196	52
66	196	22
72	196	40
75	196	17
77	196	45
80	196	127
81	196	137
82	196	95
84	196	48
88	196	117
89	196	21
90	196	64
92	196	76
93	196	43
94	196	126
95	196	151
96	196	57
98	196	63
101	196	51
103	196	22
105	196	82
106	196	48
107	196	12
108	196	61
109	196	131
110	196	92
111	196	103
112	196	34
115	196	156
116	196	197
117	196	26
118	196	40
119	196	101
123	196	35
124	196	154
127	196	46
134	196	65
138	196	40
141	196	20
149	196	77
151	196	75
154	196	48
155	196	49
156	196	49
158	196	92
159	196	76
161	196	57
172	196	24
176	196	95
186	196	120
187	196	38
196	196	66
198	196	77
205	196	41
206	196	63
208	196	75
209	196	33
210	196	28
212	196	69
214	196	37
215	196	45
216	196	70
# chipNumber: 4
# chipName:   G 10 W69
# numHits:    133
137	237	4
160	176	15
131	175	59
128	171	47
129	171	77
111	168	57
117	167	39
105	166	63
130	166	34
117	165	77
123	165	19
131	165	30
131	164	39
109	163	30
155	162	64
122	161	31
130	160	16
106	159	33
120	159	57
121	159	22
19	158	37
92	158	20
113	158	57
123	158	83
132	158	57
132	157	16
145	157	36
148	157	59
102	156	85
134	156	59
142	156	61
122	155	36
147	155	52
35	154	49
146	154	59
126	153	35
134	153	56
145	153	41
137	152	41
98	151	49
110	151	38
117	151	64
100	149	20
149	149	46
115	148	28
118	148	26
138	148	80
148	148	41
149	148	49
75	147	81
115	147	73
128	147	52
148	146	56
79	145	71
101	145	39
113	145	55
120	145	63
132	145	50
133	145	25
146	145	71
165	145	81
117	144	32
120	144	88
130	144	28
122	143	40
127	143	73
128	143	33
145	143	51
135	142	36
133	141	68
110	140	59
116	140	74
145	140	22
97	139	17
98	139	59
117	139	70
136	138	71
142	138	40
118	137	83
124	137	73
124	136	12
129	136	61
133	136	38
134	136	85
136	136	55
158	136	72
115	135	63
151	135	61
100	134	25
101	134	61
102	134	101
115	133	30
116	133	56
153	133	39
115	132	67
130	132	79
135	132	57
149	132	66
130	131	52
131	130	16
148	130	34
116	129	42
131	129	78
140	129	46
130	128	27
82	127	53
134	126	46
140	126	67
143	126	74
113	125	67
133	125	43
102	124	56
110	124	65
130	124	95
135	124	38
107	123	44
106	122	39
147	122	23
10	121	56
100	121	69
144	121	20
146	121	73
115	120	80
121	118	23
129	118	41
136	118	37
123	114	72
152	111	39
110	104	54
166	102	33
124	98	39
112	84	63
25	69	25
# chipNumber: 5
# chipName:   D 9 W69
# numHits:    56
236	223	25
214	77	51
232	72	21
240	71	41
203	69	21
227	69	43
215	66	43
224	66	39
226	65	24
243	63	25
209	61	37
227	60	70
215	58	41
235	57	48
221	56	14
223	56	18
213	54	22
212	53	21
219	53	26
229	51	23
224	50	3
211	49	41
217	49	49
226	48	20
219	46	61
229	46	9
242	46	17
193	45	29
194	45	72
242	45	52
195	44	24
196	44	23
206	44	39
228	44	37
195	43	17
220	43	60
229	43	40
198	42	23
209	41	18
193	40	53
239	40	45
216	36	34
230	36	43
210	35	32
212	32	43
215	32	30
222	32	49
198	30	34
198	29	21
221	28	27
237	28	20
228	24	31
223	23	22
228	23	44
223	15	54
232	14	38
# chipNumber: 6
# chipName:   L 8 W69
# numHits:    6
38	241	41
11	238	15
19	236	6
21	234	78
166	233	11810
234	203	11810
