## [General]
## runNumber:        241
## runTime:       	 7200
## runTimeFrames: 	 0
## pathName:         data/runs/Run_241_181022-16-16
## dateTime:         2018-10-22.16:43:36
## numChips:         7
## shutterTime:      30
## shutterMode:      verylong
## runMode:          0
## fastClock:        0
## externalTrigger:  0
## [Event]
## eventNumber:      2155
## useHvFadc:    	 1
## fadcReadout:    	 1
## szint1ClockInt:	 0
## szint2ClockInt:	 4095
## fadcTriggerClock: 1381234
# chipNumber: 0
# chipName:   E 6 W69
# numHits:    0
# chipNumber: 1
# chipName:   K 6 W69
# numHits:    0
# chipNumber: 2
# chipName:   H 9 W69
# numHits:    0
# chipNumber: 3
# chipName:   H 10 W69
# numHits:    275
168	140	70
105	139	50
164	137	49
175	133	78
156	131	22
169	131	54
103	128	24
153	126	29
155	125	73
177	125	69
154	124	42
157	124	62
172	122	41
179	122	77
167	121	29
115	120	44
176	119	57
151	118	87
148	116	37
152	116	27
166	116	45
126	115	40
134	115	74
162	115	45
172	115	31
184	115	80
150	114	54
151	114	76
134	113	52
141	112	54
150	112	46
174	112	69
129	111	76
136	111	92
157	111	77
135	110	39
139	110	36
148	110	34
179	110	16
146	109	49
148	109	45
161	109	9
164	109	47
172	109	23
136	108	50
143	108	73
144	108	49
145	108	50
150	108	94
153	108	32
162	108	86
186	108	75
150	107	78
155	107	50
158	107	69
160	107	101
162	107	11
163	107	73
166	107	95
175	107	28
176	107	48
146	106	48
156	106	70
166	106	30
169	106	83
170	106	59
174	106	58
159	105	21
162	105	90
169	105	38
171	105	17
142	104	37
155	104	11
165	104	46
172	104	64
177	104	49
141	103	70
160	103	74
177	103	71
129	102	37
139	102	56
144	102	69
145	102	60
146	102	92
186	102	109
136	101	61
137	101	17
144	101	74
146	101	63
152	101	28
153	101	78
155	101	57
159	101	57
167	101	59
168	101	52
148	100	56
163	100	45
171	100	15
147	99	53
148	99	71
149	99	38
150	99	57
153	99	55
154	99	40
156	99	84
157	99	49
164	99	49
165	99	36
167	99	72
171	99	55
172	99	83
175	99	36
183	99	44
127	98	41
131	98	31
149	98	30
155	98	71
159	98	59
167	98	37
168	98	35
169	98	61
130	97	55
156	97	25
158	97	22
170	97	52
134	96	45
162	96	88
170	96	49
177	96	36
185	96	73
126	95	61
131	95	18
154	95	29
162	95	137
168	95	88
150	94	57
151	94	25
152	94	46
157	94	27
175	94	59
188	94	45
145	93	73
151	93	56
161	93	84
141	92	51
155	92	25
134	91	60
159	91	12
162	91	52
172	90	92
174	90	100
141	89	24
159	89	77
160	89	46
135	88	56
166	88	33
175	88	41
142	87	78
158	87	60
160	87	52
194	87	56
201	87	70
142	86	49
145	86	86
158	86	56
159	86	54
160	86	27
173	86	53
176	86	46
185	86	76
132	85	34
155	85	83
132	84	62
147	84	42
163	84	59
166	84	64
169	84	34
170	84	51
188	84	47
191	84	58
146	83	134
169	83	26
170	83	70
179	83	49
219	83	42
133	82	37
136	82	48
145	82	56
146	82	70
150	82	100
156	82	81
165	82	46
128	81	46
156	81	39
157	81	54
134	80	79
135	80	16
179	80	49
125	79	44
132	79	49
138	79	76
168	79	52
191	79	56
107	78	3
160	78	77
167	78	61
168	78	40
183	78	69
111	77	41
130	77	74
142	77	135
143	77	51
145	77	24
155	77	61
167	77	62
173	77	18
176	77	51
111	76	44
141	76	44
148	76	58
156	76	62
176	76	29
180	76	34
144	75	38
153	75	74
160	75	85
200	75	65
119	74	14
120	74	82
123	74	54
147	74	44
165	74	59
153	73	43
143	72	67
153	72	47
166	72	71
183	72	42
165	71	113
167	71	18
186	71	30
187	71	54
192	71	34
173	70	16
135	69	58
138	69	19
171	69	95
174	69	55
177	69	36
140	68	52
161	68	126
167	68	20
142	67	37
158	67	47
163	66	109
168	66	25
128	65	63
129	65	74
162	65	38
128	64	60
177	64	64
131	62	75
166	62	55
167	62	31
177	62	32
123	61	23
148	61	17
166	61	32
177	61	101
177	59	27
179	59	34
143	57	70
121	53	28
193	53	66
170	52	65
128	42	30
# chipNumber: 4
# chipName:   G 10 W69
# numHits:    0
# chipNumber: 5
# chipName:   D 9 W69
# numHits:    0
# chipNumber: 6
# chipName:   L 8 W69
# numHits:    2
166	233	11810
234	203	11810
