## [General]
## runNumber:        241
## runTime:       	 7200
## runTimeFrames: 	 0
## pathName:         data/runs/Run_241_181022-16-16
## dateTime:         2018-10-22.17:51:02
## numChips:         7
## shutterTime:      30
## shutterMode:      verylong
## runMode:          0
## fastClock:        0
## externalTrigger:  0
## [Event]
## eventNumber:      7468
## useHvFadc:    	 1
## fadcReadout:    	 1
## szint1ClockInt:	 0
## szint2ClockInt:	 4095
## fadcTriggerClock: 0
# chipNumber: 0
# chipName:   E 6 W69
# numHits:    81
227	226	26
229	226	31
228	220	46
234	214	18
239	214	37
246	200	46
224	189	33
176	180	45
214	180	83
213	179	27
225	178	27
224	177	37
225	177	25
208	172	19
217	169	29
209	168	82
240	167	7
209	165	40
210	165	52
243	165	62
200	162	93
215	160	70
217	160	32
218	153	14
232	148	18
204	147	39
221	146	33
231	145	24
220	144	26
221	144	11
236	143	81
204	141	11
211	140	43
204	139	41
233	136	38
178	125	57
191	121	55
171	120	56
173	120	26
227	118	42
219	116	8
186	115	33
199	112	56
207	112	37
187	111	52
191	111	21
193	111	46
236	110	90
171	108	57
191	108	53
151	107	69
209	107	36
195	103	62
205	103	50
183	101	42
202	100	28
141	99	36
141	98	30
208	96	40
192	95	49
211	95	33
187	94	35
141	93	91
140	92	82
179	92	60
181	92	42
218	88	52
183	79	29
184	77	31
180	76	34
183	50	50
217	38	47
198	31	48
199	31	48
199	29	25
162	19	48
152	16	83
138	14	18
159	14	45
163	14	51
139	13	15
# chipNumber: 1
# chipName:   K 6 W69
# numHits:    1
16	216	25
# chipNumber: 2
# chipName:   H 9 W69
# numHits:    5
226	233	53
223	204	74
230	203	46
225	201	43
226	201	101
# chipNumber: 3
# chipName:   H 10 W69
# numHits:    20672
57	238	48
59	238	106
60	238	71
62	238	93
64	238	49
67	238	59
68	238	75
76	238	138
77	238	114
78	238	62
80	238	93
82	238	27
84	238	21
85	238	53
86	238	31
88	238	69
96	238	57
97	238	63
103	238	82
105	238	59
109	238	70
111	238	45
112	238	47
114	238	66
117	238	40
118	238	76
119	238	47
125	238	56
128	238	49
134	238	54
147	238	47
149	238	41
158	238	43
159	238	62
164	238	63
168	238	58
176	238	64
177	238	54
179	238	64
185	238	26
195	238	22
197	238	13
199	238	79
205	238	38
206	238	32
209	238	81
212	238	53
217	238	65
226	238	71
36	237	47
38	237	67
39	237	54
41	237	26
43	237	63
45	237	45
46	237	90
52	237	37
53	237	97
54	237	121
58	237	84
63	237	40
67	237	77
69	237	79
74	237	57
75	237	48
76	237	85
77	237	43
79	237	54
80	237	63
82	237	46
83	237	54
85	237	27
88	237	38
91	237	72
92	237	107
93	237	70
94	237	70
98	237	68
100	237	24
107	237	64
109	237	56
110	237	34
111	237	58
115	237	61
117	237	47
118	237	87
120	237	70
129	237	90
131	237	41
137	237	104
144	237	45
147	237	17
148	237	57
171	237	31
183	237	26
188	237	21
191	237	64
212	237	47
217	237	24
38	236	92
39	236	104
40	236	150
42	236	26
44	236	48
49	236	25
50	236	32
51	236	46
56	236	121
57	236	27
58	236	102
59	236	151
61	236	74
65	236	56
66	236	67
68	236	57
69	236	47
75	236	33
76	236	43
77	236	35
78	236	129
79	236	88
81	236	93
82	236	78
84	236	93
85	236	47
86	236	68
89	236	53
92	236	60
94	236	34
95	236	64
96	236	68
103	236	79
104	236	91
105	236	73
106	236	72
111	236	59
119	236	68
123	236	83
127	236	41
128	236	86
129	236	24
135	236	65
136	236	46
141	236	26
148	236	39
154	236	45
160	236	29
174	236	106
176	236	70
178	236	66
185	236	83
187	236	33
197	236	26
200	236	35
207	236	41
212	236	20
24	235	44
27	235	42
41	235	53
42	235	78
43	235	42
46	235	44
48	235	44
49	235	18
50	235	48
51	235	47
52	235	128
55	235	46
56	235	40
59	235	32
62	235	26
67	235	33
68	235	42
69	235	35
70	235	49
72	235	29
73	235	61
74	235	48
75	235	41
76	235	55
78	235	60
79	235	25
81	235	95
84	235	43
85	235	59
86	235	160
87	235	65
90	235	12
91	235	68
96	235	194
97	235	90
98	235	55
100	235	50
102	235	17
108	235	58
111	235	31
115	235	53
125	235	14
126	235	51
131	235	56
132	235	50
133	235	68
134	235	18
147	235	41
148	235	52
151	235	53
164	235	21
166	235	26
168	235	46
174	235	45
176	235	41
186	235	63
190	235	21
191	235	44
201	235	42
209	235	65
210	235	47
212	235	92
213	235	30
12	234	65
25	234	42
33	234	81
36	234	34
37	234	44
40	234	37
43	234	51
44	234	21
47	234	84
49	234	98
50	234	49
51	234	104
52	234	75
53	234	18
55	234	32
59	234	40
61	234	96
62	234	27
69	234	95
72	234	45
73	234	45
76	234	108
77	234	79
78	234	93
79	234	35
80	234	28
81	234	62
83	234	63
84	234	109
85	234	55
87	234	40
89	234	34
90	234	70
92	234	67
95	234	53
100	234	59
101	234	50
102	234	90
103	234	51
108	234	52
109	234	33
110	234	45
117	234	78
119	234	49
120	234	43
128	234	44
132	234	43
133	234	57
137	234	48
138	234	39
142	234	30
143	234	37
144	234	29
146	234	66
161	234	46
164	234	41
172	234	52
186	234	52
189	234	48
192	234	56
198	234	33
199	234	76
200	234	105
204	234	136
206	234	87
216	234	74
25	233	85
26	233	66
28	233	37
37	233	56
39	233	58
42	233	101
43	233	74
44	233	26
45	233	39
53	233	156
55	233	33
60	233	99
61	233	70
65	233	67
67	233	20
68	233	24
69	233	24
73	233	52
74	233	67
76	233	261
78	233	82
79	233	123
83	233	33
84	233	54
85	233	42
86	233	35
88	233	42
96	233	4
100	233	174
103	233	24
104	233	83
110	233	56
112	233	74
118	233	76
123	233	57
126	233	49
127	233	74
129	233	23
131	233	62
133	233	49
134	233	48
136	233	13
139	233	36
141	233	23
143	233	38
145	233	31
146	233	120
155	233	34
160	233	86
198	233	23
204	233	30
205	233	33
206	233	66
212	233	57
218	233	5
219	233	55
238	233	8
13	232	72
14	232	54
24	232	69
32	232	35
36	232	49
38	232	106
41	232	52
43	232	56
45	232	90
46	232	91
54	232	62
61	232	73
63	232	65
66	232	101
68	232	34
72	232	28
75	232	98
80	232	107
81	232	34
82	232	41
83	232	74
86	232	48
87	232	28
88	232	48
89	232	32
90	232	38
93	232	112
100	232	53
106	232	55
108	232	54
111	232	104
112	232	27
115	232	19
118	232	98
119	232	71
121	232	54
125	232	60
126	232	67
132	232	158
134	232	20
135	232	68
137	232	44
142	232	63
147	232	49
148	232	54
149	232	61
175	232	54
180	232	26
182	232	51
183	232	40
192	232	37
201	232	42
205	232	48
209	232	59
216	232	58
217	232	21
220	232	56
226	232	69
16	231	85
18	231	17
43	231	40
49	231	54
51	231	71
56	231	68
58	231	91
62	231	38
71	231	62
76	231	135
77	231	68
81	231	62
82	231	60
83	231	60
84	231	115
86	231	46
93	231	88
95	231	69
97	231	17
101	231	30
104	231	33
109	231	61
111	231	70
114	231	75
116	231	55
128	231	22
130	231	65
131	231	85
132	231	20
134	231	42
135	231	36
137	231	76
138	231	42
143	231	39
146	231	28
147	231	27
156	231	43
157	231	40
163	231	51
172	231	75
175	231	62
178	231	60
180	231	114
184	231	32
187	231	142
190	231	60
198	231	39
199	231	97
200	231	99
206	231	66
217	231	91
218	231	46
224	231	71
25	230	72
28	230	57
37	230	107
43	230	74
45	230	34
46	230	42
47	230	63
49	230	57
52	230	143
53	230	43
56	230	141
59	230	58
61	230	71
62	230	132
66	230	53
70	230	59
74	230	90
76	230	135
77	230	62
79	230	33
80	230	78
82	230	188
86	230	126
87	230	18
88	230	57
91	230	52
92	230	37
95	230	54
97	230	98
98	230	76
100	230	103
101	230	79
102	230	65
107	230	94
109	230	44
125	230	60
128	230	30
129	230	42
130	230	73
132	230	61
133	230	40
140	230	37
141	230	75
142	230	57
144	230	50
145	230	52
155	230	59
159	230	32
167	230	65
177	230	25
182	230	42
183	230	63
189	230	92
192	230	65
193	230	42
194	230	65
198	230	77
200	230	28
201	230	84
204	230	75
205	230	41
207	230	53
209	230	53
210	230	38
211	230	105
19	229	17
26	229	37
28	229	74
29	229	18
30	229	82
39	229	34
40	229	96
48	229	73
52	229	119
53	229	80
54	229	60
56	229	60
57	229	24
58	229	39
59	229	8
69	229	37
72	229	70
74	229	48
75	229	11
78	229	49
80	229	69
82	229	30
83	229	27
86	229	62
87	229	49
88	229	96
90	229	35
94	229	54
95	229	44
98	229	35
102	229	129
103	229	98
106	229	56
111	229	39
128	229	10
131	229	20
133	229	58
139	229	55
140	229	33
142	229	57
148	229	56
150	229	36
152	229	40
153	229	37
154	229	23
155	229	9
157	229	96
161	229	33
167	229	63
179	229	131
180	229	29
181	229	47
185	229	52
187	229	43
192	229	42
197	229	28
206	229	67
209	229	86
210	229	77
211	229	83
213	229	41
215	229	42
229	229	43
17	228	49
19	228	85
22	228	63
23	228	51
26	228	49
30	228	36
31	228	15
32	228	55
36	228	118
41	228	49
43	228	61
44	228	53
45	228	98
46	228	79
47	228	40
48	228	57
52	228	25
59	228	31
61	228	49
62	228	45
67	228	14
68	228	33
70	228	108
72	228	100
75	228	160
77	228	27
78	228	38
79	228	60
82	228	82
83	228	41
85	228	27
87	228	31
94	228	36
95	228	33
96	228	44
99	228	51
101	228	55
103	228	66
105	228	60
111	228	98
112	228	36
121	228	46
124	228	66
127	228	63
129	228	21
132	228	60
133	228	21
141	228	68
145	228	56
147	228	100
148	228	131
149	228	65
150	228	119
151	228	28
152	228	31
155	228	15
158	228	68
162	228	76
163	228	168
165	228	13
175	228	29
184	228	39
188	228	84
195	228	23
198	228	166
200	228	52
201	228	130
204	228	57
206	228	58
208	228	86
212	228	102
215	228	50
16	227	27
17	227	37
20	227	48
26	227	68
27	227	67
36	227	44
38	227	48
39	227	74
42	227	14
43	227	118
46	227	31
48	227	40
50	227	117
52	227	17
53	227	35
55	227	78
62	227	22
64	227	60
66	227	46
69	227	65
71	227	84
75	227	71
76	227	56
77	227	32
79	227	37
81	227	56
86	227	50
89	227	28
90	227	23
92	227	51
100	227	42
102	227	34
105	227	66
107	227	89
108	227	134
113	227	51
116	227	27
118	227	34
125	227	13
128	227	41
129	227	40
131	227	126
134	227	69
137	227	54
138	227	26
139	227	39
141	227	42
145	227	84
146	227	61
147	227	102
148	227	79
149	227	72
151	227	41
155	227	57
156	227	38
157	227	40
167	227	45
177	227	16
178	227	94
187	227	81
188	227	57
190	227	15
191	227	42
198	227	33
199	227	64
201	227	69
203	227	84
205	227	87
207	227	91
208	227	94
209	227	50
210	227	58
216	227	115
19	226	68
23	226	46
32	226	124
35	226	62
36	226	60
37	226	30
42	226	70
44	226	177
45	226	68
50	226	27
54	226	114
55	226	51
57	226	23
64	226	245
65	226	41
66	226	62
68	226	41
70	226	57
72	226	47
74	226	40
75	226	33
76	226	60
80	226	64
83	226	50
84	226	138
88	226	77
90	226	97
91	226	113
93	226	87
96	226	90
100	226	50
101	226	40
103	226	26
104	226	63
105	226	92
107	226	79
108	226	22
111	226	87
116	226	22
118	226	42
120	226	53
124	226	80
125	226	47
126	226	71
129	226	39
131	226	31
132	226	179
134	226	31
135	226	45
136	226	114
143	226	61
144	226	116
145	226	19
146	226	20
148	226	62
149	226	132
152	226	73
157	226	13
159	226	63
160	226	35
170	226	63
177	226	99
187	226	21
189	226	18
191	226	50
199	226	143
200	226	21
209	226	11
211	226	24
216	226	132
217	226	57
239	226	101
25	225	42
31	225	57
32	225	110
33	225	32
34	225	32
35	225	114
37	225	84
38	225	36
41	225	55
42	225	130
44	225	106
48	225	21
50	225	67
51	225	83
58	225	41
60	225	92
62	225	49
63	225	62
66	225	75
67	225	105
73	225	19
74	225	25
77	225	112
81	225	68
82	225	132
83	225	34
85	225	45
90	225	49
93	225	38
94	225	23
98	225	100
99	225	66
105	225	98
128	225	49
130	225	66
139	225	33
140	225	29
141	225	49
142	225	26
144	225	110
146	225	63
147	225	12
148	225	160
149	225	62
150	225	72
151	225	64
154	225	93
156	225	64
157	225	60
161	225	40
166	225	49
176	225	65
181	225	42
182	225	21
183	225	35
185	225	18
187	225	65
192	225	122
193	225	104
195	225	74
196	225	104
198	225	18
200	225	67
201	225	42
202	225	65
203	225	31
205	225	41
206	225	59
207	225	31
213	225	70
215	225	72
216	225	36
217	225	82
219	225	57
229	225	70
231	225	108
233	225	71
234	225	32
19	224	66
32	224	41
36	224	139
39	224	110
40	224	44
42	224	47
43	224	13
44	224	70
45	224	35
47	224	86
48	224	72
60	224	28
61	224	39
65	224	44
66	224	40
69	224	37
73	224	101
75	224	24
80	224	75
81	224	154
82	224	200
83	224	82
85	224	38
88	224	65
89	224	36
90	224	29
93	224	87
94	224	62
95	224	203
98	224	43
101	224	23
105	224	114
111	224	75
112	224	61
117	224	53
119	224	54
120	224	24
124	224	53
127	224	73
130	224	121
132	224	38
134	224	61
135	224	50
137	224	143
138	224	109
139	224	37
140	224	30
141	224	60
142	224	36
143	224	36
144	224	108
149	224	62
151	224	52
152	224	71
154	224	36
156	224	15
157	224	36
158	224	140
160	224	43
162	224	144
164	224	99
167	224	64
168	224	54
176	224	59
180	224	218
188	224	45
191	224	45
194	224	52
197	224	27
198	224	122
202	224	55
203	224	52
205	224	79
211	224	86
213	224	90
215	224	14
223	224	47
226	224	60
17	223	28
19	223	41
21	223	45
28	223	77
29	223	63
32	223	90
34	223	67
41	223	6
45	223	18
47	223	51
50	223	21
51	223	43
52	223	117
54	223	46
56	223	21
57	223	36
58	223	24
60	223	63
61	223	85
67	223	32
68	223	27
74	223	69
75	223	46
76	223	63
77	223	56
80	223	132
81	223	63
82	223	52
83	223	49
84	223	48
85	223	77
88	223	19
89	223	61
90	223	71
91	223	44
93	223	63
95	223	89
96	223	82
97	223	40
98	223	82
100	223	48
106	223	41
107	223	74
124	223	39
129	223	39
131	223	25
133	223	46
136	223	74
138	223	35
139	223	51
141	223	29
144	223	63
149	223	33
150	223	83
152	223	45
154	223	54
155	223	19
156	223	36
157	223	45
160	223	53
161	223	63
168	223	27
172	223	22
173	223	45
175	223	52
176	223	82
177	223	4
179	223	15
180	223	56
193	223	69
198	223	116
202	223	52
203	223	27
204	223	31
206	223	25
207	223	69
208	223	51
211	223	68
216	223	71
217	223	70
218	223	62
239	223	44
241	223	13
23	222	44
24	222	38
34	222	66
38	222	73
39	222	59
43	222	59
52	222	32
56	222	74
59	222	66
61	222	96
62	222	27
63	222	84
65	222	71
68	222	49
70	222	39
80	222	46
85	222	22
86	222	40
87	222	34
89	222	45
90	222	86
91	222	15
96	222	44
97	222	103
99	222	114
100	222	20
104	222	41
105	222	42
106	222	57
111	222	70
120	222	46
121	222	50
122	222	41
128	222	27
129	222	26
131	222	67
132	222	48
133	222	41
134	222	69
137	222	41
140	222	31
146	222	52
149	222	140
150	222	97
157	222	117
158	222	78
159	222	74
160	222	39
162	222	54
163	222	59
165	222	67
170	222	65
171	222	19
173	222	44
178	222	45
184	222	25
185	222	47
187	222	61
188	222	82
193	222	77
194	222	62
198	222	68
203	222	66
204	222	74
206	222	64
211	222	29
220	222	19
34	221	71
38	221	92
41	221	53
47	221	40
49	221	34
50	221	87
51	221	41
53	221	43
54	221	102
55	221	45
56	221	37
57	221	60
62	221	35
68	221	88
69	221	18
70	221	43
71	221	64
73	221	104
75	221	33
81	221	65
82	221	45
83	221	58
84	221	42
87	221	25
88	221	58
90	221	58
91	221	50
92	221	3
96	221	52
99	221	72
100	221	144
101	221	19
103	221	46
105	221	30
107	221	80
108	221	60
109	221	50
111	221	50
114	221	62
116	221	77
117	221	39
120	221	42
121	221	59
133	221	47
138	221	49
140	221	126
142	221	53
143	221	73
144	221	94
146	221	122
147	221	21
148	221	48
150	221	75
151	221	62
153	221	48
156	221	148
159	221	17
161	221	125
165	221	20
167	221	69
177	221	65
178	221	64
181	221	14
182	221	103
183	221	106
185	221	68
186	221	16
188	221	61
191	221	53
194	221	45
195	221	58
196	221	19
197	221	26
199	221	46
201	221	63
202	221	15
206	221	16
221	221	49
226	221	132
228	221	89
238	221	38
239	221	49
240	221	52
17	220	60
25	220	40
27	220	78
29	220	84
35	220	35
38	220	82
40	220	38
41	220	77
43	220	31
49	220	25
52	220	33
57	220	71
59	220	19
61	220	27
62	220	164
63	220	9
64	220	47
69	220	80
70	220	189
72	220	32
76	220	136
80	220	83
83	220	29
84	220	100
86	220	99
87	220	111
88	220	35
92	220	46
93	220	98
96	220	60
97	220	116
103	220	73
104	220	126
106	220	88
111	220	57
116	220	42
120	220	52
122	220	167
131	220	14
132	220	38
133	220	23
134	220	105
136	220	36
137	220	55
138	220	54
139	220	58
140	220	71
142	220	14
143	220	92
144	220	49
146	220	103
147	220	55
152	220	59
155	220	64
159	220	82
161	220	67
164	220	86
171	220	17
172	220	18
177	220	71
178	220	26
181	220	69
182	220	68
183	220	105
184	220	99
187	220	8
205	220	75
210	220	23
211	220	19
215	220	54
217	220	79
227	220	15
231	220	57
237	220	51
242	220	67
19	219	35
34	219	12
36	219	50
43	219	62
46	219	36
48	219	34
52	219	99
54	219	57
56	219	75
57	219	23
61	219	19
63	219	45
71	219	76
75	219	42
80	219	53
82	219	30
92	219	25
93	219	35
95	219	7
96	219	56
97	219	31
99	219	51
107	219	86
111	219	54
117	219	49
119	219	73
123	219	78
126	219	21
130	219	57
139	219	79
142	219	64
143	219	75
145	219	84
146	219	64
147	219	155
150	219	95
154	219	14
162	219	37
166	219	31
168	219	84
169	219	57
170	219	59
175	219	26
176	219	60
179	219	77
181	219	23
182	219	67
188	219	40
189	219	22
190	219	74
192	219	67
194	219	51
195	219	190
200	219	50
202	219	100
210	219	76
212	219	49
213	219	54
214	219	84
217	219	55
218	219	35
226	219	30
227	219	87
25	218	73
33	218	22
34	218	29
36	218	70
37	218	25
38	218	32
39	218	64
40	218	45
42	218	109
43	218	35
44	218	62
45	218	36
46	218	78
47	218	96
48	218	43
50	218	62
53	218	57
54	218	77
55	218	125
56	218	89
57	218	71
58	218	62
59	218	35
60	218	22
63	218	71
64	218	83
67	218	66
68	218	94
74	218	55
76	218	66
79	218	74
80	218	26
86	218	40
94	218	37
95	218	33
97	218	72
98	218	26
100	218	45
106	218	82
110	218	32
111	218	74
113	218	54
114	218	68
116	218	72
117	218	65
118	218	58
119	218	95
121	218	41
128	218	79
133	218	64
137	218	204
139	218	78
140	218	71
144	218	90
145	218	33
147	218	112
149	218	124
151	218	49
162	218	164
163	218	30
164	218	85
171	218	56
173	218	85
176	218	71
178	218	36
181	218	51
183	218	24
184	218	133
189	218	55
192	218	85
193	218	57
197	218	49
198	218	44
199	218	73
203	218	26
205	218	57
206	218	17
212	218	86
214	218	108
217	218	43
218	218	49
219	218	50
224	218	84
231	218	100
9	217	38
10	217	60
27	217	50
35	217	67
37	217	28
38	217	75
39	217	34
41	217	55
42	217	42
43	217	45
47	217	60
51	217	11
53	217	48
55	217	241
56	217	126
57	217	31
59	217	57
60	217	64
62	217	69
64	217	81
65	217	49
73	217	54
75	217	37
76	217	37
85	217	100
86	217	52
89	217	74
92	217	116
95	217	48
98	217	40
99	217	11
101	217	73
102	217	22
108	217	60
109	217	56
111	217	103
113	217	92
117	217	76
121	217	33
129	217	63
132	217	28
133	217	62
139	217	98
140	217	82
141	217	80
146	217	69
147	217	49
151	217	105
152	217	124
154	217	46
157	217	42
163	217	27
164	217	32
166	217	51
167	217	17
169	217	112
172	217	71
173	217	25
179	217	62
185	217	51
190	217	43
191	217	34
195	217	46
199	217	54
204	217	36
215	217	31
232	217	52
235	217	49
239	217	71
240	217	44
24	216	73
32	216	48
34	216	130
35	216	58
42	216	104
43	216	99
44	216	64
47	216	26
50	216	77
51	216	87
53	216	63
54	216	92
55	216	113
57	216	83
58	216	27
60	216	46
62	216	17
65	216	51
66	216	26
69	216	37
72	216	60
75	216	70
76	216	51
78	216	28
92	216	40
96	216	58
98	216	76
99	216	122
100	216	86
102	216	13
103	216	30
106	216	62
107	216	69
108	216	141
112	216	55
116	216	80
119	216	31
121	216	50
122	216	38
124	216	98
127	216	19
129	216	62
136	216	82
141	216	27
142	216	130
143	216	59
145	216	93
146	216	65
149	216	165
150	216	74
153	216	113
154	216	29
157	216	41
159	216	8
162	216	60
163	216	44
168	216	125
169	216	41
170	216	53
171	216	67
172	216	106
173	216	40
174	216	86
177	216	40
178	216	67
184	216	51
185	216	53
189	216	52
193	216	81
194	216	100
195	216	144
196	216	38
197	216	255
198	216	73
199	216	86
203	216	62
204	216	106
206	216	87
207	216	41
215	216	46
217	216	161
224	216	87
226	216	93
227	216	69
228	216	35
241	216	47
19	215	112
21	215	48
39	215	72
41	215	56
42	215	33
43	215	31
44	215	44
48	215	36
51	215	71
53	215	77
54	215	64
57	215	57
58	215	58
63	215	68
68	215	43
71	215	71
74	215	55
75	215	49
76	215	77
80	215	84
84	215	104
88	215	38
89	215	25
91	215	98
92	215	45
94	215	82
96	215	46
97	215	92
98	215	149
101	215	35
104	215	173
106	215	19
110	215	24
117	215	33
129	215	44
130	215	26
132	215	51
134	215	21
135	215	77
137	215	64
138	215	251
139	215	84
142	215	99
143	215	120
148	215	65
149	215	86
150	215	99
151	215	74
153	215	37
155	215	16
156	215	143
157	215	91
158	215	62
166	215	60
169	215	97
171	215	101
172	215	100
175	215	57
177	215	62
178	215	37
181	215	26
183	215	27
184	215	70
187	215	70
188	215	100
190	215	67
192	215	63
193	215	100
195	215	64
197	215	31
198	215	71
200	215	71
209	215	88
214	215	30
217	215	22
218	215	76
222	215	101
225	215	48
229	215	46
230	215	63
232	215	39
234	215	5
15	214	49
26	214	52
37	214	59
40	214	59
43	214	124
46	214	99
47	214	52
50	214	26
51	214	42
52	214	24
53	214	78
54	214	17
58	214	96
61	214	57
62	214	55
64	214	59
65	214	39
66	214	70
68	214	127
71	214	67
73	214	42
77	214	66
79	214	31
80	214	154
82	214	45
87	214	79
91	214	70
92	214	37
93	214	37
98	214	39
101	214	84
103	214	39
104	214	94
108	214	49
109	214	85
114	214	54
117	214	12
120	214	37
122	214	86
127	214	22
130	214	56
131	214	55
133	214	103
136	214	34
142	214	83
143	214	49
146	214	53
147	214	60
149	214	35
150	214	90
154	214	34
156	214	101
158	214	39
160	214	13
161	214	72
162	214	51
164	214	134
166	214	81
167	214	61
168	214	23
169	214	115
171	214	84
174	214	71
181	214	44
185	214	27
188	214	108
189	214	41
191	214	57
193	214	37
196	214	104
197	214	65
200	214	64
201	214	59
203	214	102
209	214	46
218	214	39
222	214	70
224	214	59
228	214	39
230	214	38
232	214	46
234	214	62
237	214	26
240	214	19
17	213	62
26	213	108
31	213	57
36	213	48
37	213	172
38	213	28
39	213	46
44	213	113
45	213	83
46	213	23
50	213	42
51	213	23
52	213	63
53	213	54
55	213	93
56	213	160
58	213	110
60	213	19
61	213	65
64	213	35
67	213	45
69	213	40
71	213	34
72	213	40
79	213	45
82	213	62
84	213	23
86	213	80
88	213	68
93	213	74
95	213	155
99	213	43
100	213	67
101	213	50
105	213	83
106	213	54
108	213	44
109	213	37
113	213	49
114	213	38
115	213	41
126	213	57
130	213	83
131	213	40
132	213	84
133	213	52
134	213	83
139	213	47
142	213	46
145	213	90
147	213	104
148	213	86
151	213	29
154	213	75
156	213	33
157	213	79
160	213	53
164	213	23
168	213	60
169	213	40
170	213	91
171	213	101
174	213	23
175	213	33
176	213	98
177	213	91
178	213	9
179	213	94
180	213	59
183	213	77
184	213	41
185	213	55
189	213	29
195	213	83
196	213	6
199	213	81
200	213	66
201	213	73
203	213	76
204	213	41
210	213	46
212	213	73
214	213	64
216	213	42
217	213	41
224	213	83
234	213	47
14	212	62
17	212	29
29	212	67
30	212	56
31	212	44
35	212	46
36	212	65
41	212	35
42	212	51
44	212	96
48	212	42
49	212	28
50	212	126
51	212	36
52	212	52
53	212	134
54	212	81
56	212	55
57	212	140
59	212	53
60	212	41
64	212	54
65	212	7
69	212	66
70	212	37
71	212	59
74	212	41
80	212	66
81	212	91
82	212	24
88	212	69
91	212	54
94	212	28
98	212	44
100	212	49
101	212	53
103	212	52
104	212	76
107	212	63
110	212	20
114	212	83
115	212	40
117	212	54
118	212	18
124	212	87
127	212	14
130	212	80
131	212	39
132	212	68
136	212	52
138	212	110
139	212	63
143	212	61
144	212	32
145	212	12
147	212	78
148	212	71
149	212	45
154	212	98
155	212	45
162	212	110
165	212	33
167	212	110
168	212	21
170	212	20
171	212	87
173	212	56
174	212	115
177	212	49
179	212	99
181	212	84
182	212	103
183	212	67
187	212	90
188	212	32
189	212	77
190	212	29
191	212	6
192	212	62
194	212	71
200	212	263
205	212	75
214	212	10
217	212	43
218	212	25
224	212	97
226	212	26
227	212	59
228	212	41
242	212	93
244	212	105
10	211	48
15	211	115
21	211	41
26	211	79
27	211	15
28	211	21
29	211	87
30	211	116
35	211	83
38	211	20
39	211	62
40	211	56
41	211	64
44	211	19
47	211	52
48	211	77
49	211	23
50	211	94
53	211	37
54	211	119
55	211	23
56	211	84
59	211	49
63	211	54
70	211	37
72	211	55
77	211	135
80	211	40
82	211	90
83	211	49
98	211	29
100	211	77
101	211	199
105	211	49
106	211	36
108	211	113
112	211	37
118	211	78
119	211	42
120	211	12
127	211	99
128	211	83
132	211	56
133	211	16
138	211	76
143	211	95
148	211	30
149	211	49
150	211	69
151	211	16
153	211	58
154	211	87
155	211	164
157	211	109
159	211	38
160	211	45
161	211	53
162	211	35
163	211	76
166	211	66
176	211	57
177	211	86
178	211	49
180	211	91
181	211	66
183	211	36
185	211	63
187	211	71
190	211	56
192	211	56
194	211	58
197	211	41
200	211	54
203	211	60
204	211	38
209	211	63
213	211	80
216	211	30
224	211	70
225	211	56
231	211	53
242	211	23
10	210	151
11	210	78
15	210	66
20	210	47
23	210	121
27	210	76
28	210	36
35	210	121
37	210	81
38	210	68
39	210	56
40	210	56
43	210	50
44	210	66
45	210	45
46	210	92
47	210	66
48	210	68
49	210	66
50	210	37
51	210	144
56	210	137
57	210	113
58	210	77
60	210	11
61	210	60
62	210	100
63	210	70
64	210	20
66	210	56
70	210	16
72	210	22
75	210	78
76	210	36
82	210	42
83	210	108
85	210	26
87	210	64
88	210	62
89	210	39
90	210	43
91	210	26
95	210	91
96	210	100
97	210	29
102	210	44
103	210	42
109	210	35
119	210	72
120	210	69
126	210	77
128	210	57
129	210	50
132	210	112
134	210	81
136	210	145
137	210	32
141	210	57
142	210	98
148	210	57
149	210	87
150	210	48
151	210	103
152	210	28
154	210	67
155	210	17
156	210	102
157	210	60
158	210	66
159	210	103
160	210	68
161	210	25
162	210	66
165	210	50
167	210	88
169	210	121
170	210	60
171	210	179
173	210	49
175	210	70
176	210	74
177	210	105
181	210	210
183	210	48
184	210	67
186	210	62
187	210	15
188	210	85
189	210	138
192	210	79
194	210	86
195	210	113
196	210	38
197	210	61
201	210	19
202	210	24
204	210	41
205	210	66
209	210	92
213	210	30
214	210	89
215	210	61
217	210	29
222	210	100
228	210	28
231	210	56
241	210	74
15	209	62
21	209	44
24	209	17
26	209	27
30	209	34
35	209	14
40	209	70
41	209	90
42	209	45
45	209	36
49	209	52
50	209	33
52	209	67
53	209	153
54	209	38
57	209	58
58	209	60
59	209	76
61	209	54
63	209	42
71	209	60
72	209	44
75	209	96
77	209	11
82	209	69
83	209	68
84	209	44
85	209	22
86	209	115
87	209	39
88	209	51
89	209	112
90	209	62
94	209	33
95	209	26
96	209	58
98	209	74
100	209	89
104	209	17
109	209	123
110	209	48
125	209	27
127	209	71
129	209	90
131	209	91
138	209	69
140	209	70
141	209	34
143	209	40
144	209	41
149	209	23
152	209	65
153	209	21
154	209	82
155	209	59
156	209	47
158	209	172
159	209	43
160	209	96
161	209	21
162	209	141
168	209	40
171	209	57
172	209	15
174	209	57
177	209	102
181	209	21
182	209	52
185	209	79
187	209	57
188	209	100
190	209	78
192	209	40
193	209	88
195	209	71
196	209	10
197	209	63
199	209	28
200	209	35
201	209	46
208	209	120
209	209	99
210	209	68
214	209	128
215	209	17
217	209	74
219	209	47
226	209	55
233	209	25
235	209	85
239	209	62
241	209	48
242	209	50
243	209	100
17	208	73
18	208	61
27	208	36
28	208	101
31	208	71
36	208	31
37	208	72
38	208	66
40	208	84
42	208	132
43	208	89
44	208	103
46	208	69
49	208	68
52	208	67
53	208	64
54	208	87
55	208	67
58	208	66
62	208	68
64	208	49
65	208	16
70	208	60
74	208	120
75	208	53
84	208	43
86	208	37
90	208	45
91	208	92
92	208	77
94	208	58
95	208	56
97	208	101
98	208	8
99	208	60
101	208	94
112	208	99
115	208	63
119	208	84
120	208	30
123	208	64
124	208	44
126	208	55
127	208	55
128	208	58
129	208	110
131	208	93
136	208	41
138	208	115
139	208	84
141	208	38
142	208	153
143	208	8
144	208	167
145	208	44
147	208	138
148	208	54
149	208	103
151	208	70
152	208	68
153	208	114
154	208	54
155	208	14
159	208	57
160	208	79
162	208	51
163	208	109
164	208	144
165	208	92
167	208	111
168	208	40
169	208	36
170	208	71
173	208	26
174	208	66
177	208	165
179	208	127
180	208	131
181	208	70
182	208	34
183	208	58
185	208	120
186	208	63
187	208	63
189	208	27
193	208	102
194	208	83
195	208	73
196	208	139
197	208	92
203	208	21
207	208	30
209	208	185
210	208	37
211	208	28
213	208	46
214	208	38
217	208	27
219	208	74
221	208	43
226	208	82
231	208	49
241	208	55
244	208	77
14	207	67
19	207	37
25	207	62
28	207	68
31	207	52
39	207	38
46	207	42
47	207	213
53	207	19
55	207	80
56	207	71
57	207	18
58	207	59
59	207	53
65	207	46
66	207	43
67	207	55
68	207	51
74	207	98
76	207	150
78	207	50
79	207	106
80	207	62
82	207	60
86	207	71
90	207	60
95	207	33
97	207	13
99	207	22
101	207	27
103	207	65
107	207	57
108	207	24
112	207	75
114	207	53
121	207	72
129	207	147
130	207	99
131	207	31
132	207	71
142	207	133
143	207	100
145	207	40
152	207	61
158	207	29
159	207	91
161	207	99
162	207	84
163	207	56
165	207	72
166	207	49
168	207	43
174	207	21
175	207	78
176	207	172
179	207	46
180	207	49
181	207	74
182	207	55
183	207	38
187	207	54
189	207	47
192	207	115
194	207	130
197	207	8
200	207	56
203	207	68
204	207	41
208	207	59
209	207	61
210	207	52
211	207	49
214	207	113
218	207	21
219	207	150
220	207	166
228	207	59
229	207	56
235	207	34
240	207	119
243	207	15
13	206	33
19	206	22
23	206	23
24	206	28
27	206	60
28	206	98
29	206	27
30	206	49
31	206	61
35	206	54
37	206	59
40	206	55
42	206	67
47	206	35
49	206	57
52	206	78
53	206	53
55	206	150
56	206	39
57	206	67
59	206	51
62	206	42
64	206	57
65	206	167
67	206	79
69	206	68
70	206	65
72	206	50
73	206	78
78	206	17
79	206	122
84	206	177
90	206	29
93	206	44
104	206	126
111	206	44
112	206	34
114	206	33
116	206	76
137	206	57
138	206	113
139	206	63
140	206	170
143	206	26
144	206	82
148	206	126
149	206	57
150	206	68
151	206	28
152	206	70
154	206	77
159	206	110
160	206	81
161	206	75
162	206	86
163	206	38
167	206	102
168	206	171
170	206	52
173	206	187
174	206	66
176	206	152
179	206	84
180	206	79
182	206	156
184	206	112
185	206	22
188	206	75
190	206	91
191	206	108
192	206	117
195	206	90
196	206	88
201	206	52
202	206	47
203	206	53
204	206	48
205	206	62
211	206	110
212	206	161
215	206	69
216	206	60
218	206	66
221	206	63
223	206	21
229	206	69
230	206	96
235	206	40
240	206	76
241	206	25
14	205	64
15	205	18
16	205	41
19	205	68
29	205	42
33	205	33
35	205	42
40	205	109
43	205	55
49	205	45
50	205	17
54	205	31
55	205	74
56	205	24
58	205	59
62	205	34
64	205	77
72	205	64
80	205	26
83	205	47
84	205	82
85	205	61
94	205	59
97	205	56
99	205	58
103	205	80
104	205	75
107	205	31
112	205	27
117	205	61
126	205	37
129	205	81
139	205	58
140	205	28
141	205	67
142	205	75
144	205	28
149	205	62
151	205	47
155	205	20
156	205	66
157	205	69
158	205	110
159	205	181
161	205	76
162	205	41
167	205	131
168	205	138
169	205	57
173	205	84
174	205	57
178	205	210
181	205	59
182	205	55
184	205	11
186	205	66
187	205	52
190	205	70
191	205	49
192	205	100
195	205	51
197	205	128
198	205	23
199	205	32
200	205	42
201	205	13
202	205	14
203	205	43
207	205	18
209	205	61
212	205	159
213	205	56
216	205	141
220	205	73
221	205	87
224	205	51
228	205	62
230	205	75
235	205	38
238	205	48
241	205	54
246	205	27
11	204	59
15	204	44
22	204	65
26	204	59
27	204	99
28	204	93
29	204	66
31	204	130
37	204	82
38	204	129
40	204	45
41	204	89
42	204	48
43	204	71
46	204	26
47	204	130
49	204	155
56	204	42
59	204	52
60	204	29
61	204	85
62	204	125
63	204	37
68	204	46
70	204	131
71	204	37
74	204	55
82	204	30
87	204	96
91	204	58
93	204	37
99	204	26
101	204	70
105	204	51
110	204	72
117	204	134
124	204	20
126	204	37
130	204	48
131	204	46
135	204	19
136	204	26
137	204	79
139	204	44
143	204	155
144	204	27
148	204	109
149	204	177
150	204	135
151	204	123
154	204	79
155	204	103
157	204	87
158	204	48
159	204	24
161	204	144
162	204	128
163	204	92
166	204	163
169	204	43
170	204	70
172	204	152
173	204	74
174	204	44
177	204	17
179	204	123
181	204	62
182	204	15
184	204	49
185	204	75
188	204	46
189	204	53
190	204	51
193	204	44
195	204	62
197	204	169
198	204	91
199	204	215
200	204	154
201	204	164
202	204	23
203	204	29
204	204	54
205	204	63
207	204	53
209	204	25
210	204	66
212	204	205
216	204	79
217	204	90
218	204	149
219	204	37
220	204	77
221	204	44
223	204	32
224	204	100
225	204	59
227	204	35
229	204	58
234	204	100
235	204	77
236	204	51
246	204	42
247	204	67
17	203	57
18	203	5
19	203	47
21	203	117
25	203	75
27	203	64
28	203	113
30	203	140
32	203	83
33	203	109
35	203	36
39	203	68
42	203	44
44	203	123
45	203	53
48	203	22
51	203	170
55	203	57
57	203	68
58	203	64
59	203	84
62	203	48
63	203	98
66	203	54
68	203	176
70	203	78
71	203	67
72	203	26
74	203	57
76	203	97
79	203	78
81	203	65
86	203	14
87	203	79
88	203	73
95	203	16
98	203	65
102	203	51
103	203	82
106	203	51
116	203	107
120	203	83
122	203	40
124	203	89
128	203	58
130	203	52
131	203	69
135	203	49
137	203	27
138	203	38
140	203	22
143	203	76
145	203	33
147	203	70
150	203	71
152	203	73
154	203	42
155	203	114
156	203	86
157	203	23
158	203	80
159	203	80
160	203	67
161	203	59
162	203	53
163	203	25
165	203	51
166	203	102
168	203	35
174	203	92
175	203	178
176	203	56
178	203	48
179	203	40
180	203	52
181	203	56
182	203	55
189	203	26
190	203	34
191	203	44
192	203	52
193	203	27
194	203	219
195	203	138
196	203	66
198	203	73
200	203	83
201	203	35
203	203	87
209	203	49
212	203	62
218	203	62
219	203	45
220	203	102
221	203	51
222	203	92
228	203	89
229	203	60
230	203	22
236	203	22
237	203	25
14	202	112
20	202	15
21	202	37
22	202	33
26	202	16
28	202	63
33	202	39
35	202	44
36	202	100
37	202	28
40	202	27
46	202	43
47	202	57
56	202	36
57	202	120
59	202	46
60	202	79
61	202	56
62	202	66
63	202	96
65	202	51
66	202	59
68	202	53
72	202	70
73	202	32
76	202	76
77	202	70
78	202	55
84	202	78
89	202	71
95	202	46
96	202	59
97	202	39
99	202	64
100	202	54
101	202	5
102	202	77
103	202	50
105	202	49
106	202	30
117	202	48
120	202	14
130	202	102
131	202	62
134	202	171
135	202	72
140	202	77
144	202	37
147	202	82
149	202	19
150	202	20
151	202	66
154	202	59
156	202	60
157	202	39
160	202	40
161	202	210
162	202	73
163	202	74
166	202	17
169	202	52
172	202	91
173	202	32
174	202	74
176	202	161
178	202	78
179	202	54
180	202	97
183	202	141
184	202	82
185	202	83
186	202	60
187	202	36
188	202	80
190	202	37
191	202	63
193	202	12
194	202	82
197	202	97
203	202	15
205	202	62
207	202	34
210	202	40
211	202	45
212	202	143
214	202	83
218	202	155
219	202	75
220	202	39
224	202	60
225	202	57
228	202	55
231	202	79
232	202	86
235	202	68
236	202	51
239	202	59
10	201	25
11	201	27
14	201	92
15	201	67
16	201	117
17	201	45
26	201	29
29	201	29
34	201	16
35	201	108
36	201	100
38	201	68
39	201	43
42	201	39
48	201	105
50	201	45
57	201	92
58	201	64
59	201	66
64	201	33
65	201	28
68	201	47
69	201	86
73	201	33
79	201	77
81	201	56
85	201	48
87	201	51
89	201	49
92	201	52
95	201	54
96	201	108
97	201	21
98	201	52
99	201	16
104	201	42
110	201	21
112	201	69
116	201	37
117	201	27
125	201	49
126	201	41
128	201	68
130	201	73
133	201	7
134	201	27
137	201	69
141	201	79
144	201	30
149	201	49
152	201	90
153	201	35
161	201	54
164	201	43
166	201	37
167	201	62
169	201	18
171	201	16
172	201	76
173	201	39
174	201	74
176	201	70
177	201	60
178	201	78
179	201	36
180	201	69
181	201	46
182	201	73
184	201	95
186	201	69
188	201	109
195	201	100
196	201	63
198	201	176
199	201	125
200	201	62
201	201	53
202	201	44
204	201	59
212	201	26
218	201	85
219	201	121
223	201	62
227	201	66
229	201	96
231	201	63
233	201	67
234	201	53
236	201	84
240	201	77
16	200	69
17	200	70
19	200	34
20	200	50
21	200	37
22	200	79
29	200	37
32	200	44
34	200	47
37	200	8
39	200	87
41	200	14
42	200	30
43	200	67
44	200	76
45	200	52
48	200	56
49	200	75
50	200	27
53	200	92
55	200	54
60	200	33
65	200	49
67	200	28
69	200	19
70	200	55
71	200	15
87	200	49
89	200	38
90	200	58
101	200	82
103	200	68
108	200	50
110	200	14
111	200	185
122	200	97
130	200	117
131	200	58
135	200	153
140	200	59
142	200	77
146	200	90
147	200	13
150	200	29
152	200	41
155	200	77
157	200	48
160	200	49
161	200	30
164	200	55
165	200	103
168	200	51
169	200	68
173	200	72
174	200	140
177	200	61
179	200	44
181	200	19
183	200	62
185	200	65
186	200	27
187	200	129
188	200	73
192	200	90
193	200	80
195	200	44
196	200	66
198	200	23
200	200	76
201	200	69
202	200	45
203	200	132
205	200	54
207	200	91
209	200	28
210	200	68
212	200	99
213	200	24
214	200	69
215	200	63
216	200	46
218	200	62
220	200	52
222	200	115
223	200	70
225	200	231
226	200	104
229	200	81
232	200	77
233	200	100
234	200	72
236	200	67
240	200	54
9	199	49
10	199	8
11	199	50
17	199	52
19	199	47
20	199	5
24	199	41
31	199	57
32	199	58
33	199	43
39	199	58
41	199	98
46	199	60
53	199	59
59	199	33
62	199	68
68	199	26
71	199	37
72	199	61
79	199	49
81	199	46
89	199	57
92	199	97
93	199	35
95	199	45
97	199	55
98	199	65
102	199	128
108	199	22
109	199	88
112	199	66
117	199	61
121	199	114
123	199	26
127	199	65
128	199	81
129	199	79
133	199	46
139	199	49
140	199	45
141	199	62
145	199	52
149	199	39
151	199	49
152	199	24
154	199	63
157	199	59
158	199	62
161	199	155
162	199	81
164	199	7
165	199	10
166	199	45
167	199	78
168	199	43
169	199	70
170	199	74
171	199	100
174	199	54
175	199	59
178	199	74
180	199	52
181	199	44
184	199	56
187	199	167
188	199	60
189	199	107
192	199	50
193	199	145
194	199	33
195	199	50
196	199	86
197	199	29
199	199	85
200	199	164
201	199	53
202	199	171
203	199	46
208	199	67
210	199	65
211	199	53
212	199	22
213	199	80
214	199	53
217	199	86
221	199	124
222	199	110
223	199	62
224	199	17
225	199	50
226	199	63
230	199	61
233	199	20
234	199	60
235	199	27
237	199	59
240	199	94
10	198	30
14	198	67
19	198	54
20	198	10
22	198	95
23	198	40
27	198	13
29	198	55
34	198	55
35	198	52
36	198	27
38	198	69
41	198	130
43	198	40
44	198	44
49	198	112
53	198	57
55	198	115
57	198	106
60	198	47
68	198	33
85	198	35
87	198	183
100	198	21
108	198	35
112	198	48
117	198	17
126	198	33
138	198	40
141	198	59
143	198	20
148	198	102
149	198	125
150	198	71
153	198	18
154	198	152
158	198	67
159	198	71
160	198	71
162	198	6
163	198	89
164	198	21
166	198	55
167	198	70
170	198	75
171	198	52
172	198	99
176	198	55
177	198	43
178	198	23
179	198	92
182	198	32
184	198	82
186	198	30
189	198	66
190	198	38
192	198	36
193	198	33
195	198	39
197	198	76
198	198	76
200	198	59
202	198	117
203	198	26
204	198	94
206	198	99
207	198	13
209	198	132
210	198	64
211	198	62
212	198	74
215	198	60
216	198	49
218	198	110
220	198	50
221	198	49
222	198	73
223	198	175
224	198	66
225	198	68
228	198	87
231	198	132
232	198	68
233	198	73
234	198	52
18	197	45
20	197	50
22	197	54
24	197	67
25	197	48
28	197	74
29	197	39
30	197	17
34	197	54
35	197	56
39	197	4
40	197	64
42	197	76
48	197	40
50	197	61
52	197	108
53	197	25
54	197	21
55	197	55
63	197	71
65	197	31
70	197	29
73	197	74
74	197	64
77	197	31
78	197	52
81	197	27
85	197	23
101	197	86
106	197	75
107	197	37
111	197	11
117	197	24
119	197	110
122	197	32
123	197	55
129	197	61
138	197	115
139	197	71
141	197	41
142	197	67
144	197	96
147	197	66
149	197	75
151	197	52
154	197	35
157	197	143
159	197	67
160	197	37
161	197	54
166	197	90
167	197	52
168	197	37
169	197	59
171	197	64
177	197	136
181	197	165
183	197	59
184	197	164
185	197	56
187	197	97
188	197	36
189	197	75
190	197	83
191	197	93
192	197	47
195	197	16
196	197	70
197	197	62
198	197	40
199	197	65
200	197	201
204	197	52
205	197	105
206	197	37
207	197	136
208	197	43
209	197	58
211	197	52
212	197	158
215	197	54
217	197	59
218	197	46
219	197	64
220	197	102
221	197	117
222	197	135
223	197	68
224	197	37
227	197	39
229	197	38
230	197	106
232	197	205
235	197	34
236	197	42
239	197	23
240	197	36
241	197	50
243	197	49
244	197	120
246	197	102
11	196	40
15	196	60
18	196	6
22	196	45
23	196	61
24	196	41
25	196	68
26	196	33
28	196	50
33	196	61
37	196	42
39	196	78
40	196	29
41	196	29
45	196	54
49	196	68
50	196	80
51	196	60
53	196	77
55	196	86
57	196	51
60	196	51
61	196	46
65	196	40
67	196	195
71	196	34
81	196	39
82	196	42
88	196	59
91	196	62
97	196	77
98	196	50
99	196	52
108	196	52
110	196	40
111	196	128
113	196	34
119	196	72
140	196	43
141	196	51
143	196	70
153	196	22
154	196	67
158	196	70
159	196	57
160	196	97
161	196	95
162	196	122
170	196	20
171	196	29
172	196	38
174	196	58
177	196	34
179	196	79
181	196	235
182	196	59
183	196	95
184	196	47
185	196	167
186	196	61
187	196	74
188	196	84
191	196	44
193	196	51
195	196	121
198	196	149
199	196	113
200	196	14
201	196	344
204	196	90
205	196	25
208	196	29
209	196	74
210	196	31
211	196	94
212	196	103
215	196	43
218	196	55
220	196	215
221	196	151
222	196	307
224	196	73
225	196	54
226	196	104
228	196	60
229	196	58
233	196	41
234	196	79
235	196	34
242	196	49
12	195	52
22	195	38
23	195	44
24	195	9
25	195	22
26	195	100
27	195	85
33	195	27
36	195	21
38	195	33
39	195	61
46	195	27
48	195	70
49	195	86
52	195	45
54	195	19
57	195	48
62	195	27
64	195	20
67	195	84
73	195	17
78	195	113
79	195	45
81	195	71
84	195	33
88	195	72
94	195	59
96	195	63
99	195	103
100	195	70
101	195	7
107	195	94
108	195	75
114	195	77
115	195	39
116	195	58
127	195	77
129	195	36
131	195	46
133	195	75
139	195	15
142	195	62
143	195	48
148	195	35
149	195	77
150	195	57
154	195	90
155	195	33
158	195	39
159	195	45
161	195	31
162	195	91
163	195	73
164	195	66
168	195	37
169	195	53
170	195	95
171	195	82
172	195	103
174	195	70
176	195	43
177	195	106
178	195	82
179	195	56
180	195	38
181	195	166
184	195	60
187	195	111
188	195	59
189	195	43
191	195	96
192	195	77
193	195	153
194	195	47
195	195	60
196	195	16
199	195	256
200	195	118
201	195	89
204	195	97
205	195	58
206	195	36
207	195	87
208	195	84
210	195	148
211	195	87
213	195	57
214	195	45
216	195	44
217	195	176
218	195	52
219	195	52
220	195	144
223	195	66
225	195	151
230	195	52
235	195	18
10	194	43
12	194	30
26	194	49
28	194	35
32	194	12
35	194	39
39	194	48
43	194	62
45	194	23
48	194	41
50	194	43
53	194	58
54	194	85
68	194	45
71	194	37
91	194	46
92	194	83
99	194	38
101	194	30
103	194	42
108	194	35
113	194	50
121	194	36
122	194	78
124	194	58
126	194	59
132	194	40
135	194	33
137	194	57
138	194	9
142	194	76
144	194	56
148	194	66
150	194	151
151	194	57
155	194	37
157	194	31
159	194	67
163	194	155
164	194	103
165	194	25
169	194	56
170	194	95
171	194	112
172	194	146
173	194	44
174	194	134
176	194	69
178	194	59
179	194	52
180	194	86
181	194	26
182	194	44
184	194	264
185	194	66
186	194	37
187	194	44
188	194	60
190	194	105
191	194	34
194	194	81
195	194	142
196	194	46
197	194	127
198	194	97
199	194	178
200	194	120
203	194	78
204	194	10
205	194	197
206	194	146
208	194	60
209	194	21
210	194	94
211	194	83
216	194	42
217	194	148
218	194	80
219	194	19
223	194	81
225	194	125
226	194	87
228	194	108
231	194	28
232	194	54
237	194	65
238	194	69
242	194	108
243	194	44
19	193	66
20	193	86
22	193	41
23	193	42
24	193	79
26	193	40
31	193	109
37	193	21
39	193	27
42	193	29
48	193	23
55	193	39
57	193	74
59	193	76
61	193	115
62	193	134
63	193	53
64	193	70
65	193	55
69	193	44
71	193	57
79	193	25
80	193	95
81	193	45
93	193	59
94	193	53
96	193	63
102	193	44
103	193	72
105	193	28
111	193	68
114	193	77
122	193	15
135	193	40
137	193	76
146	193	42
147	193	68
149	193	55
151	193	79
154	193	173
158	193	57
160	193	44
162	193	59
163	193	49
164	193	47
167	193	24
168	193	64
169	193	81
170	193	61
171	193	19
174	193	99
176	193	22
178	193	32
179	193	93
182	193	63
183	193	60
184	193	99
187	193	50
188	193	55
189	193	16
190	193	70
192	193	194
194	193	41
195	193	244
198	193	97
199	193	21
200	193	171
201	193	31
202	193	83
203	193	75
204	193	136
206	193	86
208	193	48
209	193	33
212	193	49
214	193	263
215	193	218
216	193	39
217	193	72
218	193	41
220	193	165
222	193	36
226	193	54
227	193	91
228	193	29
229	193	62
231	193	82
232	193	127
233	193	45
236	193	15
237	193	34
238	193	164
242	193	49
243	193	78
244	193	82
19	192	27
21	192	105
22	192	64
25	192	49
26	192	55
31	192	53
35	192	37
36	192	54
37	192	32
39	192	48
44	192	44
45	192	42
47	192	62
48	192	45
49	192	27
50	192	26
54	192	86
64	192	64
65	192	86
66	192	63
69	192	50
71	192	78
79	192	24
90	192	117
93	192	38
94	192	61
96	192	15
101	192	58
112	192	68
116	192	27
118	192	33
122	192	153
123	192	84
132	192	65
138	192	17
139	192	55
141	192	85
146	192	170
153	192	111
154	192	30
155	192	48
157	192	46
159	192	17
160	192	85
162	192	91
163	192	131
164	192	126
166	192	85
167	192	40
169	192	13
171	192	45
174	192	41
175	192	52
176	192	53
177	192	168
179	192	103
182	192	84
187	192	19
189	192	45
190	192	26
192	192	100
193	192	7
194	192	62
196	192	45
197	192	80
199	192	104
200	192	29
202	192	134
203	192	38
204	192	90
205	192	64
207	192	172
208	192	106
209	192	139
210	192	76
211	192	44
212	192	70
213	192	84
214	192	127
215	192	91
217	192	125
219	192	48
220	192	18
222	192	71
223	192	69
225	192	41
227	192	70
229	192	105
231	192	22
232	192	57
234	192	51
235	192	85
238	192	5
240	192	22
242	192	29
243	192	73
16	191	69
20	191	44
22	191	104
23	191	36
26	191	38
30	191	39
31	191	61
33	191	38
35	191	46
36	191	26
43	191	79
45	191	48
47	191	77
50	191	35
54	191	41
56	191	61
60	191	30
63	191	36
65	191	47
67	191	77
69	191	38
71	191	26
81	191	25
82	191	66
83	191	19
96	191	44
97	191	28
105	191	38
106	191	63
109	191	22
115	191	40
119	191	40
121	191	37
135	191	12
138	191	34
139	191	179
142	191	33
145	191	16
150	191	5
155	191	16
164	191	16
165	191	111
166	191	60
169	191	24
171	191	73
172	191	142
175	191	61
179	191	112
180	191	72
181	191	88
182	191	116
186	191	61
187	191	126
190	191	46
192	191	64
193	191	52
194	191	44
195	191	55
196	191	6
199	191	88
201	191	72
203	191	79
204	191	57
205	191	62
207	191	37
208	191	65
209	191	139
210	191	100
211	191	91
212	191	180
215	191	11
216	191	130
217	191	125
218	191	49
219	191	94
220	191	95
221	191	51
222	191	89
223	191	22
224	191	98
225	191	54
227	191	132
232	191	142
235	191	56
237	191	53
238	191	50
240	191	37
243	191	45
244	191	73
18	190	131
22	190	42
26	190	64
28	190	100
30	190	36
31	190	62
36	190	41
39	190	51
42	190	72
43	190	49
47	190	49
56	190	8
60	190	54
61	190	100
63	190	66
64	190	130
69	190	64
77	190	73
83	190	88
84	190	44
85	190	60
92	190	69
96	190	25
97	190	45
100	190	80
109	190	90
118	190	40
121	190	82
122	190	93
129	190	2
140	190	41
46	246	52
158	246	42
37	245	87
93	245	22
18	244	34
19	244	107
22	244	34
37	244	92
52	244	44
53	244	58
62	244	38
85	244	25
87	244	30
93	244	55
100	244	46
117	244	46
121	244	41
123	244	63
128	244	40
129	244	47
145	244	81
200	244	37
34	243	79
35	243	14
50	243	87
76	243	57
80	243	47
85	243	60
87	243	90
89	243	72
93	243	55
97	243	48
101	243	57
104	243	79
105	243	61
108	243	53
113	243	115
114	243	48
116	243	81
119	243	54
122	243	68
125	243	49
128	243	57
133	243	20
135	243	24
141	243	59
160	243	19
203	243	70
34	242	17
44	242	92
45	242	35
70	242	43
78	242	59
81	242	75
82	242	20
83	242	19
87	242	64
88	242	78
91	242	27
92	242	99
93	242	26
94	242	85
100	242	47
101	242	58
104	242	87
107	242	76
109	242	49
112	242	38
118	242	107
126	242	82
128	242	42
138	242	37
151	242	51
160	242	48
206	242	54
209	242	59
210	242	65
20	241	28
35	241	53
41	241	92
57	241	42
58	241	24
70	241	65
77	241	23
78	241	56
79	241	47
83	241	33
86	241	25
87	241	62
91	241	50
93	241	75
96	241	25
97	241	79
103	241	72
105	241	52
129	241	72
135	241	50
136	241	109
137	241	71
139	241	60
141	241	36
142	241	33
153	241	36
191	241	36
194	241	143
196	241	154
211	241	13
214	241	64
219	241	57
30	240	46
37	240	107
38	240	22
59	240	45
62	240	40
64	240	18
69	240	60
72	240	26
76	240	57
78	240	36
80	240	64
81	240	45
82	240	65
85	240	83
86	240	133
92	240	97
94	240	10
95	240	31
99	240	103
101	240	56
102	240	34
104	240	56
105	240	50
110	240	33
114	240	65
118	240	76
120	240	91
121	240	110
136	240	123
138	240	71
139	240	44
141	240	44
159	240	21
178	240	39
194	240	18
210	240	25
211	240	59
20	239	59
30	239	33
53	239	69
54	239	65
56	239	29
62	239	77
63	239	45
64	239	95
65	239	15
69	239	40
75	239	59
76	239	31
78	239	118
79	239	72
81	239	39
86	239	95
90	239	165
91	239	59
93	239	44
95	239	38
97	239	33
99	239	33
107	239	54
108	239	56
109	239	46
112	239	48
120	239	15
125	239	105
134	239	80
137	239	25
146	239	35
147	239	48
154	239	57
155	239	32
158	239	44
164	239	81
181	239	34
183	239	27
196	239	31
220	239	30
37	238	25
39	238	61
43	238	77
44	238	56
46	238	36
51	238	51
# chipNumber: 4
# chipName:   G 10 W69
# numHits:    76
27	238	62
27	237	72
20	236	76
20	235	39
45	233	56
48	233	47
55	233	57
10	231	29
18	231	90
29	231	31
26	230	62
19	228	63
38	226	55
42	226	81
15	222	51
36	222	67
37	222	38
15	219	59
18	219	60
21	219	37
22	219	48
33	219	47
37	218	39
75	218	59
8	217	57
10	217	47
23	217	82
10	215	69
30	215	82
43	214	82
51	214	22
19	213	37
125	213	6
33	212	52
38	212	68
39	212	27
35	211	62
50	211	45
53	211	48
23	210	69
24	210	46
46	209	20
18	208	42
17	207	37
52	206	36
30	205	79
35	205	73
41	204	45
42	204	43
11	202	43
37	199	66
75	199	78
22	198	30
23	198	52
32	198	36
39	198	40
40	198	65
36	197	42
39	197	52
33	196	75
53	196	74
50	192	81
31	190	24
33	190	97
20	188	73
17	133	60
13	128	33
15	128	59
21	124	36
22	105	80
9	71	17
16	65	40
17	65	48
10	62	49
16	62	42
13	61	102
# chipNumber: 5
# chipName:   D 9 W69
# numHits:    56
150	215	23
136	214	51
120	212	38
138	204	59
148	197	80
149	197	41
137	196	46
149	196	55
130	184	38
135	179	26
123	174	65
124	174	59
124	173	52
127	173	86
122	172	15
127	172	29
126	171	19
157	169	59
142	166	62
104	160	48
108	157	38
140	154	32
107	152	45
123	149	12
128	149	38
129	146	40
113	141	20
129	141	5
131	138	44
129	137	42
138	128	36
99	127	12
112	126	22
111	124	6
100	120	15
121	119	19
117	118	51
119	99	31
112	98	26
24	93	43
105	72	19
106	66	38
19	64	62
92	52	20
73	46	92
88	45	50
95	43	46
90	41	27
92	39	29
104	37	21
85	32	73
107	32	67
85	31	54
90	31	32
79	25	45
62	18	32
# chipNumber: 6
# chipName:   L 8 W69
# numHits:    14
100	236	31
166	233	11810
122	232	35
125	231	20
126	231	46
109	230	46
132	230	87
84	229	21
102	229	33
124	226	10
121	217	55
124	214	64
106	203	26
234	203	11810
