## [General]
## runNumber:        241
## runTime:       	 7200
## runTimeFrames: 	 0
## pathName:         data/runs/Run_241_181022-16-16
## dateTime:         2018-10-22.17:59:32
## numChips:         7
## shutterTime:      30
## shutterMode:      verylong
## runMode:          0
## fastClock:        0
## externalTrigger:  0
## [Event]
## eventNumber:      8148
## useHvFadc:    	 1
## fadcReadout:    	 1
## szint1ClockInt:	 0
## szint2ClockInt:	 4095
## fadcTriggerClock: 0
# chipNumber: 0
# chipName:   E 6 W69
# numHits:    186
165	214	40
167	214	26
149	211	40
204	204	39
201	202	34
163	201	20
186	201	58
181	199	8
200	198	72
188	197	31
183	196	60
166	195	38
160	194	23
163	194	60
166	194	56
167	194	49
168	194	63
181	194	14
177	193	29
180	193	50
165	192	43
169	192	39
173	192	24
201	192	49
185	191	62
171	190	62
118	189	2
174	189	20
175	189	67
197	189	43
173	188	40
175	188	60
176	188	41
193	188	35
199	188	45
152	186	16
163	186	53
176	186	45
172	185	85
174	185	38
178	185	53
190	185	51
155	184	14
138	183	26
177	182	22
152	181	45
185	181	47
187	181	68
204	181	16
146	180	59
118	179	58
121	179	37
174	179	50
167	176	16
186	176	41
137	175	43
188	175	18
126	174	62
153	174	36
169	174	29
182	174	31
196	174	44
198	174	5
90	173	21
181	172	10
186	172	75
189	172	40
223	172	19
178	171	55
183	171	49
194	171	18
127	169	26
156	169	80
157	169	29
176	169	42
162	167	36
172	167	36
191	166	32
162	165	68
169	165	42
203	165	34
137	164	36
135	163	6
187	163	33
120	162	29
132	162	12
187	162	49
100	161	24
113	161	39
114	161	50
120	161	75
134	161	52
139	161	41
134	160	53
139	160	44
161	160	30
127	159	63
176	159	67
102	158	39
118	158	27
129	158	32
127	157	26
154	157	28
185	156	42
112	155	22
120	155	32
142	155	51
180	155	66
184	155	25
101	154	17
118	154	73
197	154	53
92	153	51
126	153	61
122	152	36
155	152	44
109	150	38
136	150	42
137	150	36
109	149	51
111	149	29
123	149	24
136	149	47
137	149	46
149	149	81
108	148	59
111	148	41
121	148	54
149	148	44
98	147	48
111	147	30
136	147	62
202	147	34
129	146	42
135	146	54
136	146	20
120	145	32
121	145	55
129	145	36
134	145	22
137	145	77
144	145	59
181	145	17
100	144	16
116	143	61
125	143	21
104	142	38
112	141	41
182	140	49
136	139	67
151	138	35
124	136	37
187	136	41
111	134	49
122	134	29
94	133	52
118	133	58
126	133	19
92	132	62
124	132	68
104	131	37
125	131	59
132	131	72
142	131	22
125	130	46
128	129	32
130	129	60
144	128	40
151	128	30
128	127	30
128	126	20
145	126	59
107	124	36
132	121	55
103	120	36
105	120	47
128	120	40
122	119	57
118	118	104
122	118	23
143	116	36
120	115	29
129	115	7
135	115	41
142	113	26
109	111	54
# chipNumber: 1
# chipName:   K 6 W69
# numHits:    56
206	243	25
179	241	33
199	241	95
211	241	48
199	240	59
218	240	19
198	239	23
231	239	55
218	238	22
230	235	20
200	234	42
202	232	32
218	232	51
230	232	64
212	231	15
217	231	70
188	230	59
206	230	51
179	229	46
196	229	56
210	229	73
216	229	74
185	228	56
216	228	86
221	228	46
195	227	27
222	227	57
228	227	71
198	226	15
204	226	62
212	226	65
214	226	30
191	225	32
213	225	91
217	225	44
213	224	23
214	224	73
220	224	27
221	224	60
187	223	31
195	223	40
190	220	61
187	218	11
201	218	50
173	217	39
183	216	89
199	215	16
194	211	46
201	209	49
193	208	85
195	205	73
216	205	39
202	204	41
204	204	90
175	202	33
212	181	50
# chipNumber: 2
# chipName:   H 9 W69
# numHits:    29
238	222	22
247	205	77
244	204	36
239	175	70
243	137	71
240	133	88
247	131	67
245	129	41
245	127	52
240	125	39
244	125	74
244	124	59
243	120	60
244	120	61
239	117	61
208	116	62
245	116	48
230	114	75
244	113	91
246	112	57
242	111	43
244	108	79
242	104	35
244	103	23
239	101	51
238	98	63
235	97	64
240	95	68
245	93	26
# chipNumber: 3
# chipName:   H 10 W69
# numHits:    21573
130	225	98
131	225	31
140	225	36
142	225	22
143	225	146
144	225	57
145	225	31
146	225	68
147	225	81
153	225	133
154	225	71
156	225	73
157	225	54
158	225	78
163	225	42
171	225	59
173	225	28
177	225	45
179	225	18
181	225	99
184	225	55
191	225	119
192	225	72
193	225	43
194	225	58
199	225	37
201	225	23
202	225	32
203	225	75
205	225	61
212	225	59
236	225	23
10	224	79
12	224	65
13	224	58
14	224	95
17	224	22
20	224	107
22	224	122
24	224	80
27	224	84
29	224	22
32	224	131
33	224	58
34	224	16
35	224	91
36	224	107
37	224	167
39	224	164
40	224	142
41	224	128
42	224	192
43	224	67
45	224	26
46	224	92
48	224	96
51	224	75
52	224	88
53	224	74
54	224	52
55	224	63
57	224	31
58	224	103
61	224	23
62	224	47
67	224	29
69	224	88
71	224	46
74	224	86
75	224	52
76	224	107
79	224	19
83	224	60
84	224	69
85	224	75
87	224	25
88	224	148
89	224	49
90	224	74
91	224	26
95	224	92
98	224	63
104	224	18
109	224	173
110	224	105
111	224	132
113	224	63
117	224	93
118	224	32
119	224	151
120	224	134
123	224	34
126	224	70
130	224	84
132	224	38
133	224	30
135	224	67
136	224	65
141	224	43
144	224	91
147	224	83
149	224	28
150	224	86
151	224	51
152	224	39
155	224	81
156	224	137
157	224	58
159	224	63
163	224	99
164	224	71
165	224	41
166	224	85
168	224	61
172	224	18
178	224	115
180	224	59
184	224	65
189	224	97
191	224	150
192	224	73
194	224	21
196	224	57
209	224	42
210	224	61
20	223	39
22	223	131
28	223	14
29	223	82
30	223	100
31	223	110
34	223	169
40	223	22
41	223	133
42	223	74
43	223	16
45	223	34
46	223	48
48	223	82
51	223	45
56	223	44
57	223	116
58	223	71
59	223	41
61	223	44
62	223	94
63	223	66
67	223	55
69	223	112
71	223	16
72	223	82
73	223	108
74	223	52
76	223	37
77	223	68
83	223	92
84	223	64
86	223	23
89	223	25
90	223	29
92	223	50
94	223	63
95	223	48
99	223	47
101	223	111
103	223	49
108	223	99
109	223	44
110	223	80
111	223	30
116	223	59
120	223	97
122	223	64
123	223	105
124	223	38
125	223	19
126	223	46
127	223	118
128	223	81
137	223	43
138	223	48
143	223	27
145	223	24
146	223	34
147	223	63
153	223	62
159	223	62
161	223	77
165	223	26
166	223	37
170	223	81
172	223	94
174	223	43
175	223	59
177	223	74
185	223	28
186	223	19
187	223	67
192	223	96
195	223	76
196	223	54
198	223	46
11	222	51
13	222	56
14	222	63
15	222	55
16	222	84
17	222	32
18	222	17
20	222	60
24	222	57
25	222	60
26	222	140
28	222	105
29	222	17
31	222	64
33	222	222
34	222	119
35	222	254
36	222	86
38	222	101
39	222	130
40	222	89
41	222	63
42	222	37
44	222	34
45	222	46
46	222	44
47	222	100
48	222	119
49	222	76
53	222	101
57	222	62
61	222	50
64	222	43
66	222	42
67	222	82
68	222	45
72	222	38
74	222	59
77	222	105
78	222	39
80	222	31
82	222	63
85	222	47
86	222	97
87	222	94
88	222	58
92	222	52
93	222	34
94	222	60
95	222	74
96	222	64
97	222	31
98	222	55
99	222	44
103	222	36
108	222	35
111	222	44
112	222	87
116	222	70
120	222	27
124	222	48
128	222	70
130	222	108
135	222	62
136	222	42
138	222	46
139	222	58
142	222	53
143	222	111
144	222	12
146	222	139
147	222	54
148	222	34
156	222	32
160	222	140
161	222	124
162	222	111
163	222	79
164	222	119
165	222	16
167	222	131
168	222	44
171	222	40
172	222	53
174	222	123
178	222	59
180	222	94
186	222	116
187	222	95
188	222	60
189	222	134
190	222	120
191	222	28
194	222	26
201	222	20
202	222	42
209	222	56
212	222	55
215	222	62
233	222	55
14	221	13
16	221	98
19	221	51
20	221	92
22	221	38
25	221	55
26	221	98
27	221	46
28	221	63
29	221	26
30	221	51
31	221	116
32	221	46
33	221	19
34	221	64
35	221	154
36	221	76
37	221	115
38	221	78
39	221	177
40	221	194
41	221	20
42	221	84
43	221	10
47	221	89
48	221	76
49	221	46
52	221	42
56	221	40
58	221	27
59	221	128
60	221	55
64	221	62
69	221	63
70	221	51
72	221	33
74	221	69
76	221	88
85	221	60
94	221	107
95	221	78
96	221	41
98	221	77
102	221	68
104	221	26
107	221	55
110	221	52
116	221	90
120	221	48
123	221	172
124	221	45
127	221	38
131	221	71
132	221	103
134	221	15
141	221	40
145	221	90
146	221	25
150	221	50
151	221	86
152	221	62
155	221	97
161	221	89
162	221	92
164	221	104
167	221	86
169	221	127
177	221	24
180	221	68
181	221	57
182	221	72
186	221	70
188	221	68
189	221	106
192	221	42
195	221	36
197	221	93
199	221	12
202	221	26
204	221	68
208	221	107
209	221	51
212	221	67
218	221	109
9	220	69
11	220	44
14	220	72
20	220	66
23	220	62
24	220	74
25	220	66
26	220	71
27	220	99
28	220	80
32	220	88
33	220	43
34	220	77
36	220	38
37	220	111
39	220	126
42	220	53
44	220	31
45	220	34
47	220	210
48	220	65
50	220	56
51	220	88
54	220	64
56	220	24
57	220	49
58	220	33
59	220	67
61	220	115
64	220	114
65	220	18
70	220	40
75	220	30
78	220	42
79	220	70
81	220	67
82	220	21
85	220	78
88	220	106
89	220	55
96	220	90
100	220	52
101	220	151
104	220	107
112	220	41
124	220	50
125	220	89
126	220	122
127	220	47
130	220	34
132	220	70
133	220	105
135	220	38
139	220	90
141	220	43
143	220	29
144	220	106
149	220	34
154	220	23
156	220	51
158	220	19
160	220	53
163	220	108
165	220	94
177	220	84
178	220	72
179	220	44
180	220	26
182	220	97
183	220	61
185	220	100
186	220	71
187	220	12
189	220	29
190	220	63
191	220	117
194	220	43
195	220	73
197	220	64
200	220	65
201	220	40
207	220	60
214	220	77
218	220	26
219	220	33
13	219	48
16	219	41
20	219	51
21	219	61
22	219	91
23	219	23
24	219	95
26	219	18
27	219	53
28	219	97
29	219	72
30	219	49
31	219	62
33	219	195
34	219	125
35	219	167
36	219	16
37	219	26
38	219	209
39	219	150
40	219	219
41	219	97
43	219	65
44	219	46
45	219	40
47	219	88
51	219	91
59	219	102
61	219	23
70	219	28
74	219	50
85	219	39
87	219	57
92	219	72
94	219	88
95	219	94
96	219	109
97	219	40
98	219	111
101	219	38
106	219	56
112	219	17
113	219	66
114	219	66
115	219	41
116	219	83
117	219	39
118	219	37
124	219	77
128	219	31
130	219	27
132	219	19
133	219	40
134	219	44
137	219	47
139	219	83
140	219	62
145	219	46
146	219	34
147	219	153
148	219	86
149	219	48
152	219	55
153	219	18
154	219	51
156	219	84
157	219	22
160	219	156
166	219	83
167	219	56
171	219	70
177	219	28
178	219	51
180	219	19
183	219	36
186	219	95
187	219	110
190	219	52
196	219	45
201	219	36
202	219	58
203	219	65
204	219	63
207	219	35
209	219	201
210	219	92
230	219	59
16	218	27
23	218	130
26	218	137
27	218	148
28	218	224
30	218	108
31	218	62
34	218	59
35	218	68
36	218	130
37	218	38
38	218	59
40	218	117
41	218	101
45	218	99
46	218	54
47	218	55
48	218	54
49	218	76
50	218	172
51	218	45
52	218	137
53	218	68
57	218	46
63	218	36
66	218	28
68	218	57
75	218	78
76	218	84
79	218	29
80	218	59
82	218	24
83	218	55
86	218	70
88	218	24
89	218	95
91	218	42
95	218	29
96	218	9
99	218	26
102	218	86
104	218	17
106	218	76
108	218	24
113	218	21
116	218	77
117	218	32
118	218	46
119	218	49
120	218	93
125	218	57
132	218	151
134	218	27
138	218	29
139	218	63
140	218	27
141	218	37
142	218	35
143	218	63
144	218	54
150	218	123
151	218	46
153	218	50
156	218	79
157	218	65
158	218	80
162	218	49
165	218	76
166	218	105
168	218	34
172	218	81
178	218	57
179	218	65
181	218	103
184	218	48
186	218	35
187	218	92
189	218	76
202	218	48
209	218	77
213	218	44
217	218	34
230	218	55
234	218	107
21	217	63
22	217	17
25	217	65
28	217	96
29	217	59
30	217	46
31	217	89
32	217	47
34	217	19
36	217	12
38	217	170
39	217	93
40	217	147
41	217	36
42	217	106
44	217	28
45	217	49
46	217	78
48	217	34
50	217	57
51	217	92
52	217	82
53	217	67
54	217	72
55	217	112
56	217	57
63	217	44
64	217	51
68	217	47
71	217	37
86	217	46
90	217	34
92	217	65
93	217	48
94	217	46
99	217	25
100	217	45
101	217	101
105	217	24
112	217	68
116	217	82
117	217	54
118	217	71
119	217	79
120	217	109
127	217	62
128	217	44
133	217	113
135	217	25
136	217	123
139	217	21
140	217	32
141	217	51
142	217	83
143	217	139
144	217	165
145	217	71
153	217	78
156	217	18
157	217	59
158	217	105
159	217	105
160	217	137
161	217	73
162	217	32
163	217	146
166	217	90
169	217	26
172	217	36
174	217	53
176	217	75
177	217	21
179	217	90
180	217	74
181	217	25
183	217	84
184	217	64
186	217	26
194	217	67
198	217	34
201	217	49
202	217	70
203	217	43
204	217	115
207	217	35
209	217	54
211	217	21
216	217	30
14	216	44
15	216	28
18	216	78
19	216	34
20	216	167
21	216	79
22	216	77
23	216	45
24	216	51
28	216	40
29	216	61
32	216	31
33	216	123
36	216	154
40	216	90
44	216	75
46	216	168
47	216	39
48	216	52
49	216	87
50	216	14
51	216	158
54	216	49
55	216	48
58	216	66
62	216	27
64	216	48
65	216	137
66	216	29
67	216	119
74	216	34
78	216	51
79	216	110
80	216	39
85	216	31
88	216	34
89	216	15
91	216	39
93	216	85
95	216	102
96	216	114
98	216	65
99	216	85
104	216	38
106	216	53
111	216	102
113	216	55
114	216	79
121	216	80
126	216	55
130	216	3
131	216	84
132	216	49
136	216	59
137	216	37
140	216	158
141	216	55
142	216	162
144	216	62
146	216	25
148	216	105
149	216	43
150	216	53
151	216	27
152	216	174
154	216	46
156	216	68
157	216	54
159	216	27
160	216	78
161	216	31
162	216	102
163	216	48
166	216	56
169	216	57
174	216	35
177	216	72
178	216	158
181	216	39
183	216	71
187	216	132
192	216	120
193	216	63
194	216	16
197	216	83
200	216	17
205	216	26
206	216	36
215	216	55
216	216	29
221	216	62
18	215	46
24	215	78
25	215	102
26	215	49
27	215	69
28	215	26
30	215	47
32	215	90
34	215	33
35	215	65
37	215	106
39	215	99
40	215	31
41	215	47
42	215	23
43	215	98
48	215	74
49	215	55
50	215	67
51	215	82
52	215	72
56	215	51
63	215	36
65	215	156
66	215	107
67	215	96
68	215	160
69	215	31
73	215	52
74	215	54
77	215	67
80	215	58
85	215	22
86	215	115
89	215	73
90	215	41
92	215	9
93	215	72
94	215	58
97	215	54
99	215	109
102	215	111
107	215	46
110	215	119
112	215	85
113	215	25
115	215	36
119	215	36
124	215	69
125	215	49
132	215	37
134	215	91
135	215	36
137	215	141
141	215	34
143	215	69
144	215	54
145	215	57
147	215	16
148	215	73
149	215	5
150	215	94
151	215	76
153	215	85
158	215	36
160	215	147
161	215	92
162	215	163
166	215	35
173	215	79
175	215	64
179	215	100
181	215	39
186	215	41
187	215	60
188	215	61
191	215	175
193	215	74
195	215	152
196	215	37
198	215	94
200	215	49
201	215	53
206	215	39
208	215	107
216	215	115
220	215	57
8	214	66
16	214	52
20	214	65
21	214	27
22	214	49
24	214	69
25	214	77
28	214	19
29	214	87
33	214	52
34	214	146
36	214	58
37	214	98
38	214	109
39	214	95
40	214	72
47	214	90
49	214	52
50	214	32
51	214	67
54	214	122
55	214	66
56	214	51
58	214	70
59	214	15
61	214	41
64	214	34
65	214	55
66	214	49
69	214	64
70	214	58
71	214	35
82	214	41
83	214	30
85	214	37
87	214	49
89	214	58
90	214	73
91	214	67
92	214	67
93	214	194
96	214	104
98	214	28
99	214	49
100	214	41
103	214	64
107	214	59
110	214	67
112	214	73
114	214	56
121	214	29
124	214	103
133	214	53
135	214	56
138	214	50
139	214	91
140	214	111
143	214	46
144	214	57
145	214	116
148	214	42
150	214	78
152	214	59
153	214	59
154	214	31
155	214	12
156	214	93
159	214	84
160	214	122
161	214	76
164	214	78
166	214	34
169	214	42
175	214	20
176	214	39
177	214	91
180	214	52
181	214	48
184	214	117
187	214	48
194	214	154
196	214	47
208	214	65
209	214	94
212	214	43
213	214	15
215	214	109
225	214	61
12	213	70
13	213	37
14	213	15
17	213	128
25	213	128
26	213	85
27	213	44
29	213	192
30	213	86
31	213	151
33	213	110
34	213	137
37	213	57
38	213	85
43	213	41
44	213	72
48	213	183
51	213	13
53	213	21
54	213	43
56	213	68
61	213	32
62	213	43
70	213	42
71	213	52
73	213	130
75	213	13
80	213	67
81	213	82
86	213	62
88	213	37
90	213	46
92	213	90
94	213	98
95	213	52
98	213	43
100	213	90
112	213	48
114	213	70
116	213	99
117	213	13
121	213	37
125	213	32
126	213	79
127	213	16
137	213	8
138	213	49
142	213	23
147	213	72
148	213	22
149	213	80
151	213	52
152	213	36
153	213	34
157	213	66
159	213	45
162	213	50
164	213	152
174	213	77
175	213	61
176	213	116
177	213	29
178	213	73
182	213	71
183	213	157
190	213	27
191	213	82
194	213	25
195	213	36
197	213	99
199	213	54
200	213	96
208	213	22
209	213	87
224	213	89
14	212	54
16	212	28
18	212	51
19	212	31
22	212	27
24	212	39
25	212	82
28	212	96
29	212	56
30	212	61
31	212	86
34	212	30
35	212	106
38	212	55
39	212	56
40	212	40
41	212	79
42	212	93
43	212	63
44	212	60
45	212	56
48	212	39
51	212	54
52	212	36
54	212	148
55	212	107
56	212	70
58	212	60
61	212	44
63	212	45
67	212	106
74	212	25
76	212	63
77	212	54
78	212	42
79	212	30
81	212	48
82	212	67
86	212	63
89	212	71
95	212	86
98	212	157
102	212	108
103	212	87
104	212	106
109	212	56
111	212	47
113	212	48
116	212	56
120	212	66
121	212	45
123	212	75
124	212	60
130	212	106
135	212	21
138	212	43
144	212	75
146	212	70
148	212	165
150	212	90
151	212	69
153	212	185
154	212	26
157	212	32
158	212	181
159	212	49
162	212	57
167	212	64
169	212	25
170	212	23
173	212	85
177	212	86
182	212	90
183	212	31
185	212	40
189	212	37
192	212	26
194	212	50
199	212	54
217	212	177
218	212	141
220	212	37
221	212	85
228	212	42
247	212	54
20	211	17
22	211	104
23	211	33
25	211	99
26	211	50
27	211	95
28	211	48
30	211	93
36	211	68
38	211	45
39	211	67
40	211	52
41	211	44
42	211	187
43	211	90
44	211	118
45	211	113
46	211	51
47	211	84
49	211	81
51	211	19
53	211	190
55	211	15
59	211	37
60	211	66
65	211	41
66	211	58
67	211	59
69	211	42
71	211	64
72	211	44
73	211	70
74	211	64
77	211	44
79	211	104
80	211	134
82	211	105
83	211	66
90	211	45
92	211	25
93	211	60
95	211	97
96	211	110
98	211	49
100	211	41
102	211	50
104	211	31
113	211	83
122	211	70
126	211	107
127	211	23
129	211	55
130	211	89
131	211	116
135	211	75
136	211	49
139	211	60
145	211	53
147	211	101
148	211	74
151	211	36
152	211	101
155	211	66
157	211	44
164	211	56
166	211	83
168	211	37
170	211	70
171	211	24
184	211	126
185	211	49
187	211	70
191	211	103
194	211	88
195	211	19
202	211	22
203	211	54
207	211	59
217	211	55
221	211	79
223	211	52
13	210	40
18	210	101
20	210	15
21	210	82
23	210	31
26	210	91
33	210	41
34	210	30
35	210	76
36	210	40
37	210	26
39	210	56
41	210	32
42	210	103
43	210	120
44	210	41
45	210	43
47	210	79
50	210	77
51	210	130
54	210	95
55	210	111
56	210	84
60	210	103
61	210	40
62	210	85
63	210	102
64	210	116
66	210	80
68	210	38
69	210	57
72	210	104
73	210	164
74	210	124
77	210	37
80	210	120
85	210	59
86	210	176
87	210	98
88	210	39
89	210	29
91	210	47
93	210	21
96	210	52
97	210	101
98	210	270
99	210	108
100	210	58
101	210	51
108	210	24
110	210	126
117	210	106
123	210	27
130	210	63
131	210	110
132	210	28
134	210	81
137	210	65
154	210	75
155	210	65
156	210	126
158	210	69
159	210	22
161	210	100
162	210	54
165	210	6
171	210	67
174	210	62
184	210	132
190	210	26
191	210	104
192	210	122
193	210	69
194	210	63
198	210	92
200	210	148
203	210	36
204	210	46
206	210	21
207	210	47
210	210	29
214	210	66
223	210	40
242	210	72
11	209	27
14	209	64
16	209	62
18	209	42
19	209	71
21	209	33
25	209	59
28	209	5
30	209	34
31	209	102
33	209	58
37	209	22
41	209	45
42	209	57
43	209	84
45	209	61
50	209	52
55	209	35
60	209	55
63	209	15
64	209	30
66	209	68
72	209	129
73	209	56
75	209	10
77	209	112
79	209	40
80	209	66
81	209	82
84	209	172
85	209	86
90	209	90
92	209	73
93	209	50
94	209	58
96	209	49
102	209	91
103	209	63
105	209	66
110	209	67
121	209	26
122	209	3
126	209	105
128	209	19
130	209	55
131	209	73
132	209	126
136	209	77
138	209	23
139	209	79
140	209	18
141	209	98
149	209	32
151	209	41
159	209	35
161	209	64
162	209	73
167	209	94
169	209	71
171	209	14
174	209	109
175	209	94
176	209	39
177	209	34
178	209	121
180	209	81
183	209	47
184	209	46
187	209	18
188	209	54
190	209	65
192	209	88
195	209	33
196	209	47
197	209	28
198	209	75
200	209	60
202	209	111
203	209	53
210	209	95
211	209	48
218	209	11
220	209	40
223	209	58
236	209	45
246	209	54
10	208	10
16	208	36
18	208	46
20	208	22
21	208	57
22	208	145
23	208	92
29	208	130
30	208	139
32	208	175
34	208	44
35	208	87
36	208	62
38	208	57
39	208	48
40	208	41
47	208	43
49	208	39
52	208	50
53	208	19
54	208	69
56	208	60
59	208	48
60	208	52
67	208	115
68	208	24
69	208	56
70	208	160
72	208	151
82	208	51
89	208	93
90	208	71
91	208	132
94	208	57
95	208	78
96	208	17
97	208	46
98	208	44
99	208	25
100	208	43
101	208	125
102	208	38
104	208	15
110	208	55
112	208	58
116	208	40
123	208	36
124	208	21
125	208	39
126	208	86
129	208	67
131	208	42
132	208	54
145	208	35
146	208	121
148	208	46
151	208	98
153	208	34
156	208	29
161	208	61
167	208	109
171	208	47
172	208	35
173	208	85
177	208	83
180	208	41
188	208	70
192	208	61
193	208	50
194	208	59
195	208	100
196	208	66
197	208	51
198	208	84
200	208	64
202	208	33
203	208	77
205	208	54
208	208	121
209	208	36
216	208	68
217	208	65
220	208	160
221	208	23
225	208	56
229	208	33
237	208	35
248	208	103
9	207	37
20	207	119
27	207	49
28	207	34
30	207	100
31	207	74
32	207	85
33	207	52
34	207	96
37	207	18
42	207	51
44	207	130
45	207	55
46	207	67
47	207	100
51	207	37
54	207	60
55	207	58
57	207	32
58	207	67
59	207	20
63	207	65
64	207	160
67	207	52
68	207	67
69	207	54
71	207	57
72	207	64
74	207	59
76	207	51
80	207	26
81	207	41
82	207	42
84	207	95
85	207	107
89	207	45
90	207	33
91	207	54
92	207	129
95	207	101
98	207	50
99	207	120
103	207	33
104	207	77
106	207	74
112	207	101
113	207	56
124	207	84
128	207	64
129	207	91
130	207	62
131	207	85
132	207	64
134	207	64
138	207	34
141	207	45
143	207	46
145	207	59
146	207	59
148	207	78
150	207	46
151	207	84
152	207	38
153	207	60
162	207	83
164	207	114
167	207	82
172	207	28
173	207	52
174	207	109
175	207	88
178	207	74
183	207	52
185	207	53
186	207	45
187	207	44
188	207	34
192	207	87
198	207	64
202	207	42
205	207	64
207	207	101
208	207	30
213	207	48
215	207	58
218	207	13
219	207	132
239	207	43
241	207	74
14	206	76
17	206	62
23	206	45
25	206	57
27	206	76
28	206	151
30	206	9
32	206	61
34	206	112
36	206	19
37	206	135
38	206	32
41	206	115
42	206	69
43	206	44
46	206	53
47	206	66
48	206	62
49	206	49
50	206	44
51	206	50
52	206	66
53	206	30
54	206	80
55	206	41
56	206	46
58	206	73
59	206	86
60	206	50
62	206	128
64	206	151
71	206	117
72	206	109
80	206	68
85	206	34
86	206	74
88	206	60
93	206	29
96	206	34
98	206	30
102	206	61
105	206	134
106	206	25
113	206	37
119	206	51
121	206	22
123	206	61
125	206	6
126	206	32
129	206	53
135	206	33
136	206	82
144	206	57
145	206	47
147	206	46
149	206	166
150	206	72
154	206	72
157	206	49
158	206	57
160	206	57
167	206	58
168	206	77
170	206	21
173	206	65
174	206	38
178	206	74
181	206	69
184	206	47
187	206	61
188	206	150
189	206	75
190	206	57
191	206	52
192	206	93
193	206	64
194	206	111
195	206	72
196	206	78
199	206	70
201	206	62
209	206	59
215	206	44
216	206	51
219	206	79
232	206	58
235	206	108
241	206	71
242	206	47
11	205	40
12	205	103
17	205	22
21	205	51
22	205	73
23	205	32
24	205	36
26	205	14
28	205	83
29	205	80
30	205	81
35	205	41
36	205	40
39	205	55
40	205	13
42	205	84
43	205	37
44	205	91
46	205	32
47	205	28
48	205	31
50	205	45
51	205	106
52	205	56
53	205	81
54	205	53
59	205	48
60	205	71
61	205	41
62	205	164
64	205	13
65	205	37
66	205	18
71	205	102
72	205	69
76	205	60
82	205	134
85	205	161
90	205	62
92	205	73
94	205	119
96	205	169
97	205	49
100	205	53
102	205	62
107	205	45
110	205	15
111	205	33
112	205	44
116	205	33
124	205	33
125	205	54
127	205	82
134	205	39
137	205	24
141	205	73
147	205	78
148	205	100
149	205	34
161	205	60
165	205	37
168	205	28
169	205	36
172	205	55
175	205	141
179	205	44
180	205	39
185	205	42
187	205	68
188	205	66
189	205	58
191	205	67
194	205	111
196	205	49
201	205	26
205	205	77
207	205	88
208	205	103
209	205	99
211	205	44
215	205	74
219	205	59
222	205	38
231	205	58
241	205	106
14	204	24
15	204	68
17	204	154
19	204	46
20	204	15
23	204	96
26	204	68
27	204	54
29	204	39
30	204	88
32	204	38
33	204	52
35	204	79
36	204	107
37	204	59
40	204	69
42	204	53
43	204	84
45	204	87
46	204	65
49	204	67
51	204	48
52	204	42
53	204	95
54	204	17
59	204	141
61	204	49
62	204	79
67	204	93
71	204	62
72	204	64
76	204	36
77	204	24
81	204	72
82	204	125
84	204	45
86	204	79
88	204	36
89	204	119
94	204	36
95	204	29
97	204	34
98	204	41
99	204	50
100	204	41
101	204	37
102	204	87
111	204	18
114	204	89
116	204	47
117	204	68
125	204	93
131	204	128
132	204	34
134	204	99
142	204	44
146	204	168
147	204	38
148	204	65
152	204	54
153	204	72
154	204	83
157	204	62
159	204	90
161	204	26
163	204	18
167	204	192
173	204	59
175	204	22
179	204	33
180	204	57
181	204	40
182	204	55
184	204	44
186	204	49
188	204	82
189	204	152
192	204	34
195	204	15
196	204	120
198	204	97
201	204	22
203	204	69
204	204	34
208	204	129
223	204	74
225	204	28
227	204	40
233	204	27
238	204	17
244	204	54
11	203	18
14	203	63
15	203	99
19	203	63
20	203	17
21	203	24
22	203	21
28	203	66
29	203	158
32	203	94
34	203	25
35	203	62
36	203	71
37	203	34
38	203	45
39	203	38
40	203	57
41	203	59
42	203	19
45	203	68
49	203	30
50	203	64
51	203	95
52	203	98
53	203	83
54	203	115
55	203	68
62	203	43
63	203	64
64	203	38
65	203	123
66	203	63
69	203	39
71	203	28
73	203	22
74	203	58
75	203	67
78	203	76
83	203	21
85	203	20
86	203	57
89	203	57
93	203	28
95	203	79
96	203	25
101	203	120
104	203	22
110	203	22
111	203	62
125	203	16
128	203	51
129	203	47
130	203	94
133	203	23
143	203	84
147	203	35
151	203	52
153	203	61
155	203	115
164	203	86
170	203	40
171	203	53
172	203	51
175	203	120
176	203	109
180	203	30
186	203	129
187	203	72
188	203	186
189	203	23
190	203	51
195	203	112
196	203	54
198	203	49
205	203	38
210	203	76
218	203	59
219	203	52
221	203	28
232	203	89
239	203	45
243	203	28
9	202	58
11	202	21
16	202	28
19	202	30
20	202	60
21	202	46
22	202	174
25	202	45
26	202	75
27	202	53
28	202	59
29	202	30
30	202	119
34	202	81
37	202	103
39	202	74
40	202	84
41	202	50
42	202	21
43	202	53
44	202	112
45	202	111
47	202	78
48	202	81
49	202	59
50	202	41
55	202	22
57	202	71
62	202	198
70	202	34
77	202	50
79	202	26
80	202	56
82	202	15
84	202	51
90	202	71
94	202	51
95	202	67
96	202	119
97	202	37
100	202	36
101	202	105
103	202	46
112	202	69
113	202	124
118	202	81
122	202	23
124	202	105
125	202	21
128	202	117
129	202	138
130	202	118
131	202	77
133	202	40
134	202	99
135	202	61
136	202	19
140	202	51
142	202	67
146	202	63
150	202	40
153	202	36
155	202	12
156	202	42
162	202	37
165	202	30
166	202	34
167	202	103
170	202	72
171	202	104
179	202	114
181	202	93
183	202	52
186	202	113
187	202	44
191	202	27
193	202	70
196	202	91
197	202	52
198	202	74
200	202	107
201	202	95
202	202	134
204	202	52
205	202	56
206	202	65
214	202	53
216	202	50
217	202	90
220	202	30
225	202	86
229	202	61
230	202	63
234	202	85
14	201	78
19	201	128
20	201	115
22	201	57
23	201	48
25	201	53
26	201	82
27	201	45
28	201	31
31	201	53
32	201	42
33	201	30
36	201	56
37	201	247
38	201	39
39	201	41
41	201	64
42	201	141
43	201	68
49	201	155
51	201	63
55	201	44
62	201	79
63	201	79
65	201	32
67	201	45
70	201	39
73	201	89
79	201	157
80	201	26
81	201	92
85	201	54
87	201	62
88	201	81
89	201	34
93	201	125
94	201	97
95	201	26
96	201	60
101	201	48
104	201	33
106	201	37
107	201	42
109	201	82
110	201	70
111	201	74
112	201	94
113	201	48
125	201	44
128	201	100
131	201	28
133	201	26
136	201	131
137	201	128
146	201	69
148	201	134
157	201	25
159	201	52
160	201	25
161	201	59
164	201	40
169	201	91
170	201	148
171	201	86
172	201	50
181	201	100
196	201	28
200	201	40
201	201	54
202	201	38
206	201	57
208	201	83
209	201	78
212	201	95
214	201	54
217	201	78
219	201	36
223	201	57
225	201	92
227	201	52
234	201	161
12	200	44
13	200	132
14	200	38
15	200	48
16	200	56
17	200	59
18	200	139
19	200	54
21	200	38
22	200	96
23	200	147
25	200	116
26	200	29
27	200	125
28	200	74
29	200	57
30	200	219
31	200	73
34	200	66
36	200	137
37	200	86
38	200	70
41	200	112
42	200	133
43	200	143
48	200	22
52	200	22
54	200	57
55	200	113
57	200	95
59	200	147
60	200	78
63	200	60
64	200	30
65	200	98
67	200	50
71	200	67
72	200	30
73	200	22
74	200	195
79	200	57
82	200	53
83	200	59
86	200	82
87	200	91
89	200	156
91	200	101
92	200	54
96	200	50
101	200	87
107	200	93
108	200	95
111	200	61
112	200	43
113	200	64
122	200	59
124	200	21
125	200	98
127	200	18
128	200	63
129	200	13
133	200	42
139	200	89
141	200	16
147	200	56
148	200	69
149	200	62
150	200	94
151	200	40
152	200	164
154	200	57
156	200	70
159	200	23
168	200	103
180	200	49
183	200	42
186	200	114
187	200	52
189	200	65
190	200	65
191	200	97
193	200	98
195	200	54
196	200	45
200	200	111
204	200	59
205	200	120
209	200	41
210	200	67
212	200	56
213	200	97
219	200	40
220	200	136
222	200	41
223	200	132
226	200	70
228	200	66
229	200	140
234	200	22
235	200	73
238	200	59
10	199	49
11	199	36
12	199	84
15	199	41
16	199	25
21	199	55
22	199	37
23	199	73
24	199	55
25	199	56
31	199	181
32	199	47
33	199	51
34	199	47
35	199	27
36	199	52
37	199	99
38	199	49
40	199	28
44	199	25
47	199	79
51	199	95
54	199	106
55	199	147
56	199	26
60	199	62
64	199	42
65	199	93
69	199	100
71	199	42
72	199	149
73	199	81
74	199	74
77	199	21
78	199	61
81	199	29
82	199	54
85	199	92
86	199	90
87	199	63
88	199	93
89	199	186
90	199	89
93	199	50
95	199	90
96	199	57
97	199	43
98	199	172
102	199	91
105	199	79
106	199	60
108	199	34
111	199	60
112	199	44
117	199	36
122	199	28
127	199	66
128	199	8
134	199	24
136	199	81
139	199	103
140	199	84
141	199	34
144	199	51
146	199	33
149	199	89
152	199	112
153	199	102
154	199	156
155	199	38
156	199	158
159	199	24
161	199	61
165	199	42
168	199	18
169	199	54
170	199	118
188	199	37
189	199	33
190	199	81
192	199	83
194	199	26
197	199	92
201	199	25
208	199	106
209	199	51
210	199	12
212	199	72
214	199	82
215	199	47
219	199	48
222	199	180
224	199	96
228	199	38
229	199	74
230	199	54
238	199	13
13	198	100
17	198	143
18	198	75
19	198	84
21	198	66
22	198	47
23	198	113
25	198	31
27	198	71
28	198	54
29	198	42
30	198	68
32	198	50
33	198	83
37	198	48
39	198	94
40	198	59
43	198	42
44	198	114
45	198	164
48	198	144
50	198	37
51	198	23
55	198	84
59	198	61
60	198	83
62	198	51
64	198	70
68	198	63
70	198	40
71	198	35
74	198	57
82	198	42
83	198	47
84	198	51
85	198	46
86	198	38
87	198	19
88	198	73
89	198	21
93	198	49
97	198	114
98	198	91
99	198	58
103	198	91
105	198	54
109	198	51
113	198	82
120	198	53
127	198	51
134	198	74
135	198	46
139	198	45
148	198	67
153	198	67
162	198	97
169	198	27
172	198	78
173	198	87
176	198	27
178	198	24
179	198	49
181	198	65
184	198	6
187	198	62
188	198	105
189	198	21
190	198	37
192	198	48
195	198	32
196	198	73
203	198	73
204	198	75
209	198	67
210	198	22
211	198	59
212	198	54
213	198	54
215	198	65
217	198	36
222	198	31
223	198	21
225	198	85
226	198	59
227	198	103
228	198	64
229	198	53
230	198	141
231	198	42
236	198	107
237	198	85
238	198	49
14	197	64
20	197	73
22	197	43
23	197	139
24	197	47
25	197	92
26	197	33
27	197	34
29	197	36
31	197	26
32	197	46
33	197	32
34	197	63
35	197	137
36	197	86
38	197	113
40	197	87
41	197	60
48	197	155
49	197	29
55	197	50
56	197	111
59	197	38
60	197	63
61	197	67
65	197	70
67	197	71
68	197	38
69	197	131
70	197	90
72	197	106
73	197	77
74	197	100
75	197	71
76	197	54
78	197	43
79	197	30
82	197	30
83	197	6
84	197	91
85	197	119
86	197	98
87	197	98
91	197	36
97	197	108
98	197	49
99	197	42
102	197	27
103	197	99
104	197	92
112	197	86
133	197	60
138	197	30
147	197	32
149	197	52
155	197	42
157	197	22
158	197	87
159	197	77
163	197	29
169	197	24
178	197	38
179	197	164
181	197	108
184	197	113
185	197	27
187	197	94
191	197	112
192	197	33
195	197	23
198	197	33
209	197	82
210	197	75
218	197	40
221	197	59
227	197	22
229	197	49
230	197	90
232	197	42
234	197	64
239	197	55
9	196	26
13	196	64
15	196	37
17	196	60
18	196	194
20	196	44
21	196	51
24	196	129
25	196	27
26	196	73
28	196	68
29	196	13
30	196	80
32	196	87
33	196	70
34	196	77
35	196	34
37	196	108
39	196	59
40	196	33
41	196	33
42	196	59
45	196	82
46	196	16
47	196	38
48	196	60
49	196	48
50	196	70
52	196	137
53	196	101
55	196	44
56	196	85
57	196	124
59	196	40
61	196	46
63	196	125
64	196	115
70	196	67
71	196	26
74	196	79
85	196	60
90	196	106
91	196	29
93	196	159
96	196	81
101	196	21
103	196	118
105	196	33
109	196	26
112	196	65
113	196	45
114	196	44
116	196	14
123	196	51
130	196	36
131	196	42
132	196	75
134	196	76
136	196	30
137	196	77
138	196	36
139	196	17
141	196	71
145	196	106
146	196	97
149	196	22
150	196	58
154	196	57
155	196	43
156	196	36
158	196	107
159	196	114
162	196	70
166	196	69
170	196	25
172	196	93
174	196	38
176	196	81
177	196	66
178	196	29
179	196	76
181	196	36
184	196	91
187	196	126
188	196	63
189	196	105
190	196	140
191	196	48
193	196	62
196	196	47
201	196	76
203	196	38
205	196	90
210	196	132
213	196	34
215	196	33
217	196	25
218	196	40
219	196	83
221	196	97
222	196	113
227	196	59
228	196	64
229	196	108
230	196	21
231	196	61
235	196	68
237	196	39
239	196	31
8	195	57
9	195	22
19	195	101
20	195	51
22	195	55
23	195	84
25	195	7
26	195	55
27	195	55
30	195	45
31	195	79
33	195	12
34	195	46
36	195	104
37	195	23
38	195	100
39	195	38
40	195	68
43	195	48
44	195	91
45	195	41
49	195	79
50	195	113
51	195	186
52	195	105
55	195	57
58	195	49
61	195	79
64	195	49
69	195	112
74	195	46
75	195	37
76	195	34
78	195	29
83	195	169
89	195	52
91	195	31
92	195	44
98	195	21
103	195	29
109	195	44
114	195	15
128	195	57
131	195	121
134	195	91
138	195	33
139	195	3
141	195	34
143	195	26
144	195	25
146	195	65
147	195	93
148	195	80
149	195	119
164	195	79
165	195	25
166	195	36
171	195	23
173	195	52
176	195	62
178	195	24
181	195	52
183	195	61
186	195	42
187	195	64
188	195	57
189	195	77
197	195	31
198	195	158
200	195	19
201	195	17
202	195	100
205	195	73
206	195	65
207	195	48
210	195	56
213	195	35
214	195	151
220	195	38
221	195	68
223	195	63
224	195	36
226	195	87
228	195	40
229	195	98
230	195	74
232	195	98
233	195	60
236	195	23
240	195	56
11	194	30
12	194	13
15	194	57
17	194	35
18	194	110
20	194	49
22	194	105
23	194	230
24	194	152
25	194	246
26	194	74
27	194	16
28	194	130
29	194	59
30	194	182
32	194	109
34	194	60
35	194	70
36	194	201
37	194	66
38	194	245
39	194	17
40	194	45
41	194	199
42	194	7
43	194	32
45	194	53
48	194	42
50	194	74
51	194	51
52	194	118
53	194	27
54	194	60
56	194	24
58	194	52
60	194	136
64	194	27
67	194	62
68	194	22
69	194	32
70	194	67
75	194	45
77	194	54
78	194	15
80	194	81
82	194	58
83	194	68
84	194	63
85	194	7
87	194	67
89	194	57
97	194	50
101	194	193
104	194	27
107	194	67
110	194	46
112	194	66
113	194	61
115	194	44
118	194	73
121	194	67
124	194	82
126	194	31
132	194	68
135	194	37
137	194	45
139	194	89
140	194	161
143	194	42
145	194	52
147	194	55
148	194	105
151	194	25
154	194	73
157	194	55
159	194	56
166	194	73
167	194	60
172	194	70
174	194	26
178	194	112
179	194	51
180	194	48
182	194	82
184	194	27
187	194	14
190	194	58
193	194	52
196	194	31
197	194	56
198	194	88
199	194	75
200	194	40
215	194	41
220	194	142
222	194	98
223	194	53
226	194	69
227	194	79
230	194	52
231	194	120
233	194	36
11	193	78
12	193	61
16	193	22
18	193	6
19	193	137
20	193	68
21	193	57
24	193	98
29	193	57
30	193	132
31	193	66
32	193	77
33	193	23
34	193	100
35	193	78
37	193	131
38	193	207
39	193	50
42	193	112
43	193	68
44	193	67
45	193	30
46	193	52
47	193	88
50	193	52
51	193	150
52	193	53
53	193	197
58	193	28
59	193	78
60	193	52
66	193	15
67	193	71
68	193	56
69	193	106
75	193	36
76	193	44
77	193	63
79	193	73
81	193	98
82	193	71
83	193	46
84	193	49
85	193	44
88	193	83
89	193	15
90	193	144
92	193	55
94	193	45
97	193	25
99	193	49
103	193	52
106	193	75
107	193	73
108	193	61
109	193	32
117	193	77
121	193	55
124	193	91
128	193	59
131	193	59
132	193	75
137	193	102
139	193	45
142	193	56
145	193	144
147	193	82
150	193	18
152	193	50
153	193	78
155	193	25
157	193	38
159	193	31
162	193	15
164	193	24
165	193	69
167	193	28
169	193	24
170	193	122
171	193	16
173	193	79
174	193	24
177	193	91
178	193	93
179	193	94
187	193	14
188	193	110
189	193	52
192	193	90
193	193	111
194	193	199
195	193	37
197	193	67
198	193	38
199	193	63
200	193	66
202	193	70
206	193	25
209	193	40
213	193	39
215	193	65
218	193	62
219	193	43
220	193	176
221	193	48
222	193	120
226	193	48
230	193	49
231	193	75
232	193	55
233	193	78
236	193	27
239	193	50
244	193	40
10	192	53
11	192	50
15	192	114
16	192	146
18	192	46
19	192	105
21	192	39
22	192	70
23	192	81
25	192	68
26	192	50
27	192	61
31	192	30
32	192	109
33	192	225
34	192	172
35	192	276
36	192	59
37	192	98
39	192	85
40	192	90
45	192	57
46	192	69
48	192	139
49	192	120
51	192	194
53	192	55
55	192	135
56	192	20
58	192	57
61	192	34
63	192	86
64	192	73
65	192	41
67	192	44
69	192	20
70	192	125
71	192	94
72	192	43
73	192	178
74	192	76
75	192	30
76	192	59
78	192	17
79	192	56
81	192	21
82	192	26
84	192	24
90	192	9
92	192	129
93	192	88
94	192	70
111	192	54
113	192	110
128	192	85
130	192	30
131	192	99
135	192	72
139	192	26
140	192	59
141	192	67
142	192	51
144	192	102
150	192	66
151	192	5
155	192	48
156	192	71
159	192	90
163	192	55
164	192	36
165	192	59
169	192	55
170	192	43
173	192	117
174	192	33
175	192	20
179	192	41
184	192	22
185	192	145
188	192	40
190	192	86
195	192	25
200	192	65
202	192	86
203	192	45
205	192	30
206	192	66
212	192	51
214	192	22
216	192	86
218	192	106
220	192	19
221	192	51
223	192	36
225	192	92
226	192	65
228	192	47
229	192	50
230	192	119
232	192	103
234	192	91
236	192	22
238	192	38
10	191	58
12	191	49
13	191	70
14	191	26
16	191	71
18	191	68
20	191	79
21	191	57
68	245	45
121	245	54
135	245	42
139	245	51
142	245	42
153	245	45
42	244	47
50	244	56
77	244	94
85	244	66
87	244	54
96	244	70
110	244	98
114	244	71
139	244	19
140	244	92
141	244	18
158	244	17
178	244	72
181	244	38
199	244	38
25	243	46
41	243	62
57	243	26
58	243	84
65	243	29
69	243	4
70	243	63
81	243	22
83	243	60
84	243	77
93	243	53
97	243	45
98	243	70
101	243	21
109	243	32
113	243	48
117	243	33
118	243	27
119	243	48
121	243	31
122	243	66
130	243	51
131	243	43
132	243	69
133	243	90
136	243	55
138	243	77
146	243	75
162	243	27
168	243	41
171	243	15
174	243	78
184	243	38
196	243	49
35	242	76
40	242	32
42	242	93
43	242	24
46	242	39
48	242	8
54	242	96
59	242	82
61	242	57
64	242	11
70	242	46
73	242	69
79	242	39
88	242	52
89	242	28
92	242	98
100	242	65
103	242	18
117	242	22
122	242	68
123	242	51
126	242	82
143	242	48
145	242	51
149	242	68
164	242	124
165	242	84
167	242	64
192	242	35
193	242	46
202	242	33
203	242	68
214	242	70
23	241	44
31	241	40
32	241	71
34	241	22
39	241	14
58	241	41
62	241	44
63	241	38
66	241	75
70	241	29
89	241	79
97	241	22
104	241	73
111	241	39
120	241	46
125	241	65
133	241	54
134	241	52
135	241	36
148	241	53
162	241	45
164	241	65
165	241	41
166	241	56
167	241	66
170	241	29
172	241	54
176	241	34
180	241	46
182	241	59
190	241	71
200	241	60
202	241	56
27	240	46
32	240	21
34	240	43
38	240	65
39	240	53
41	240	36
42	240	94
48	240	17
51	240	49
55	240	82
58	240	66
62	240	67
66	240	33
68	240	37
71	240	60
72	240	89
87	240	38
92	240	69
95	240	41
97	240	60
99	240	39
113	240	51
121	240	66
128	240	48
132	240	67
133	240	28
135	240	51
136	240	62
138	240	63
143	240	54
149	240	26
155	240	65
163	240	59
169	240	23
170	240	69
171	240	41
172	240	51
179	240	14
185	240	42
193	240	100
202	240	79
20	239	27
21	239	66
22	239	63
28	239	51
35	239	50
36	239	22
37	239	11
47	239	38
52	239	39
55	239	29
56	239	180
59	239	66
79	239	15
80	239	52
81	239	59
86	239	82
91	239	72
92	239	89
97	239	141
98	239	64
99	239	35
102	239	53
108	239	49
109	239	26
119	239	47
120	239	31
122	239	52
128	239	17
129	239	40
131	239	11
134	239	56
142	239	28
143	239	51
147	239	62
149	239	96
153	239	60
156	239	32
162	239	93
163	239	55
166	239	32
170	239	17
171	239	63
180	239	108
183	239	33
186	239	79
193	239	57
197	239	143
202	239	58
19	238	70
20	238	58
23	238	78
26	238	38
29	238	10
30	238	60
32	238	15
34	238	87
36	238	78
55	238	56
58	238	38
59	238	26
68	238	25
69	238	74
72	238	65
78	238	18
79	238	52
80	238	60
81	238	59
87	238	31
89	238	43
92	238	111
93	238	22
96	238	163
104	238	50
109	238	30
111	238	44
113	238	25
117	238	48
118	238	46
120	238	182
121	238	33
122	238	95
125	238	86
127	238	82
134	238	76
144	238	53
146	238	102
147	238	59
148	238	108
155	238	166
156	238	119
160	238	59
161	238	41
163	238	56
166	238	76
168	238	29
174	238	42
175	238	96
183	238	24
184	238	57
190	238	23
192	238	40
196	238	32
198	238	73
205	238	51
20	237	65
28	237	33
30	237	30
31	237	48
38	237	60
42	237	63
52	237	59
53	237	57
54	237	44
57	237	68
64	237	61
66	237	18
69	237	78
70	237	86
75	237	43
88	237	102
92	237	18
95	237	27
101	237	29
102	237	68
115	237	68
116	237	87
118	237	47
121	237	36
122	237	41
124	237	86
126	237	74
128	237	22
129	237	42
131	237	92
139	237	37
143	237	39
145	237	39
148	237	60
151	237	21
156	237	46
169	237	60
172	237	57
179	237	70
181	237	22
187	237	89
202	237	63
227	237	60
23	236	49
24	236	79
28	236	52
36	236	95
37	236	76
38	236	28
39	236	71
40	236	116
42	236	107
46	236	69
47	236	73
49	236	95
51	236	29
56	236	51
57	236	42
59	236	83
62	236	72
63	236	61
76	236	112
77	236	14
78	236	57
79	236	20
81	236	125
83	236	70
84	236	140
86	236	48
87	236	39
94	236	52
103	236	54
114	236	128
116	236	19
117	236	49
119	236	31
121	236	41
125	236	21
130	236	98
136	236	50
140	236	131
142	236	76
143	236	71
146	236	170
147	236	38
153	236	54
154	236	134
155	236	86
156	236	50
158	236	44
165	236	49
166	236	68
167	236	74
168	236	38
174	236	26
175	236	66
180	236	65
181	236	64
185	236	58
196	236	63
197	236	43
217	236	35
10	235	56
19	235	38
25	235	16
28	235	142
30	235	58
31	235	50
34	235	63
35	235	53
36	235	60
37	235	40
38	235	101
40	235	44
41	235	87
43	235	37
44	235	68
45	235	16
46	235	80
47	235	78
49	235	57
52	235	50
58	235	51
66	235	64
70	235	6
71	235	32
76	235	58
77	235	76
78	235	34
79	235	119
81	235	89
88	235	75
89	235	112
91	235	54
95	235	80
96	235	64
104	235	17
105	235	34
106	235	14
115	235	165
116	235	139
117	235	24
119	235	28
128	235	119
130	235	17
140	235	46
141	235	74
143	235	67
144	235	37
145	235	71
148	235	35
149	235	34
154	235	22
159	235	82
162	235	27
167	235	21
176	235	43
179	235	94
182	235	26
183	235	25
184	235	86
193	235	31
196	235	17
197	235	42
199	235	66
212	235	58
11	234	47
13	234	74
26	234	34
27	234	79
30	234	38
33	234	95
36	234	45
37	234	44
38	234	14
40	234	100
47	234	65
50	234	129
56	234	29
60	234	49
61	234	88
63	234	40
68	234	23
69	234	85
74	234	124
78	234	44
80	234	33
81	234	70
82	234	157
85	234	100
91	234	21
93	234	49
94	234	103
95	234	39
101	234	62
102	234	48
106	234	68
107	234	55
108	234	29
109	234	47
113	234	104
115	234	83
116	234	84
126	234	59
131	234	70
134	234	65
135	234	63
142	234	22
143	234	48
152	234	97
153	234	100
165	234	81
166	234	78
169	234	69
171	234	26
179	234	33
182	234	60
187	234	67
188	234	42
190	234	59
194	234	107
199	234	68
220	234	28
31	233	40
32	233	102
34	233	87
35	233	145
42	233	26
44	233	16
47	233	7
48	233	44
50	233	38
53	233	47
61	233	13
65	233	44
70	233	52
72	233	56
73	233	29
74	233	38
79	233	72
81	233	116
82	233	105
88	233	68
89	233	50
92	233	50
94	233	59
95	233	59
104	233	59
105	233	79
109	233	55
110	233	170
111	233	53
112	233	51
114	233	65
116	233	55
117	233	44
118	233	43
122	233	105
123	233	36
124	233	16
128	233	37
133	233	26
136	233	55
137	233	59
140	233	20
143	233	88
146	233	32
148	233	54
150	233	13
154	233	31
155	233	111
158	233	58
168	233	56
173	233	54
174	233	90
185	233	82
188	233	18
189	233	46
192	233	51
195	233	43
197	233	13
200	233	56
202	233	14
212	233	67
213	233	26
238	233	7
12	232	84
13	232	56
24	232	34
26	232	91
33	232	95
34	232	68
38	232	40
40	232	32
45	232	69
46	232	74
48	232	56
56	232	30
59	232	57
60	232	34
61	232	81
62	232	28
63	232	118
65	232	100
66	232	23
73	232	57
75	232	57
76	232	129
77	232	91
78	232	4
82	232	54
84	232	40
87	232	51
88	232	83
89	232	101
96	232	20
99	232	73
103	232	54
109	232	25
112	232	37
116	232	29
120	232	147
121	232	53
129	232	120
131	232	155
134	232	40
145	232	22
148	232	35
149	232	56
150	232	91
151	232	52
154	232	48
159	232	39
161	232	70
169	232	22
170	232	91
171	232	33
174	232	42
176	232	117
179	232	117
181	232	185
182	232	26
183	232	41
184	232	42
186	232	119
187	232	40
193	232	94
201	232	35
212	232	69
216	232	26
230	232	21
16	231	19
19	231	128
20	231	63
21	231	17
23	231	115
24	231	87
26	231	31
28	231	69
33	231	190
35	231	46
36	231	150
39	231	16
40	231	58
43	231	60
50	231	134
54	231	78
56	231	68
57	231	45
60	231	70
65	231	57
66	231	65
75	231	52
80	231	49
86	231	51
88	231	113
89	231	31
91	231	69
95	231	55
105	231	14
113	231	71
114	231	25
115	231	18
117	231	21
121	231	42
122	231	57
128	231	47
133	231	56
135	231	22
136	231	70
140	231	51
143	231	26
150	231	34
153	231	92
154	231	83
156	231	3
157	231	118
158	231	44
159	231	68
161	231	70
165	231	32
166	231	30
169	231	16
170	231	52
173	231	30
174	231	24
179	231	57
185	231	58
186	231	51
193	231	32
199	231	36
200	231	51
201	231	45
202	231	53
19	230	45
23	230	33
24	230	88
29	230	49
32	230	21
33	230	92
36	230	86
37	230	16
39	230	55
44	230	22
47	230	25
50	230	50
51	230	29
52	230	40
54	230	76
64	230	106
67	230	30
73	230	39
74	230	118
75	230	38
77	230	115
88	230	57
96	230	68
97	230	20
99	230	79
100	230	41
103	230	31
104	230	78
105	230	46
106	230	16
107	230	43
113	230	83
114	230	37
115	230	61
116	230	51
120	230	62
122	230	82
123	230	45
125	230	33
130	230	53
133	230	75
134	230	19
140	230	47
141	230	56
143	230	57
148	230	23
149	230	67
151	230	160
153	230	74
154	230	159
155	230	29
156	230	49
158	230	73
159	230	41
160	230	134
162	230	107
173	230	46
180	230	134
192	230	59
205	230	46
221	230	106
15	229	40
23	229	133
24	229	30
25	229	50
30	229	87
32	229	62
33	229	58
34	229	55
38	229	77
40	229	104
42	229	84
43	229	130
44	229	79
45	229	151
53	229	29
57	229	77
58	229	26
67	229	57
69	229	35
72	229	135
74	229	132
75	229	23
76	229	50
81	229	37
82	229	69
88	229	34
92	229	41
93	229	61
98	229	43
104	229	40
106	229	45
108	229	62
109	229	49
115	229	69
116	229	87
117	229	49
127	229	58
128	229	64
129	229	85
134	229	64
137	229	41
138	229	86
141	229	48
142	229	19
144	229	20
147	229	59
149	229	47
150	229	22
151	229	139
154	229	54
156	229	48
159	229	57
160	229	110
168	229	13
175	229	53
182	229	58
190	229	63
193	229	94
194	229	30
195	229	34
198	229	54
199	229	79
203	229	29
204	229	38
221	229	71
225	229	51
23	228	33
25	228	125
26	228	59
27	228	59
30	228	119
32	228	74
36	228	51
37	228	42
39	228	96
40	228	29
41	228	52
42	228	43
43	228	55
44	228	46
45	228	66
47	228	86
50	228	54
51	228	110
52	228	31
53	228	67
54	228	58
55	228	33
57	228	118
58	228	96
62	228	132
63	228	54
65	228	57
66	228	19
67	228	133
68	228	80
72	228	33
80	228	38
82	228	62
89	228	53
93	228	62
94	228	54
95	228	38
100	228	48
102	228	62
107	228	141
108	228	28
112	228	23
116	228	18
117	228	22
122	228	57
123	228	14
124	228	51
126	228	56
127	228	49
128	228	101
131	228	37
134	228	147
135	228	58
136	228	58
142	228	54
145	228	33
146	228	70
148	228	93
151	228	68
152	228	125
153	228	62
154	228	125
160	228	20
161	228	99
165	228	72
166	228	25
167	228	32
168	228	47
171	228	54
172	228	18
174	228	23
175	228	57
179	228	53
191	228	40
192	228	59
200	228	89
208	228	69
229	228	43
236	228	58
23	227	60
25	227	66
26	227	165
28	227	79
29	227	62
31	227	68
34	227	33
35	227	71
37	227	24
38	227	78
39	227	206
40	227	22
49	227	28
52	227	74
54	227	60
55	227	24
58	227	56
62	227	84
63	227	28
64	227	39
65	227	72
68	227	22
72	227	54
73	227	71
78	227	52
79	227	68
80	227	43
87	227	36
92	227	44
94	227	53
95	227	43
97	227	36
100	227	49
103	227	62
106	227	22
107	227	32
108	227	19
109	227	104
114	227	38
115	227	52
119	227	37
122	227	67
123	227	44
129	227	135
130	227	15
135	227	16
136	227	30
137	227	44
138	227	57
141	227	67
144	227	69
145	227	60
146	227	32
148	227	34
153	227	64
154	227	64
155	227	43
156	227	42
157	227	98
159	227	55
166	227	60
167	227	25
168	227	43
169	227	73
170	227	38
173	227	18
176	227	54
178	227	116
181	227	15
182	227	73
183	227	124
186	227	93
189	227	40
191	227	70
192	227	15
194	227	45
200	227	31
201	227	164
207	227	41
208	227	29
212	227	51
14	226	47
21	226	25
23	226	88
24	226	79
25	226	107
26	226	47
28	226	95
29	226	83
31	226	64
32	226	146
33	226	177
34	226	29
36	226	63
37	226	66
39	226	79
41	226	33
44	226	49
48	226	35
52	226	24
53	226	37
54	226	160
55	226	125
56	226	42
57	226	48
58	226	24
59	226	47
60	226	128
61	226	54
63	226	26
64	226	64
67	226	40
68	226	116
69	226	46
72	226	65
74	226	52
75	226	41
76	226	41
77	226	36
84	226	33
85	226	37
89	226	45
91	226	56
93	226	53
98	226	65
101	226	51
107	226	56
109	226	83
115	226	70
119	226	85
121	226	46
125	226	69
127	226	93
132	226	45
137	226	17
139	226	66
144	226	22
146	226	39
149	226	77
150	226	21
151	226	57
152	226	187
156	226	21
158	226	51
159	226	18
160	226	62
161	226	159
167	226	68
171	226	53
172	226	11
173	226	59
175	226	70
181	226	26
182	226	62
189	226	64
190	226	58
193	226	83
200	226	52
206	226	11
212	226	50
213	226	35
217	226	22
218	226	200
219	226	73
21	225	75
24	225	70
26	225	13
27	225	78
28	225	95
29	225	82
30	225	49
33	225	193
34	225	15
36	225	30
38	225	96
39	225	12
40	225	37
42	225	97
43	225	37
47	225	87
48	225	87
49	225	57
53	225	41
56	225	61
60	225	57
62	225	23
63	225	69
65	225	77
67	225	19
68	225	148
70	225	67
77	225	28
79	225	40
80	225	62
81	225	49
85	225	98
91	225	40
92	225	94
103	225	53
104	225	22
106	225	51
109	225	23
110	225	45
118	225	85
120	225	68
122	225	38
126	225	34
# chipNumber: 4
# chipName:   G 10 W69
# numHits:    15
8	230	15
34	154	10
13	145	68
13	142	75
13	141	62
12	140	73
13	140	38
34	140	42
12	139	52
13	139	153
8	129	113
19	125	52
20	125	100
19	114	42
38	24	11
# chipNumber: 5
# chipName:   D 9 W69
# numHits:    0
# chipNumber: 6
# chipName:   L 8 W69
# numHits:    2
166	233	11810
234	203	11810
