## [General]
## runNumber:        241
## runTime:       	 7200
## runTimeFrames: 	 0
## pathName:         data/runs/Run_241_181022-16-16
## dateTime:         2018-10-22.17:17:00
## numChips:         7
## shutterTime:      30
## shutterMode:      verylong
## runMode:          0
## fastClock:        0
## externalTrigger:  0
## [Event]
## eventNumber:      4797
## useHvFadc:    	 1
## fadcReadout:    	 1
## szint1ClockInt:	 0
## szint2ClockInt:	 4095
## fadcTriggerClock: 0
# chipNumber: 0
# chipName:   E 6 W69
# numHits:    0
# chipNumber: 1
# chipName:   K 6 W69
# numHits:    0
# chipNumber: 2
# chipName:   H 9 W69
# numHits:    11
167	253	27
245	182	108
244	169	58
240	158	71
241	105	73
242	101	71
241	100	46
239	87	41
242	62	61
231	61	71
243	47	27
# chipNumber: 3
# chipName:   H 10 W69
# numHits:    21305
58	229	42
60	229	67
61	229	77
62	229	31
64	229	56
65	229	37
66	229	19
69	229	79
70	229	191
78	229	65
83	229	59
87	229	65
90	229	96
92	229	68
93	229	51
97	229	38
98	229	49
101	229	68
103	229	68
104	229	48
108	229	110
109	229	58
110	229	76
114	229	44
115	229	78
118	229	48
120	229	90
121	229	52
126	229	82
129	229	22
131	229	39
133	229	49
134	229	29
143	229	136
144	229	40
145	229	48
146	229	148
150	229	75
153	229	106
154	229	69
155	229	54
157	229	30
160	229	214
161	229	54
165	229	80
166	229	23
167	229	82
168	229	46
169	229	34
171	229	55
174	229	75
175	229	98
180	229	73
183	229	88
184	229	65
186	229	83
189	229	52
191	229	78
192	229	38
198	229	43
202	229	105
203	229	117
204	229	84
205	229	144
206	229	117
207	229	110
208	229	101
209	229	83
210	229	54
216	229	75
232	229	107
26	228	63
34	228	35
38	228	56
40	228	38
41	228	55
44	228	23
46	228	28
57	228	33
60	228	108
61	228	40
62	228	85
64	228	99
65	228	16
66	228	65
68	228	100
70	228	95
71	228	59
74	228	95
75	228	38
78	228	56
82	228	42
86	228	105
88	228	55
89	228	30
90	228	96
91	228	85
96	228	46
99	228	63
100	228	101
104	228	42
107	228	148
108	228	22
110	228	80
113	228	53
115	228	39
116	228	62
117	228	43
118	228	79
119	228	119
120	228	101
122	228	141
123	228	97
124	228	121
126	228	37
128	228	86
130	228	29
134	228	48
135	228	93
138	228	52
139	228	22
140	228	79
141	228	124
143	228	65
145	228	55
146	228	123
147	228	69
148	228	70
149	228	87
150	228	93
151	228	21
152	228	79
153	228	113
154	228	61
159	228	94
170	228	152
171	228	66
173	228	92
174	228	67
176	228	58
178	228	52
179	228	37
181	228	80
183	228	99
184	228	76
185	228	61
188	228	156
189	228	22
196	228	29
197	228	111
198	228	110
199	228	58
201	228	76
202	228	59
203	228	78
205	228	163
206	228	118
207	228	42
208	228	134
209	228	32
210	228	107
211	228	68
212	228	36
214	228	34
20	227	59
22	227	85
27	227	20
28	227	84
33	227	35
38	227	82
39	227	20
41	227	44
44	227	70
45	227	88
47	227	106
49	227	89
52	227	47
53	227	62
54	227	53
56	227	19
57	227	72
62	227	18
70	227	64
71	227	65
72	227	9
73	227	176
77	227	79
78	227	47
80	227	62
82	227	43
86	227	59
87	227	66
89	227	35
90	227	43
100	227	136
101	227	11
102	227	26
103	227	65
108	227	74
109	227	61
110	227	144
112	227	85
116	227	112
117	227	70
118	227	88
120	227	47
121	227	41
123	227	78
125	227	121
126	227	53
127	227	54
128	227	11
134	227	22
137	227	43
138	227	111
139	227	85
140	227	212
141	227	16
142	227	33
143	227	132
145	227	41
147	227	62
148	227	40
150	227	28
151	227	63
152	227	21
153	227	26
154	227	49
155	227	28
157	227	104
158	227	47
160	227	47
169	227	55
170	227	110
171	227	52
175	227	78
177	227	30
178	227	66
180	227	108
183	227	93
184	227	50
187	227	76
188	227	52
190	227	67
193	227	45
194	227	89
195	227	89
196	227	56
198	227	29
204	227	66
205	227	55
207	227	60
208	227	23
209	227	109
211	227	123
212	227	192
215	227	31
216	227	84
217	227	58
229	227	66
12	226	89
27	226	96
35	226	151
40	226	34
46	226	76
48	226	46
49	226	71
54	226	73
55	226	102
56	226	115
57	226	87
58	226	70
59	226	78
60	226	41
61	226	59
66	226	79
69	226	23
70	226	64
71	226	87
73	226	33
74	226	52
75	226	20
76	226	43
78	226	65
81	226	63
85	226	171
87	226	106
91	226	80
97	226	43
98	226	81
101	226	46
102	226	23
106	226	40
109	226	48
110	226	43
111	226	59
113	226	36
116	226	97
117	226	134
118	226	170
119	226	131
122	226	41
125	226	57
127	226	41
133	226	86
134	226	18
135	226	98
136	226	130
138	226	55
141	226	68
144	226	97
145	226	66
146	226	38
147	226	49
149	226	73
152	226	91
153	226	44
155	226	85
156	226	167
158	226	127
159	226	41
160	226	69
161	226	66
164	226	50
166	226	25
167	226	93
169	226	37
170	226	67
171	226	90
172	226	27
173	226	33
176	226	63
178	226	88
180	226	46
181	226	51
182	226	68
184	226	25
185	226	127
187	226	100
189	226	63
192	226	64
193	226	68
194	226	54
195	226	57
196	226	25
198	226	43
199	226	90
200	226	55
201	226	17
202	226	183
203	226	24
205	226	24
206	226	22
207	226	158
208	226	27
210	226	74
211	226	12
212	226	66
213	226	160
214	226	32
216	226	111
220	226	17
19	225	64
21	225	42
24	225	36
35	225	44
39	225	57
44	225	58
46	225	92
54	225	93
56	225	61
60	225	75
61	225	69
62	225	98
63	225	49
66	225	68
67	225	69
68	225	26
69	225	100
70	225	69
72	225	39
73	225	6
74	225	101
76	225	51
77	225	35
80	225	63
82	225	70
83	225	21
91	225	40
93	225	52
94	225	19
95	225	45
96	225	28
97	225	57
98	225	40
101	225	41
105	225	35
107	225	25
109	225	34
113	225	90
115	225	75
119	225	19
120	225	134
126	225	41
128	225	19
129	225	91
130	225	33
134	225	79
135	225	31
137	225	112
141	225	17
144	225	153
145	225	29
146	225	150
156	225	104
157	225	44
160	225	138
161	225	100
165	225	61
166	225	26
167	225	39
174	225	76
175	225	46
176	225	88
178	225	83
181	225	53
187	225	32
188	225	54
193	225	50
198	225	38
200	225	51
201	225	65
202	225	107
203	225	38
205	225	100
206	225	34
207	225	38
208	225	92
210	225	88
211	225	53
212	225	186
216	225	42
217	225	119
219	225	90
220	225	171
222	225	46
224	225	37
22	224	47
25	224	52
32	224	74
34	224	57
35	224	34
41	224	68
43	224	25
46	224	16
51	224	55
55	224	90
57	224	72
65	224	79
71	224	116
74	224	15
77	224	14
83	224	52
85	224	54
91	224	61
94	224	89
95	224	17
97	224	71
98	224	10
105	224	114
107	224	24
109	224	36
111	224	103
114	224	61
116	224	42
117	224	76
118	224	24
119	224	26
120	224	104
122	224	71
128	224	77
129	224	79
132	224	57
135	224	206
137	224	52
139	224	67
140	224	182
141	224	59
143	224	26
147	224	40
148	224	20
157	224	39
158	224	83
159	224	54
161	224	55
163	224	114
164	224	37
166	224	52
168	224	45
169	224	27
170	224	70
172	224	130
178	224	85
179	224	101
180	224	33
181	224	44
186	224	70
188	224	49
189	224	45
191	224	57
196	224	41
197	224	34
198	224	126
199	224	87
200	224	58
201	224	168
202	224	36
203	224	75
204	224	135
205	224	38
207	224	102
208	224	150
209	224	76
210	224	66
211	224	119
212	224	25
213	224	95
214	224	36
215	224	96
217	224	52
218	224	91
246	224	87
15	223	65
23	223	82
29	223	105
31	223	62
35	223	228
38	223	78
50	223	50
53	223	39
58	223	33
59	223	23
60	223	21
64	223	74
66	223	146
67	223	71
69	223	53
70	223	101
72	223	51
74	223	46
76	223	36
82	223	52
86	223	61
93	223	43
94	223	90
96	223	57
99	223	58
106	223	67
107	223	60
108	223	60
111	223	121
113	223	68
114	223	73
116	223	27
120	223	5
127	223	39
133	223	57
134	223	117
136	223	24
137	223	44
138	223	16
140	223	63
141	223	63
142	223	71
146	223	87
147	223	47
148	223	145
149	223	120
150	223	42
151	223	63
152	223	27
153	223	62
157	223	21
158	223	42
159	223	69
160	223	151
161	223	38
164	223	22
168	223	40
169	223	54
170	223	44
174	223	3
176	223	15
178	223	63
179	223	15
180	223	99
182	223	50
184	223	34
185	223	140
186	223	40
187	223	190
188	223	42
189	223	90
191	223	17
197	223	48
198	223	108
199	223	157
200	223	53
204	223	56
207	223	39
208	223	118
210	223	19
211	223	92
217	223	60
226	223	92
246	223	57
247	223	20
22	222	66
23	222	20
30	222	125
31	222	54
37	222	32
46	222	60
47	222	35
55	222	47
58	222	74
60	222	106
61	222	49
62	222	34
63	222	109
66	222	41
68	222	66
69	222	108
70	222	70
71	222	42
75	222	41
77	222	80
78	222	30
79	222	59
80	222	78
83	222	87
88	222	73
89	222	70
93	222	65
94	222	42
96	222	62
100	222	23
101	222	81
102	222	174
106	222	121
108	222	106
111	222	77
115	222	50
117	222	39
121	222	69
122	222	29
136	222	52
137	222	132
139	222	49
140	222	74
143	222	115
144	222	59
145	222	38
146	222	123
147	222	106
150	222	67
151	222	45
153	222	106
155	222	30
159	222	99
160	222	117
162	222	72
164	222	93
166	222	55
168	222	46
171	222	39
174	222	78
178	222	22
186	222	51
190	222	59
191	222	38
193	222	43
196	222	75
198	222	73
199	222	42
200	222	102
202	222	64
204	222	14
205	222	104
206	222	36
208	222	95
211	222	76
212	222	81
213	222	78
221	222	83
224	222	114
31	221	116
32	221	36
50	221	32
52	221	70
54	221	37
56	221	53
57	221	40
58	221	76
60	221	32
64	221	70
65	221	81
66	221	69
68	221	36
69	221	22
70	221	71
71	221	21
77	221	49
88	221	48
91	221	70
93	221	60
95	221	15
99	221	54
101	221	84
102	221	122
106	221	49
108	221	85
112	221	82
117	221	20
121	221	57
124	221	17
125	221	40
127	221	25
133	221	73
134	221	59
136	221	57
137	221	36
143	221	54
144	221	37
145	221	94
147	221	95
148	221	71
149	221	73
151	221	80
153	221	38
154	221	40
158	221	57
163	221	132
166	221	52
167	221	84
168	221	42
169	221	52
174	221	30
176	221	46
178	221	95
183	221	16
185	221	62
187	221	23
190	221	63
191	221	60
192	221	20
197	221	80
198	221	97
203	221	82
204	221	46
207	221	69
209	221	20
212	221	95
214	221	47
235	221	57
242	221	45
18	220	41
19	220	36
22	220	38
23	220	35
36	220	54
37	220	62
43	220	85
46	220	31
49	220	51
50	220	46
55	220	67
57	220	17
59	220	84
61	220	4
62	220	128
64	220	67
67	220	73
68	220	22
69	220	63
70	220	109
71	220	54
72	220	41
79	220	74
81	220	74
96	220	118
97	220	33
99	220	79
101	220	83
103	220	21
106	220	59
108	220	33
110	220	55
114	220	19
120	220	60
121	220	28
124	220	40
127	220	64
128	220	47
138	220	26
139	220	51
140	220	58
141	220	32
143	220	15
146	220	116
147	220	70
148	220	102
149	220	190
150	220	60
151	220	71
153	220	51
155	220	38
157	220	113
158	220	69
160	220	26
162	220	33
164	220	60
165	220	3
170	220	70
173	220	37
176	220	65
177	220	85
178	220	66
180	220	30
184	220	60
185	220	71
186	220	72
191	220	40
192	220	19
197	220	62
198	220	43
199	220	69
200	220	100
201	220	60
203	220	84
205	220	36
208	220	53
209	220	44
211	220	91
225	220	59
15	219	34
25	219	44
32	219	57
36	219	30
37	219	107
44	219	32
48	219	33
49	219	149
50	219	45
52	219	90
53	219	107
54	219	112
55	219	142
56	219	63
58	219	66
59	219	87
60	219	33
61	219	52
62	219	31
66	219	2
68	219	44
69	219	107
70	219	34
73	219	60
76	219	62
77	219	91
82	219	13
84	219	40
90	219	27
97	219	27
99	219	101
100	219	40
105	219	30
109	219	50
110	219	112
115	219	26
119	219	52
125	219	93
128	219	49
136	219	33
138	219	49
139	219	52
140	219	66
143	219	60
144	219	54
145	219	36
146	219	209
147	219	22
148	219	74
151	219	85
154	219	47
156	219	69
157	219	98
159	219	91
162	219	48
165	219	64
167	219	62
171	219	47
173	219	57
175	219	69
179	219	80
180	219	68
181	219	144
183	219	66
184	219	34
185	219	65
186	219	85
189	219	57
190	219	68
191	219	30
192	219	189
198	219	74
199	219	111
200	219	83
201	219	95
203	219	45
204	219	98
207	219	117
208	219	113
212	219	64
217	219	42
223	219	82
228	219	47
231	219	59
246	219	112
15	218	35
27	218	45
28	218	88
30	218	26
31	218	73
35	218	29
43	218	29
44	218	21
45	218	26
47	218	32
49	218	93
53	218	34
54	218	31
58	218	103
59	218	62
61	218	63
67	218	62
68	218	87
69	218	63
70	218	81
72	218	208
76	218	16
85	218	60
86	218	114
88	218	51
93	218	13
98	218	38
99	218	37
100	218	55
110	218	63
111	218	46
112	218	241
116	218	33
123	218	54
124	218	41
129	218	61
133	218	49
135	218	40
136	218	30
139	218	40
140	218	95
141	218	130
146	218	41
150	218	64
151	218	46
152	218	53
154	218	45
163	218	53
164	218	31
166	218	91
168	218	20
169	218	23
171	218	38
173	218	71
175	218	25
176	218	31
178	218	63
180	218	116
181	218	59
182	218	85
188	218	52
189	218	75
190	218	11
191	218	110
193	218	63
194	218	37
197	218	83
198	218	90
199	218	27
200	218	58
204	218	15
205	218	13
206	218	48
207	218	170
208	218	42
209	218	20
219	218	79
221	218	9
227	218	51
237	218	39
15	217	61
17	217	60
22	217	75
24	217	30
26	217	27
32	217	12
38	217	49
39	217	32
42	217	97
48	217	92
50	217	90
51	217	30
52	217	113
53	217	111
58	217	19
59	217	8
62	217	13
63	217	65
66	217	63
67	217	60
71	217	170
72	217	103
73	217	65
75	217	60
76	217	101
77	217	158
82	217	54
84	217	78
85	217	33
86	217	85
90	217	79
93	217	66
94	217	65
101	217	62
102	217	90
103	217	87
106	217	65
116	217	44
118	217	34
120	217	48
126	217	52
129	217	38
131	217	134
133	217	19
134	217	68
136	217	44
142	217	81
143	217	88
145	217	115
146	217	80
149	217	57
150	217	94
151	217	56
156	217	119
157	217	61
162	217	87
164	217	45
165	217	70
167	217	63
168	217	49
169	217	68
175	217	99
177	217	67
178	217	43
181	217	37
182	217	57
183	217	162
184	217	51
185	217	8
186	217	51
187	217	31
188	217	40
189	217	83
190	217	83
191	217	68
194	217	74
198	217	23
199	217	64
202	217	42
204	217	26
205	217	85
207	217	62
208	217	75
210	217	18
211	217	46
215	217	41
227	217	33
230	217	13
18	216	52
28	216	33
31	216	39
32	216	43
44	216	82
48	216	62
49	216	25
50	216	95
51	216	134
55	216	36
56	216	80
57	216	116
58	216	54
61	216	153
62	216	37
65	216	46
68	216	34
69	216	62
71	216	50
72	216	97
73	216	45
74	216	58
77	216	33
85	216	33
87	216	68
88	216	21
89	216	74
94	216	80
95	216	98
100	216	87
101	216	105
109	216	58
114	216	55
118	216	43
120	216	153
124	216	67
125	216	87
127	216	120
131	216	15
133	216	31
136	216	51
137	216	41
144	216	44
148	216	32
150	216	37
151	216	37
160	216	89
163	216	14
164	216	185
165	216	28
166	216	110
167	216	53
168	216	75
170	216	34
171	216	21
172	216	143
174	216	157
175	216	43
176	216	46
179	216	73
185	216	39
187	216	126
188	216	94
189	216	31
190	216	54
192	216	103
193	216	133
204	216	38
207	216	62
208	216	87
209	216	28
210	216	23
212	216	51
214	216	30
229	216	52
11	215	34
18	215	30
25	215	46
48	215	68
51	215	29
53	215	5
57	215	50
58	215	41
59	215	89
60	215	48
61	215	23
62	215	122
63	215	62
65	215	53
69	215	36
70	215	41
71	215	60
72	215	114
73	215	183
74	215	31
80	215	137
86	215	66
92	215	39
93	215	149
96	215	34
97	215	72
98	215	67
103	215	27
107	215	43
110	215	68
124	215	44
131	215	45
134	215	50
137	215	84
138	215	58
141	215	45
143	215	15
145	215	45
151	215	35
152	215	97
153	215	46
155	215	51
156	215	49
159	215	7
163	215	73
164	215	110
167	215	28
170	215	32
172	215	94
173	215	88
174	215	30
175	215	40
176	215	62
177	215	80
178	215	56
180	215	20
181	215	85
182	215	87
183	215	57
186	215	19
187	215	31
188	215	26
189	215	56
190	215	46
191	215	35
195	215	89
199	215	83
202	215	110
203	215	41
204	215	81
206	215	66
208	215	40
211	215	34
214	215	24
215	215	28
229	215	67
17	214	75
18	214	84
19	214	91
25	214	62
26	214	43
29	214	48
33	214	75
34	214	71
37	214	60
42	214	105
53	214	27
57	214	81
59	214	120
60	214	70
61	214	23
62	214	82
63	214	120
64	214	95
65	214	109
67	214	32
68	214	19
69	214	72
71	214	45
72	214	70
73	214	42
75	214	68
80	214	28
81	214	59
84	214	99
90	214	56
92	214	128
93	214	42
95	214	51
97	214	80
98	214	103
104	214	56
105	214	51
109	214	24
111	214	94
112	214	41
125	214	60
126	214	36
127	214	47
131	214	48
132	214	53
133	214	52
138	214	58
140	214	80
144	214	92
147	214	21
149	214	59
150	214	40
151	214	58
153	214	100
154	214	22
155	214	59
156	214	89
158	214	98
161	214	85
168	214	48
169	214	96
171	214	52
173	214	24
175	214	22
176	214	76
178	214	177
180	214	62
182	214	37
185	214	129
186	214	38
187	214	24
189	214	90
190	214	21
194	214	47
198	214	35
199	214	114
205	214	23
209	214	94
212	214	75
214	214	54
221	214	63
227	214	102
228	214	47
231	214	5
232	214	165
11	213	54
17	213	46
18	213	48
21	213	22
22	213	121
25	213	54
26	213	90
27	213	52
29	213	18
30	213	129
33	213	88
36	213	64
37	213	125
39	213	21
44	213	119
51	213	18
55	213	26
56	213	124
58	213	84
61	213	203
64	213	36
66	213	70
67	213	88
69	213	84
78	213	66
79	213	7
86	213	65
87	213	46
92	213	68
101	213	49
104	213	15
105	213	44
107	213	74
112	213	30
114	213	25
116	213	78
122	213	48
123	213	97
126	213	97
130	213	25
132	213	51
133	213	55
135	213	75
141	213	76
142	213	67
144	213	18
147	213	60
148	213	30
149	213	286
150	213	59
151	213	55
153	213	65
155	213	31
156	213	92
157	213	85
159	213	57
160	213	139
162	213	55
164	213	70
165	213	111
169	213	22
170	213	38
171	213	71
174	213	76
176	213	117
177	213	56
181	213	23
183	213	57
185	213	100
186	213	79
187	213	68
188	213	148
192	213	95
199	213	110
201	213	57
202	213	63
206	213	51
214	213	90
215	213	28
216	213	63
217	213	28
218	213	11
227	213	43
232	213	51
236	213	114
26	212	79
28	212	67
31	212	79
32	212	45
36	212	63
41	212	17
46	212	68
48	212	115
55	212	70
56	212	173
60	212	118
65	212	95
66	212	36
71	212	34
73	212	32
76	212	42
81	212	42
82	212	162
84	212	58
86	212	72
87	212	46
89	212	73
90	212	87
92	212	87
93	212	74
96	212	38
100	212	52
101	212	46
103	212	73
104	212	83
105	212	42
107	212	82
108	212	47
113	212	56
115	212	30
118	212	78
119	212	32
122	212	137
123	212	26
141	212	104
142	212	18
143	212	35
144	212	79
148	212	137
149	212	198
150	212	87
152	212	75
156	212	79
158	212	26
159	212	41
161	212	51
166	212	42
168	212	49
172	212	51
174	212	194
175	212	25
180	212	256
184	212	26
185	212	93
187	212	37
189	212	156
191	212	18
193	212	83
194	212	46
198	212	39
201	212	70
206	212	19
209	212	31
210	212	51
211	212	96
212	212	43
213	212	47
220	212	101
221	212	46
226	212	54
232	212	73
235	212	45
238	212	15
247	212	41
11	211	42
22	211	34
26	211	128
33	211	33
34	211	91
36	211	71
37	211	76
38	211	52
40	211	69
42	211	54
46	211	52
47	211	33
49	211	62
50	211	40
51	211	118
52	211	53
53	211	105
54	211	121
57	211	45
60	211	51
63	211	34
64	211	56
65	211	46
69	211	89
74	211	141
75	211	31
77	211	20
82	211	44
86	211	50
89	211	16
90	211	69
91	211	93
92	211	57
93	211	57
94	211	147
97	211	54
100	211	59
109	211	44
113	211	51
124	211	80
125	211	57
126	211	31
134	211	75
142	211	54
144	211	56
146	211	60
148	211	43
152	211	38
154	211	62
158	211	104
165	211	34
168	211	39
170	211	104
174	211	73
175	211	25
178	211	23
179	211	25
180	211	42
181	211	23
182	211	51
184	211	50
186	211	83
187	211	98
188	211	27
189	211	84
190	211	70
191	211	30
192	211	48
201	211	41
208	211	49
209	211	124
210	211	51
211	211	104
212	211	55
221	211	39
224	211	77
225	211	73
231	211	51
232	211	47
238	211	45
240	211	70
24	210	60
25	210	62
28	210	47
30	210	45
31	210	24
32	210	35
35	210	77
36	210	38
40	210	130
41	210	22
42	210	80
43	210	98
44	210	69
47	210	70
49	210	43
50	210	84
51	210	53
52	210	42
53	210	32
54	210	54
59	210	121
60	210	17
61	210	71
64	210	30
65	210	18
66	210	61
68	210	79
69	210	23
70	210	30
71	210	171
75	210	53
76	210	66
79	210	60
81	210	54
82	210	83
86	210	47
87	210	135
93	210	49
97	210	109
99	210	43
104	210	35
105	210	82
106	210	44
107	210	12
108	210	49
112	210	51
118	210	69
124	210	47
133	210	79
136	210	55
137	210	51
140	210	75
141	210	92
142	210	56
145	210	68
148	210	65
154	210	34
155	210	84
157	210	38
159	210	36
161	210	75
165	210	95
167	210	79
173	210	44
175	210	59
176	210	50
178	210	57
180	210	87
181	210	103
182	210	119
183	210	34
184	210	23
185	210	48
186	210	78
187	210	28
190	210	79
193	210	9
194	210	61
195	210	68
196	210	59
197	210	34
200	210	70
205	210	90
206	210	75
207	210	112
210	210	48
212	210	73
216	210	58
217	210	87
219	210	4
220	210	156
228	210	11
230	210	85
238	210	88
240	210	41
14	209	40
23	209	22
24	209	54
26	209	33
29	209	48
45	209	50
47	209	76
49	209	29
52	209	12
53	209	79
57	209	83
63	209	84
65	209	29
68	209	47
69	209	91
70	209	16
73	209	76
75	209	57
80	209	73
87	209	101
92	209	38
95	209	30
97	209	25
104	209	95
106	209	57
107	209	82
109	209	76
110	209	29
111	209	47
112	209	51
114	209	29
117	209	31
119	209	44
121	209	65
123	209	92
124	209	58
127	209	157
130	209	33
134	209	61
137	209	62
143	209	48
145	209	73
146	209	39
150	209	25
155	209	33
160	209	43
161	209	72
162	209	132
163	209	70
164	209	118
165	209	42
167	209	18
168	209	26
169	209	48
171	209	31
173	209	58
175	209	68
176	209	67
177	209	182
178	209	277
179	209	17
181	209	41
183	209	27
184	209	60
186	209	25
187	209	76
190	209	64
192	209	71
194	209	99
196	209	185
197	209	55
199	209	45
200	209	56
201	209	97
202	209	13
216	209	46
235	209	58
238	209	118
22	208	16
31	208	62
35	208	136
36	208	108
38	208	43
39	208	70
42	208	69
43	208	45
46	208	26
48	208	22
51	208	93
53	208	69
57	208	80
60	208	29
61	208	115
64	208	41
65	208	71
67	208	82
68	208	59
70	208	32
72	208	82
73	208	149
78	208	81
85	208	69
86	208	32
87	208	90
88	208	95
92	208	38
97	208	34
103	208	81
104	208	30
105	208	44
108	208	45
111	208	116
112	208	54
114	208	93
121	208	42
131	208	49
135	208	76
136	208	77
137	208	103
144	208	50
146	208	47
151	208	164
153	208	76
155	208	37
156	208	72
158	208	55
159	208	12
168	208	112
169	208	77
175	208	60
176	208	67
177	208	39
178	208	30
179	208	71
180	208	68
184	208	25
186	208	27
187	208	68
189	208	90
191	208	50
193	208	29
194	208	15
196	208	61
200	208	54
201	208	53
208	208	49
209	208	55
211	208	33
213	208	64
215	208	67
223	208	28
227	208	59
232	208	16
241	208	5
23	207	57
24	207	44
26	207	36
28	207	73
29	207	63
35	207	31
41	207	45
42	207	36
46	207	63
47	207	30
52	207	11
56	207	92
57	207	66
61	207	143
62	207	28
63	207	27
64	207	107
65	207	54
66	207	40
68	207	59
80	207	45
92	207	31
93	207	45
96	207	68
102	207	112
103	207	101
104	207	84
107	207	33
109	207	23
114	207	52
117	207	32
118	207	48
123	207	36
126	207	64
130	207	79
133	207	45
134	207	64
137	207	38
138	207	29
143	207	54
146	207	69
147	207	61
149	207	31
150	207	24
151	207	90
152	207	62
159	207	49
162	207	67
163	207	23
165	207	17
168	207	104
170	207	86
171	207	31
176	207	27
177	207	97
178	207	22
179	207	57
180	207	39
183	207	58
185	207	36
187	207	44
190	207	74
191	207	65
193	207	138
194	207	49
199	207	54
209	207	30
210	207	71
211	207	77
213	207	99
214	207	25
218	207	28
225	207	164
226	207	27
228	207	7
15	206	47
22	206	41
24	206	45
25	206	22
26	206	56
28	206	62
51	206	23
58	206	44
59	206	22
64	206	35
69	206	96
70	206	62
75	206	66
76	206	73
77	206	45
79	206	91
83	206	33
84	206	109
86	206	14
94	206	8
98	206	92
101	206	53
108	206	26
109	206	52
111	206	68
114	206	68
115	206	87
117	206	53
119	206	57
121	206	37
124	206	47
125	206	40
126	206	42
131	206	112
134	206	28
135	206	73
137	206	57
140	206	46
145	206	43
147	206	83
149	206	23
152	206	64
153	206	33
156	206	75
157	206	60
160	206	79
163	206	57
165	206	48
168	206	98
169	206	28
172	206	106
173	206	86
174	206	108
177	206	52
178	206	80
179	206	134
181	206	135
182	206	21
185	206	52
186	206	52
192	206	39
194	206	58
197	206	52
202	206	51
212	206	36
213	206	57
219	206	57
220	206	54
223	206	54
230	206	49
239	206	52
21	205	44
25	205	104
26	205	35
34	205	72
35	205	39
36	205	45
37	205	90
39	205	62
44	205	28
47	205	29
51	205	49
54	205	93
56	205	97
60	205	57
69	205	33
71	205	29
73	205	26
78	205	48
85	205	128
86	205	30
89	205	15
90	205	68
94	205	33
95	205	87
96	205	15
97	205	141
98	205	35
99	205	79
101	205	36
105	205	54
115	205	49
123	205	9
135	205	129
144	205	92
149	205	45
150	205	24
153	205	63
154	205	50
156	205	52
158	205	64
161	205	52
163	205	37
165	205	49
166	205	50
167	205	37
168	205	17
169	205	47
171	205	65
174	205	78
176	205	105
178	205	108
180	205	69
182	205	114
187	205	59
188	205	114
195	205	85
196	205	33
198	205	53
199	205	57
201	205	30
202	205	46
203	205	91
207	205	46
218	205	71
220	205	88
221	205	48
223	205	157
225	205	45
226	205	59
228	205	87
231	205	58
233	205	44
234	205	85
236	205	68
237	205	70
16	204	57
22	204	62
33	204	21
38	204	51
41	204	29
44	204	132
46	204	36
51	204	91
52	204	54
53	204	80
55	204	54
57	204	28
58	204	69
59	204	63
60	204	94
65	204	41
66	204	57
68	204	89
73	204	31
74	204	80
76	204	78
77	204	36
78	204	33
80	204	52
87	204	26
88	204	22
89	204	153
90	204	85
91	204	53
93	204	140
97	204	47
98	204	45
101	204	42
105	204	29
113	204	21
117	204	70
130	204	58
132	204	47
133	204	70
136	204	51
137	204	58
146	204	49
148	204	56
149	204	96
151	204	48
153	204	87
156	204	85
157	204	72
160	204	91
165	204	53
168	204	87
173	204	69
175	204	90
176	204	93
178	204	92
181	204	75
183	204	63
186	204	61
187	204	36
188	204	82
190	204	48
194	204	35
196	204	60
197	204	72
203	204	113
209	204	63
211	204	134
219	204	75
222	204	51
224	204	110
225	204	53
229	204	58
231	204	65
233	204	67
243	204	57
18	203	95
22	203	86
24	203	61
29	203	77
31	203	150
35	203	117
36	203	3
37	203	43
38	203	51
41	203	21
44	203	29
46	203	55
51	203	46
54	203	33
55	203	74
58	203	54
63	203	41
69	203	54
70	203	35
73	203	28
75	203	49
78	203	50
80	203	84
82	203	37
91	203	36
94	203	57
106	203	26
110	203	17
113	203	46
116	203	45
119	203	26
123	203	76
130	203	63
131	203	85
139	203	19
140	203	39
149	203	76
155	203	42
157	203	135
158	203	143
161	203	46
162	203	75
165	203	40
169	203	45
170	203	50
171	203	52
172	203	131
173	203	27
175	203	100
176	203	78
177	203	23
179	203	49
180	203	55
183	203	83
184	203	80
186	203	75
189	203	150
190	203	124
191	203	95
192	203	87
193	203	127
194	203	72
195	203	97
196	203	18
197	203	62
199	203	51
201	203	134
202	203	52
208	203	67
209	203	84
210	203	87
211	203	75
212	203	29
220	203	44
221	203	70
229	203	67
231	203	90
235	203	80
236	203	56
12	202	45
21	202	36
22	202	55
25	202	54
27	202	61
28	202	62
30	202	70
31	202	25
34	202	76
40	202	41
41	202	31
43	202	104
44	202	117
48	202	23
49	202	54
51	202	56
55	202	46
58	202	44
59	202	69
64	202	50
70	202	63
75	202	54
76	202	58
82	202	128
85	202	56
86	202	36
88	202	39
89	202	18
93	202	21
95	202	38
96	202	69
97	202	24
107	202	51
109	202	75
113	202	93
115	202	36
119	202	61
123	202	90
124	202	51
130	202	24
132	202	135
142	202	73
143	202	82
145	202	186
149	202	22
151	202	149
152	202	70
154	202	151
157	202	33
159	202	21
160	202	84
161	202	10
163	202	24
164	202	75
165	202	65
168	202	98
169	202	67
170	202	17
171	202	90
175	202	61
176	202	176
177	202	43
179	202	34
182	202	85
183	202	21
185	202	64
190	202	153
191	202	62
195	202	52
196	202	117
198	202	95
200	202	114
201	202	62
203	202	54
204	202	29
205	202	48
207	202	14
208	202	125
220	202	136
222	202	26
224	202	27
226	202	58
227	202	112
228	202	30
230	202	38
236	202	50
238	202	16
239	202	29
9	201	70
23	201	59
27	201	27
34	201	45
36	201	44
38	201	87
40	201	14
44	201	58
46	201	85
47	201	114
48	201	57
49	201	47
51	201	58
55	201	37
56	201	62
58	201	33
60	201	41
62	201	120
73	201	67
75	201	128
76	201	27
90	201	53
96	201	41
97	201	17
100	201	76
104	201	31
110	201	73
112	201	51
119	201	45
131	201	15
134	201	25
136	201	36
141	201	37
142	201	114
143	201	68
147	201	45
148	201	50
150	201	36
154	201	41
157	201	112
159	201	45
161	201	46
162	201	105
164	201	38
165	201	24
166	201	39
167	201	102
168	201	30
169	201	49
170	201	27
172	201	55
174	201	91
178	201	64
180	201	38
186	201	71
188	201	89
189	201	97
197	201	85
198	201	9
201	201	19
210	201	124
211	201	25
214	201	101
215	201	140
216	201	9
220	201	58
221	201	78
222	201	72
224	201	55
225	201	95
233	201	67
236	201	65
12	200	102
19	200	52
23	200	57
25	200	61
30	200	141
36	200	45
38	200	55
39	200	77
40	200	49
44	200	30
46	200	117
48	200	168
52	200	52
53	200	26
56	200	40
59	200	23
64	200	40
66	200	49
67	200	22
69	200	32
70	200	57
71	200	45
73	200	88
74	200	57
80	200	30
84	200	55
86	200	32
87	200	62
88	200	54
89	200	70
90	200	150
112	200	29
113	200	74
122	200	84
124	200	67
126	200	30
130	200	71
135	200	5
138	200	67
151	200	73
153	200	88
156	200	181
157	200	95
158	200	57
160	200	36
161	200	109
163	200	71
165	200	22
166	200	45
168	200	62
169	200	152
170	200	37
171	200	104
174	200	161
177	200	64
181	200	47
183	200	144
185	200	125
190	200	68
191	200	113
193	200	128
194	200	48
195	200	185
196	200	53
198	200	239
199	200	36
200	200	66
204	200	48
207	200	8
208	200	144
209	200	29
210	200	55
211	200	84
212	200	46
214	200	66
223	200	58
225	200	47
230	200	57
231	200	34
232	200	93
235	200	82
236	200	36
237	200	55
238	200	45
246	200	88
13	199	47
15	199	54
16	199	45
18	199	110
25	199	79
34	199	63
39	199	46
45	199	38
46	199	116
47	199	130
53	199	58
56	199	54
59	199	34
66	199	98
67	199	93
68	199	48
71	199	73
75	199	58
76	199	80
77	199	66
79	199	41
80	199	68
81	199	58
85	199	26
88	199	64
90	199	71
97	199	102
100	199	70
112	199	44
115	199	18
121	199	17
124	199	107
129	199	94
130	199	62
132	199	86
133	199	22
134	199	46
138	199	75
140	199	87
141	199	38
144	199	58
148	199	80
152	199	70
154	199	20
157	199	63
158	199	175
159	199	94
160	199	62
164	199	31
165	199	101
167	199	57
168	199	89
170	199	65
171	199	38
172	199	26
174	199	31
176	199	26
177	199	73
179	199	89
180	199	36
184	199	79
185	199	26
186	199	57
188	199	71
189	199	58
192	199	39
193	199	44
196	199	19
200	199	87
202	199	68
203	199	51
204	199	114
209	199	50
210	199	38
213	199	103
221	199	117
225	199	33
226	199	61
234	199	107
235	199	60
245	199	31
10	198	89
18	198	20
22	198	90
23	198	86
24	198	19
25	198	64
27	198	72
28	198	24
32	198	47
42	198	79
43	198	71
47	198	57
48	198	14
50	198	98
53	198	44
56	198	63
59	198	57
60	198	43
61	198	43
65	198	59
68	198	62
71	198	75
75	198	36
79	198	59
80	198	130
81	198	52
82	198	67
90	198	50
92	198	58
95	198	49
105	198	41
110	198	84
114	198	79
122	198	78
125	198	55
129	198	25
130	198	41
134	198	16
139	198	77
141	198	40
143	198	53
152	198	83
153	198	48
155	198	69
156	198	72
157	198	19
158	198	136
159	198	39
161	198	57
162	198	73
164	198	160
165	198	151
167	198	68
168	198	120
170	198	96
171	198	35
173	198	41
177	198	71
182	198	138
185	198	79
188	198	39
190	198	50
198	198	116
199	198	62
205	198	60
206	198	34
207	198	69
208	198	36
213	198	85
217	198	37
223	198	92
224	198	72
225	198	74
233	198	122
234	198	100
235	198	96
237	198	103
238	198	93
247	198	20
13	197	68
15	197	88
22	197	83
24	197	59
26	197	104
38	197	34
49	197	39
51	197	23
52	197	68
55	197	40
56	197	67
59	197	23
60	197	25
64	197	13
66	197	48
67	197	47
68	197	94
71	197	32
78	197	54
80	197	21
83	197	25
84	197	35
85	197	13
88	197	70
91	197	54
92	197	164
93	197	144
95	197	51
98	197	15
99	197	37
102	197	104
106	197	117
107	197	65
108	197	26
110	197	34
111	197	52
114	197	8
121	197	65
122	197	60
129	197	63
141	197	159
143	197	70
147	197	23
148	197	30
149	197	36
150	197	126
151	197	48
152	197	97
157	197	75
158	197	92
160	197	127
163	197	54
166	197	19
167	197	86
169	197	132
171	197	56
175	197	49
177	197	63
178	197	41
179	197	74
180	197	184
184	197	7
185	197	19
186	197	91
189	197	40
190	197	32
195	197	50
198	197	106
199	197	20
200	197	77
202	197	34
205	197	59
207	197	115
208	197	44
213	197	48
215	197	57
216	197	46
218	197	66
226	197	51
228	197	68
231	197	73
234	197	93
236	197	24
243	197	37
8	196	44
20	196	39
23	196	35
24	196	52
26	196	75
32	196	158
33	196	46
35	196	25
38	196	90
39	196	34
40	196	45
41	196	78
43	196	62
44	196	72
45	196	87
49	196	59
51	196	47
52	196	49
53	196	12
54	196	20
56	196	19
57	196	67
63	196	52
66	196	39
67	196	89
68	196	119
69	196	70
70	196	59
74	196	89
75	196	72
79	196	122
82	196	95
84	196	70
85	196	25
86	196	65
92	196	58
95	196	31
104	196	33
110	196	34
119	196	86
123	196	55
126	196	27
127	196	40
128	196	31
138	196	27
139	196	47
140	196	91
142	196	19
147	196	46
150	196	92
151	196	137
152	196	46
154	196	42
157	196	101
159	196	69
160	196	81
161	196	83
162	196	5
163	196	89
169	196	74
175	196	128
178	196	156
187	196	69
188	196	67
189	196	116
194	196	88
196	196	95
197	196	59
199	196	73
203	196	65
207	196	54
208	196	15
216	196	75
221	196	128
222	196	37
224	196	172
225	196	27
228	196	70
229	196	103
230	196	51
237	196	50
239	196	92
240	196	64
241	196	49
248	196	64
13	195	39
14	195	68
15	195	78
16	195	21
19	195	71
23	195	41
24	195	42
26	195	45
28	195	48
29	195	6
31	195	28
32	195	148
41	195	24
46	195	36
48	195	84
50	195	92
51	195	22
52	195	55
54	195	45
55	195	19
61	195	52
64	195	18
67	195	54
69	195	24
70	195	112
71	195	91
72	195	147
73	195	71
74	195	127
78	195	63
79	195	64
80	195	83
81	195	31
84	195	51
86	195	128
87	195	56
90	195	32
93	195	16
95	195	11
97	195	15
98	195	70
99	195	48
101	195	23
103	195	40
106	195	37
107	195	62
109	195	34
114	195	56
122	195	34
123	195	86
127	195	81
131	195	44
133	195	96
137	195	66
142	195	37
143	195	34
144	195	43
147	195	40
149	195	16
150	195	60
151	195	51
155	195	68
161	195	40
162	195	86
163	195	37
166	195	111
170	195	54
171	195	46
174	195	131
176	195	75
178	195	138
182	195	67
186	195	84
188	195	102
191	195	71
194	195	104
198	195	81
201	195	29
202	195	79
212	195	39
223	195	65
224	195	43
226	195	71
229	195	47
232	195	186
235	195	106
236	195	199
237	195	49
239	195	97
242	195	44
246	195	22
16	194	70
20	194	42
22	194	61
24	194	61
26	194	96
28	194	79
31	194	91
33	194	38
34	194	72
35	194	37
36	194	85
42	194	37
47	194	133
48	194	54
49	194	59
50	194	36
53	194	39
57	194	103
59	194	110
60	194	61
63	194	44
65	194	87
66	194	145
68	194	116
70	194	134
74	194	67
75	194	50
76	194	26
77	194	25
78	194	86
79	194	57
80	194	82
81	194	64
83	194	49
86	194	83
88	194	163
89	194	52
90	194	54
91	194	56
100	194	37
101	194	66
102	194	109
106	194	63
112	194	28
117	194	43
119	194	50
120	194	74
121	194	43
123	194	103
124	194	91
126	194	69
137	194	66
139	194	34
140	194	95
144	194	67
145	194	94
148	194	95
149	194	93
151	194	96
153	194	42
155	194	37
157	194	86
160	194	53
161	194	93
163	194	65
165	194	200
167	194	92
172	194	40
173	194	163
174	194	41
175	194	118
176	194	65
179	194	114
180	194	94
184	194	28
186	194	47
187	194	61
188	194	76
193	194	78
195	194	82
197	194	61
198	194	68
199	194	63
200	194	68
202	194	65
204	194	68
206	194	90
207	194	61
208	194	62
209	194	15
210	194	46
211	194	50
212	194	50
216	194	52
221	194	84
227	194	36
229	194	63
231	194	50
235	194	68
236	194	40
237	194	62
239	194	115
240	194	151
241	194	40
242	194	88
243	194	74
16	193	34
23	193	75
27	193	55
28	193	35
29	193	54
39	193	14
41	193	48
43	193	37
44	193	80
45	193	104
46	193	62
49	193	26
51	193	57
52	193	55
56	193	92
57	193	54
58	193	46
59	193	14
60	193	57
64	193	114
65	193	75
66	193	47
72	193	46
73	193	19
76	193	39
80	193	86
84	193	4
85	193	54
86	193	108
90	193	85
93	193	34
94	193	20
95	193	61
96	193	95
104	193	29
105	193	77
108	193	52
125	193	16
133	193	41
136	193	48
138	193	63
146	193	74
147	193	85
154	193	25
155	193	76
157	193	97
158	193	174
159	193	80
160	193	41
161	193	29
162	193	50
163	193	32
166	193	100
172	193	48
173	193	132
174	193	75
175	193	19
177	193	65
178	193	68
181	193	68
183	193	56
184	193	99
186	193	46
187	193	201
190	193	169
193	193	54
194	193	19
195	193	77
196	193	43
197	193	34
198	193	45
201	193	66
202	193	41
203	193	124
206	193	42
213	193	31
215	193	70
220	193	70
222	193	126
225	193	105
237	193	169
238	193	56
240	193	16
243	193	54
247	193	50
248	193	21
11	192	58
19	192	81
23	192	94
25	192	22
26	192	46
28	192	124
31	192	56
35	192	29
38	192	29
39	192	2
40	192	55
42	192	86
45	192	43
46	192	64
50	192	121
53	192	48
56	192	16
57	192	52
58	192	78
60	192	130
62	192	55
65	192	30
68	192	50
69	192	42
70	192	99
72	192	164
73	192	32
74	192	52
79	192	63
80	192	76
81	192	42
83	192	46
84	192	100
85	192	53
86	192	49
89	192	41
90	192	76
92	192	108
93	192	48
94	192	34
95	192	66
99	192	61
101	192	22
104	192	57
114	192	117
115	192	67
118	192	95
120	192	22
125	192	65
132	192	37
133	192	105
134	192	37
140	192	61
141	192	41
144	192	29
146	192	46
151	192	121
152	192	57
153	192	49
154	192	122
155	192	90
157	192	86
158	192	36
159	192	120
160	192	76
161	192	73
163	192	116
169	192	93
170	192	91
172	192	59
173	192	68
177	192	96
179	192	143
180	192	138
181	192	42
182	192	21
185	192	42
187	192	135
188	192	40
189	192	7
192	192	34
193	192	65
194	192	127
196	192	30
198	192	86
199	192	41
200	192	46
201	192	18
202	192	51
204	192	83
206	192	76
207	192	84
208	192	54
209	192	52
210	192	114
211	192	37
218	192	72
220	192	72
222	192	31
227	192	57
230	192	128
235	192	53
237	192	26
238	192	57
242	192	36
243	192	29
11	191	57
13	191	55
25	191	92
29	191	29
30	191	37
32	191	45
36	191	29
37	191	63
41	191	139
42	191	75
43	191	98
44	191	63
48	191	26
51	191	82
52	191	55
53	191	66
56	191	81
57	191	84
59	191	51
60	191	59
63	191	45
67	191	45
69	191	39
70	191	62
71	191	38
72	191	127
73	191	116
74	191	36
75	191	60
76	191	63
77	191	46
80	191	34
84	191	20
85	191	35
86	191	30
87	191	62
90	191	66
91	191	62
94	191	44
105	191	16
106	191	58
108	191	58
111	191	38
112	191	55
113	191	79
117	191	22
120	191	61
122	191	83
134	191	72
135	191	153
140	191	54
151	191	59
152	191	29
157	191	150
158	191	15
159	191	61
162	191	74
164	191	62
167	191	34
170	191	75
173	191	51
175	191	58
176	191	68
178	191	19
179	191	106
181	191	68
183	191	20
187	191	32
188	191	178
189	191	111
190	191	42
191	191	47
198	191	61
202	191	135
203	191	10
208	191	61
209	191	80
210	191	63
213	191	22
215	191	65
219	191	54
222	191	30
224	191	54
226	191	52
227	191	90
229	191	73
230	191	37
231	191	37
232	191	87
233	191	16
235	191	66
236	191	60
237	191	69
240	191	76
241	191	48
16	190	73
17	190	54
21	190	57
26	190	81
32	190	68
38	190	76
43	190	43
44	190	140
46	190	87
47	190	72
167	253	33
167	252	133
115	246	48
116	246	51
114	245	19
119	245	45
123	245	2
66	244	26
86	244	71
90	244	31
95	244	53
96	244	84
106	244	49
114	244	84
116	244	37
120	244	74
124	244	57
125	244	97
151	244	37
168	244	31
194	244	18
55	243	27
60	243	4
75	243	20
87	243	50
89	243	20
95	243	48
99	243	71
108	243	84
111	243	18
114	243	22
117	243	62
119	243	49
122	243	35
130	243	52
131	243	32
135	243	116
139	243	26
140	243	39
141	243	81
151	243	33
194	243	62
218	243	52
219	243	57
45	242	28
66	242	76
75	242	65
78	242	70
92	242	74
95	242	61
96	242	92
103	242	115
106	242	46
108	242	36
113	242	37
116	242	34
117	242	38
131	242	16
142	242	31
143	242	127
144	242	42
152	242	29
160	242	50
173	242	58
175	242	35
186	242	42
194	242	91
198	242	46
201	242	50
206	242	40
208	242	62
215	242	56
217	242	86
218	242	31
34	241	63
37	241	15
40	241	49
54	241	73
55	241	22
60	241	79
83	241	65
85	241	54
93	241	56
95	241	23
100	241	26
102	241	103
109	241	5
110	241	34
111	241	78
114	241	114
115	241	188
118	241	84
119	241	83
121	241	51
140	241	36
141	241	49
145	241	39
155	241	40
164	241	34
169	241	83
175	241	36
186	241	14
189	241	63
191	241	45
195	241	44
204	241	38
207	241	58
209	241	51
215	241	75
36	240	67
41	240	28
52	240	17
56	240	77
57	240	48
68	240	76
73	240	44
91	240	40
94	240	63
99	240	37
101	240	141
105	240	40
108	240	183
110	240	58
112	240	167
113	240	15
114	240	98
115	240	117
116	240	62
118	240	70
120	240	76
123	240	125
124	240	25
126	240	177
135	240	76
142	240	86
149	240	62
155	240	60
160	240	40
172	240	64
174	240	38
180	240	17
185	240	108
190	240	58
191	240	40
198	240	83
199	240	38
203	240	76
204	240	80
207	240	49
208	240	52
54	239	23
69	239	21
70	239	62
81	239	38
84	239	28
88	239	110
89	239	60
91	239	29
101	239	7
105	239	32
109	239	90
110	239	44
111	239	51
112	239	38
113	239	70
114	239	153
118	239	134
120	239	73
121	239	62
123	239	35
124	239	53
135	239	44
136	239	117
139	239	64
140	239	156
141	239	61
142	239	79
144	239	60
146	239	56
153	239	30
158	239	18
171	239	66
175	239	90
189	239	73
193	239	61
197	239	94
203	239	65
206	239	58
51	238	30
63	238	41
65	238	43
68	238	43
72	238	41
77	238	58
81	238	52
85	238	24
87	238	33
97	238	52
98	238	76
100	238	74
101	238	82
102	238	48
103	238	101
104	238	47
105	238	67
106	238	79
107	238	140
108	238	59
109	238	31
110	238	116
111	238	69
112	238	94
113	238	107
115	238	69
116	238	101
117	238	60
118	238	69
119	238	13
122	238	181
123	238	193
126	238	39
127	238	110
130	238	57
131	238	60
132	238	2
134	238	43
136	238	14
137	238	55
138	238	52
139	238	33
142	238	66
150	238	38
154	238	21
155	238	59
156	238	95
158	238	35
167	238	60
172	238	16
178	238	64
179	238	32
184	238	76
187	238	110
188	238	124
190	238	94
191	238	8
195	238	31
196	238	66
197	238	66
201	238	45
20	237	57
30	237	35
48	237	54
62	237	110
67	237	67
69	237	42
70	237	30
72	237	83
73	237	40
78	237	28
79	237	40
83	237	56
90	237	55
91	237	119
95	237	105
97	237	58
100	237	37
102	237	65
104	237	103
105	237	54
106	237	72
109	237	58
110	237	12
111	237	141
112	237	89
113	237	118
114	237	86
115	237	123
116	237	90
117	237	58
118	237	110
119	237	98
120	237	124
121	237	49
122	237	74
123	237	33
128	237	37
129	237	18
134	237	77
135	237	46
137	237	42
141	237	66
142	237	57
144	237	61
146	237	64
154	237	57
155	237	3
156	237	34
157	237	12
169	237	54
170	237	67
174	237	65
175	237	142
180	237	70
193	237	67
195	237	130
199	237	104
209	237	27
213	237	47
214	237	30
216	237	45
18	236	82
22	236	71
29	236	79
47	236	47
52	236	61
66	236	83
70	236	68
71	236	27
72	236	93
73	236	57
83	236	28
84	236	59
86	236	47
90	236	53
91	236	40
93	236	27
94	236	22
98	236	80
99	236	62
101	236	29
102	236	50
106	236	80
109	236	28
110	236	85
113	236	70
114	236	202
115	236	16
116	236	43
118	236	49
119	236	54
121	236	67
122	236	96
124	236	50
126	236	57
134	236	72
135	236	90
137	236	34
141	236	28
144	236	60
148	236	57
149	236	77
152	236	52
154	236	63
156	236	63
162	236	58
169	236	19
170	236	77
175	236	106
177	236	36
180	236	172
181	236	79
183	236	119
186	236	40
192	236	64
193	236	64
196	236	107
199	236	150
202	236	76
203	236	42
208	236	75
212	236	43
214	236	35
215	236	138
218	236	94
23	235	86
29	235	74
54	235	55
60	235	29
62	235	27
68	235	38
70	235	42
71	235	26
73	235	19
75	235	52
79	235	18
85	235	48
86	235	49
91	235	28
93	235	30
94	235	59
96	235	45
97	235	18
99	235	124
100	235	106
101	235	48
106	235	53
107	235	167
108	235	129
111	235	25
113	235	25
114	235	123
115	235	80
116	235	194
117	235	87
118	235	119
119	235	151
122	235	82
126	235	146
127	235	62
133	235	126
134	235	71
137	235	63
138	235	45
141	235	130
143	235	26
147	235	64
149	235	128
151	235	114
157	235	29
159	235	45
163	235	32
168	235	47
171	235	43
177	235	79
179	235	61
180	235	94
185	235	45
188	235	29
193	235	47
201	235	33
202	235	55
205	235	38
214	235	58
216	235	50
217	235	51
239	235	77
21	234	47
27	234	51
39	234	70
41	234	38
43	234	58
48	234	73
55	234	62
57	234	45
62	234	89
66	234	67
69	234	53
70	234	71
72	234	90
73	234	75
76	234	29
80	234	64
82	234	24
83	234	43
84	234	67
88	234	37
89	234	30
96	234	108
97	234	46
98	234	121
100	234	153
101	234	112
102	234	162
105	234	144
108	234	62
110	234	25
111	234	55
112	234	170
113	234	43
114	234	36
115	234	39
116	234	119
117	234	57
120	234	121
121	234	136
122	234	103
123	234	31
128	234	103
129	234	54
132	234	68
133	234	73
134	234	40
135	234	51
138	234	52
145	234	66
146	234	29
149	234	36
156	234	26
159	234	35
162	234	25
163	234	81
175	234	83
180	234	73
182	234	44
184	234	38
185	234	49
189	234	64
190	234	76
196	234	28
200	234	78
201	234	59
202	234	51
203	234	82
205	234	16
206	234	69
207	234	80
208	234	123
228	234	50
34	233	36
38	233	113
53	233	98
55	233	70
59	233	58
62	233	29
64	233	36
67	233	35
69	233	18
73	233	33
74	233	45
76	233	21
86	233	62
87	233	111
95	233	68
96	233	82
97	233	25
98	233	33
100	233	58
101	233	80
102	233	112
103	233	91
104	233	40
105	233	116
106	233	220
108	233	125
110	233	162
111	233	146
113	233	156
115	233	21
116	233	65
118	233	106
119	233	36
121	233	199
122	233	82
128	233	40
132	233	89
136	233	106
137	233	36
139	233	46
140	233	85
141	233	53
142	233	142
143	233	54
144	233	35
145	233	54
150	233	41
153	233	31
157	233	41
159	233	22
162	233	18
163	233	36
178	233	79
181	233	57
183	233	44
188	233	48
193	233	9
196	233	18
200	233	62
201	233	109
202	233	178
204	233	86
206	233	147
207	233	63
208	233	67
209	233	58
211	233	84
212	233	89
213	233	94
215	233	51
219	233	24
238	233	36
27	232	44
28	232	52
31	232	55
35	232	39
37	232	46
38	232	47
39	232	43
42	232	32
46	232	85
48	232	73
52	232	54
54	232	48
55	232	21
60	232	46
67	232	21
71	232	24
73	232	35
74	232	72
82	232	67
84	232	50
85	232	31
87	232	24
88	232	67
89	232	67
90	232	163
94	232	90
97	232	105
98	232	71
100	232	37
101	232	77
102	232	102
103	232	178
104	232	95
105	232	20
106	232	34
110	232	51
111	232	37
113	232	75
114	232	65
115	232	179
117	232	77
118	232	185
120	232	97
121	232	98
125	232	94
129	232	96
131	232	69
139	232	65
142	232	47
144	232	89
145	232	16
146	232	55
147	232	77
148	232	22
149	232	28
150	232	39
151	232	107
153	232	57
157	232	113
158	232	35
162	232	55
170	232	43
171	232	22
172	232	102
173	232	37
184	232	115
188	232	26
191	232	67
193	232	52
197	232	19
198	232	98
201	232	60
202	232	64
203	232	72
204	232	147
205	232	30
206	232	103
207	232	162
209	232	92
210	232	106
211	232	61
213	232	59
217	232	67
218	232	68
21	231	33
32	231	47
34	231	78
36	231	36
39	231	46
49	231	26
54	231	38
62	231	85
63	231	88
69	231	9
83	231	48
87	231	55
88	231	89
90	231	53
94	231	52
96	231	101
99	231	69
102	231	107
103	231	34
107	231	14
108	231	81
109	231	85
111	231	169
112	231	92
113	231	57
115	231	166
116	231	165
118	231	31
119	231	116
120	231	113
121	231	54
124	231	60
125	231	54
126	231	69
127	231	75
130	231	98
131	231	90
137	231	98
138	231	50
144	231	57
145	231	77
156	231	108
157	231	100
163	231	59
165	231	50
166	231	90
170	231	109
172	231	67
173	231	64
175	231	32
176	231	28
178	231	61
180	231	25
181	231	29
186	231	89
187	231	30
190	231	31
191	231	94
195	231	20
197	231	160
198	231	70
199	231	29
200	231	28
203	231	46
204	231	98
206	231	87
208	231	76
209	231	63
210	231	85
213	231	60
214	231	80
215	231	63
217	231	148
225	231	46
234	231	85
26	230	15
37	230	46
48	230	13
50	230	64
52	230	62
56	230	48
57	230	60
58	230	40
59	230	57
61	230	76
62	230	49
63	230	63
64	230	81
66	230	38
69	230	72
70	230	134
71	230	61
73	230	47
76	230	59
77	230	102
78	230	21
79	230	29
85	230	67
87	230	45
94	230	56
103	230	75
106	230	54
107	230	66
110	230	33
111	230	61
112	230	68
113	230	130
114	230	22
115	230	62
118	230	74
119	230	94
120	230	158
123	230	98
124	230	42
126	230	49
131	230	65
133	230	75
134	230	45
138	230	68
140	230	24
142	230	138
144	230	75
145	230	135
146	230	43
148	230	16
149	230	88
158	230	85
159	230	34
162	230	82
165	230	79
168	230	60
178	230	163
179	230	25
184	230	55
187	230	58
192	230	21
194	230	100
196	230	5
197	230	115
198	230	63
201	230	44
202	230	116
203	230	116
204	230	122
205	230	58
206	230	65
207	230	266
208	230	30
209	230	86
210	230	213
213	230	81
214	230	26
216	230	32
18	229	53
23	229	67
26	229	55
31	229	59
37	229	105
47	229	64
48	229	64
54	229	44
# chipNumber: 4
# chipName:   G 10 W69
# numHits:    139
132	220	65
134	218	84
150	218	75
144	217	52
136	216	55
148	216	32
149	216	58
150	215	41
148	214	19
149	214	72
154	214	29
151	213	85
152	212	59
168	210	35
169	210	65
134	209	52
143	209	21
133	208	26
135	207	62
153	207	61
144	206	34
137	205	42
138	205	45
152	204	50
158	204	53
163	204	29
128	203	29
135	203	57
137	203	30
140	203	51
144	203	52
153	203	56
154	203	52
157	203	58
158	203	45
159	203	73
138	202	66
157	202	12
143	201	54
147	201	38
150	201	68
151	201	48
158	201	73
181	201	77
129	200	70
136	200	31
146	200	21
147	200	119
148	200	68
151	200	36
165	200	59
136	199	85
144	199	51
146	199	67
147	199	85
165	199	17
134	198	78
142	198	70
146	198	49
147	198	89
148	198	63
157	197	22
159	197	51
160	197	73
162	197	69
142	196	55
143	196	54
149	196	47
72	195	3
133	195	79
150	195	57
158	195	63
139	194	60
146	194	106
147	194	36
148	194	47
169	194	42
175	194	61
139	193	65
147	193	23
149	193	77
151	193	65
144	192	100
150	192	45
141	191	57
146	191	35
147	191	49
148	191	38
155	191	65
157	191	66
159	191	59
169	191	30
133	190	59
150	190	80
155	190	67
156	190	40
165	190	69
122	189	58
143	188	48
152	188	74
153	188	45
144	187	100
136	186	63
140	186	62
153	186	45
163	186	30
132	185	49
133	185	84
141	185	20
139	184	56
152	184	59
124	183	42
129	183	65
144	183	39
148	183	55
149	183	58
151	182	78
159	182	68
149	181	21
141	180	78
150	178	20
158	178	81
154	177	26
158	177	42
147	176	58
152	173	62
130	170	23
24	149	55
13	143	36
16	120	61
11	117	62
12	117	51
15	115	86
11	109	52
16	97	6
17	88	3
19	88	46
15	87	46
16	87	51
# chipNumber: 5
# chipName:   D 9 W69
# numHits:    1
121	198	28
# chipNumber: 6
# chipName:   L 8 W69
# numHits:    2
166	233	11810
234	203	11810
