## [General]
## runNumber:        241
## runTime:       	 7200
## runTimeFrames: 	 0
## pathName:         data/runs/Run_241_181022-16-16
## dateTime:         2018-10-22.17:36:59
## numChips:         7
## shutterTime:      30
## shutterMode:      verylong
## runMode:          0
## fastClock:        0
## externalTrigger:  0
## [Event]
## eventNumber:      6388
## useHvFadc:    	 1
## fadcReadout:    	 1
## szint1ClockInt:	 0
## szint2ClockInt:	 4095
## fadcTriggerClock: 0
# chipNumber: 0
# chipName:   E 6 W69
# numHits:    0
# chipNumber: 1
# chipName:   K 6 W69
# numHits:    81
101	242	43
74	240	24
76	240	37
72	239	30
84	239	25
71	238	77
80	237	54
84	236	13
55	235	38
70	234	14
68	232	44
82	232	25
93	232	91
73	231	19
85	231	59
67	230	26
70	230	27
72	230	74
52	229	51
60	229	35
84	229	51
54	228	23
58	227	23
77	227	73
81	227	97
15	226	26
26	226	68
50	226	85
93	226	25
57	224	44
71	224	75
90	224	39
62	222	33
64	222	61
83	222	70
88	221	73
58	220	36
74	220	69
79	220	53
89	220	26
91	220	33
82	219	16
90	219	76
96	219	45
49	218	34
74	218	10
80	218	29
16	217	43
49	217	95
51	217	45
77	217	61
62	216	44
74	216	23
49	215	89
59	215	64
106	214	38
59	213	41
89	211	1
96	211	76
45	209	25
45	207	48
91	207	64
92	207	46
91	206	86
57	205	60
62	204	36
66	204	125
67	204	61
87	203	54
64	202	55
80	200	52
65	197	33
78	197	48
82	197	81
64	196	52
63	195	83
60	193	55
91	188	43
92	188	44
87	184	76
70	179	76
# chipNumber: 2
# chipName:   H 9 W69
# numHits:    68
226	229	73
227	229	20
243	210	65
238	198	39
242	194	52
240	191	26
245	184	74
243	155	26
244	155	52
234	150	66
244	148	50
235	141	78
232	137	56
239	136	49
240	136	90
232	135	49
210	132	100
224	131	92
236	131	81
237	131	47
240	131	87
239	129	45
241	129	37
232	127	38
232	125	45
233	125	32
240	125	52
229	124	25
229	122	94
227	119	19
244	117	99
243	116	72
247	115	35
232	114	56
234	113	43
235	112	43
243	112	31
245	112	34
235	111	43
241	111	25
243	110	41
235	109	83
242	108	57
218	107	49
241	106	85
240	105	57
241	105	72
239	104	62
224	99	71
244	99	48
224	98	92
231	98	33
232	98	73
221	97	74
224	97	35
224	95	9
246	95	37
248	95	43
238	92	21
243	92	14
243	91	29
242	90	8
238	89	54
242	88	79
226	86	57
238	84	88
236	83	87
243	83	37
# chipNumber: 3
# chipName:   H 10 W69
# numHits:    20226
224	197	46
231	197	49
232	197	47
233	197	65
240	197	31
15	196	19
16	196	129
22	196	109
23	196	154
24	196	25
25	196	271
26	196	234
27	196	189
28	196	291
29	196	167
30	196	127
31	196	139
32	196	202
33	196	369
34	196	239
35	196	96
36	196	109
37	196	53
39	196	26
41	196	17
45	196	67
46	196	123
47	196	19
48	196	48
49	196	42
52	196	34
53	196	92
61	196	99
63	196	57
64	196	97
65	196	48
82	196	73
85	196	71
86	196	17
87	196	45
88	196	36
92	196	24
95	196	49
97	196	31
103	196	34
108	196	204
109	196	54
110	196	137
111	196	7
112	196	22
116	196	63
119	196	65
120	196	76
122	196	103
123	196	92
131	196	59
132	196	34
133	196	49
134	196	30
135	196	143
137	196	37
138	196	85
141	196	67
145	196	89
147	196	47
148	196	7
149	196	37
150	196	82
151	196	20
152	196	43
153	196	24
156	196	95
157	196	136
158	196	48
159	196	33
162	196	161
164	196	126
165	196	56
166	196	105
169	196	59
170	196	53
173	196	78
174	196	88
175	196	28
176	196	59
178	196	21
180	196	137
182	196	81
183	196	99
184	196	95
186	196	30
187	196	90
188	196	15
190	196	65
192	196	45
194	196	45
195	196	59
196	196	67
197	196	138
198	196	41
200	196	102
201	196	66
204	196	26
206	196	38
207	196	71
208	196	156
209	196	51
210	196	80
211	196	88
212	196	40
213	196	62
215	196	80
216	196	20
217	196	54
218	196	55
220	196	28
221	196	15
222	196	58
224	196	151
226	196	87
228	196	60
231	196	56
232	196	175
233	196	57
16	195	29
18	195	58
20	195	33
22	195	49
23	195	191
24	195	65
25	195	149
26	195	225
27	195	144
28	195	241
29	195	282
30	195	150
31	195	144
32	195	452
33	195	330
34	195	352
35	195	68
36	195	12
37	195	30
38	195	59
39	195	101
41	195	58
45	195	89
46	195	44
47	195	30
49	195	33
54	195	34
60	195	31
62	195	84
65	195	106
66	195	166
70	195	39
73	195	68
80	195	53
82	195	71
84	195	35
88	195	67
92	195	85
94	195	52
95	195	68
97	195	58
98	195	3
105	195	20
106	195	61
108	195	68
109	195	52
111	195	54
113	195	12
115	195	47
117	195	34
120	195	37
121	195	149
123	195	57
124	195	36
125	195	51
126	195	72
128	195	84
129	195	118
133	195	49
134	195	33
137	195	73
138	195	13
139	195	62
140	195	57
144	195	21
146	195	91
147	195	171
148	195	229
149	195	29
152	195	49
153	195	10
154	195	61
155	195	69
156	195	156
158	195	169
159	195	89
160	195	34
161	195	56
162	195	53
163	195	52
164	195	116
166	195	63
169	195	44
175	195	37
182	195	125
183	195	119
184	195	124
187	195	90
188	195	69
190	195	105
191	195	21
193	195	60
194	195	77
196	195	60
197	195	32
198	195	75
202	195	79
208	195	41
214	195	24
215	195	70
216	195	55
217	195	76
218	195	66
219	195	20
222	195	10
226	195	69
11	194	23
12	194	123
13	194	39
14	194	103
15	194	24
18	194	54
20	194	62
21	194	67
23	194	87
24	194	66
25	194	207
26	194	384
27	194	251
28	194	270
29	194	274
30	194	283
31	194	194
32	194	284
33	194	176
34	194	79
35	194	135
45	194	49
46	194	25
49	194	72
0	246	23
91	246	62
132	246	45
87	245	72
100	245	17
127	245	49
131	245	30
132	245	51
80	244	41
91	244	45
94	244	115
100	244	91
106	244	50
114	244	43
123	244	19
124	244	54
125	244	78
194	244	74
28	243	48
48	243	43
56	243	59
76	243	41
86	243	38
92	243	90
94	243	49
96	243	75
98	243	62
105	243	39
107	243	26
114	243	49
118	243	47
134	243	68
145	243	51
146	243	33
187	243	72
188	243	26
190	243	49
192	243	63
204	243	18
55	242	60
56	242	44
57	242	69
58	242	47
71	242	39
82	242	54
83	242	34
85	242	22
86	242	76
87	242	83
90	242	59
91	242	49
99	242	78
106	242	48
110	242	80
112	242	64
134	242	72
136	242	74
137	242	64
141	242	28
149	242	47
175	242	34
184	242	42
207	242	31
39	241	23
42	241	58
43	241	57
46	241	52
51	241	41
54	241	54
56	241	51
65	241	83
66	241	51
70	241	69
71	241	16
73	241	13
80	241	46
84	241	205
85	241	70
89	241	25
93	241	54
97	241	27
98	241	71
106	241	50
113	241	45
119	241	51
124	241	145
128	241	32
129	241	87
136	241	75
138	241	46
140	241	80
151	241	64
178	241	20
192	241	46
193	241	38
37	240	65
44	240	66
59	240	82
63	240	37
64	240	35
65	240	85
66	240	20
73	240	52
79	240	24
85	240	137
94	240	91
95	240	31
97	240	153
108	240	76
118	240	63
119	240	22
121	240	64
123	240	54
124	240	66
157	240	44
175	240	95
179	240	40
180	240	11
184	240	65
189	240	39
190	240	56
194	240	55
199	240	87
201	240	56
228	240	45
31	239	51
33	239	43
40	239	66
62	239	52
63	239	24
70	239	41
74	239	69
81	239	45
82	239	32
84	239	51
87	239	19
88	239	44
99	239	35
103	239	57
108	239	48
113	239	31
115	239	60
116	239	34
119	239	36
122	239	99
123	239	64
125	239	63
131	239	12
133	239	47
146	239	50
147	239	66
148	239	30
149	239	62
153	239	52
167	239	40
168	239	34
171	239	59
175	239	59
180	239	47
183	239	24
184	239	95
185	239	50
204	239	62
205	239	49
234	239	52
29	238	86
30	238	53
35	238	76
40	238	95
43	238	55
46	238	83
49	238	58
50	238	69
53	238	51
54	238	41
55	238	72
62	238	53
64	238	26
74	238	68
75	238	59
78	238	47
83	238	83
84	238	20
85	238	32
87	238	71
89	238	48
90	238	118
93	238	25
95	238	48
97	238	23
103	238	28
105	238	44
108	238	72
111	238	33
113	238	34
114	238	87
115	238	37
117	238	121
123	238	16
124	238	57
130	238	57
146	238	83
150	238	32
152	238	66
156	238	34
157	238	58
160	238	51
174	238	47
200	238	41
210	238	35
222	238	57
223	238	44
34	237	40
35	237	55
38	237	63
63	237	29
68	237	22
73	237	60
74	237	50
81	237	101
85	237	6
89	237	42
91	237	27
98	237	69
99	237	124
104	237	39
107	237	32
111	237	30
112	237	15
113	237	77
114	237	122
115	237	44
118	237	60
120	237	10
123	237	101
137	237	59
142	237	59
147	237	60
156	237	66
162	237	69
170	237	74
171	237	79
178	237	35
180	237	49
184	237	17
186	237	54
189	237	29
192	237	11
195	237	29
198	237	33
202	237	101
213	237	40
35	236	37
39	236	38
40	236	58
42	236	118
43	236	34
49	236	68
57	236	120
59	236	18
67	236	50
71	236	40
73	236	31
77	236	23
79	236	118
81	236	45
85	236	56
89	236	29
93	236	34
98	236	39
110	236	19
114	236	50
118	236	30
124	236	58
132	236	77
134	236	93
138	236	38
140	236	67
147	236	21
153	236	29
166	236	64
167	236	76
170	236	97
174	236	66
176	236	69
179	236	38
187	236	76
200	236	42
202	236	71
210	236	40
217	236	13
224	236	53
16	235	64
20	235	37
22	235	29
30	235	36
35	235	28
46	235	68
49	235	58
54	235	61
59	235	50
60	235	44
66	235	20
69	235	9
70	235	58
73	235	19
77	235	72
78	235	33
83	235	22
84	235	21
86	235	43
90	235	49
92	235	147
93	235	58
96	235	103
106	235	44
108	235	40
109	235	78
110	235	95
114	235	32
115	235	117
120	235	84
123	235	40
124	235	91
136	235	52
146	235	60
149	235	41
150	235	47
151	235	92
156	235	36
160	235	57
168	235	34
170	235	38
176	235	49
177	235	66
181	235	24
186	235	19
188	235	102
198	235	64
200	235	71
202	235	53
205	235	87
213	235	12
217	235	68
35	234	16
36	234	53
38	234	75
43	234	33
44	234	65
52	234	52
53	234	56
55	234	58
59	234	59
60	234	74
62	234	39
63	234	59
71	234	23
74	234	48
80	234	16
84	234	103
85	234	27
87	234	57
88	234	88
92	234	42
95	234	89
96	234	85
101	234	49
103	234	87
104	234	47
105	234	41
109	234	78
110	234	66
111	234	122
116	234	43
117	234	63
119	234	29
120	234	79
122	234	22
124	234	96
126	234	45
128	234	56
132	234	23
133	234	22
134	234	43
137	234	54
142	234	24
147	234	25
148	234	54
162	234	69
171	234	51
173	234	60
185	234	126
186	234	85
189	234	61
190	234	17
197	234	39
202	234	135
203	234	93
216	234	35
217	234	78
226	234	81
21	233	87
26	233	52
31	233	17
34	233	14
37	233	37
48	233	93
53	233	185
55	233	18
59	233	83
63	233	126
67	233	89
73	233	39
75	233	50
76	233	51
77	233	67
81	233	43
82	233	4
84	233	59
85	233	30
88	233	141
91	233	34
92	233	44
93	233	60
94	233	107
95	233	113
96	233	37
99	233	37
110	233	50
111	233	78
115	233	34
119	233	54
126	233	39
127	233	95
129	233	53
134	233	53
137	233	46
144	233	70
147	233	19
149	233	145
151	233	52
153	233	57
154	233	61
156	233	52
159	233	52
168	233	151
174	233	48
178	233	46
185	233	74
187	233	56
188	233	98
189	233	61
191	233	19
194	233	44
196	233	54
197	233	33
202	233	45
226	233	41
238	233	48
8	232	84
10	232	39
18	232	74
19	232	115
20	232	135
25	232	70
31	232	106
32	232	23
37	232	51
39	232	30
46	232	52
55	232	36
60	232	84
61	232	41
63	232	66
64	232	77
69	232	53
70	232	52
72	232	98
77	232	58
79	232	90
81	232	67
82	232	38
84	232	54
85	232	72
87	232	27
88	232	118
90	232	73
91	232	95
92	232	61
93	232	90
94	232	85
96	232	22
98	232	90
103	232	71
104	232	95
109	232	34
113	232	46
121	232	89
124	232	65
126	232	56
129	232	95
134	232	19
136	232	83
137	232	85
147	232	37
148	232	52
156	232	51
158	232	52
159	232	108
178	232	73
183	232	29
187	232	18
190	232	32
193	232	29
199	232	70
201	232	104
202	232	105
206	232	68
210	232	36
220	232	49
228	232	96
11	231	35
19	231	62
20	231	62
22	231	24
24	231	83
38	231	46
41	231	105
48	231	48
49	231	73
53	231	39
57	231	108
58	231	60
62	231	56
63	231	132
70	231	81
73	231	69
76	231	121
77	231	51
80	231	69
82	231	107
83	231	65
85	231	31
86	231	18
87	231	38
95	231	52
96	231	82
98	231	76
103	231	54
108	231	54
109	231	77
110	231	42
114	231	56
116	231	74
117	231	50
118	231	49
119	231	7
123	231	22
125	231	38
131	231	128
134	231	53
149	231	32
153	231	37
157	231	70
166	231	22
168	231	59
174	231	46
175	231	70
176	231	84
177	231	92
179	231	76
184	231	48
186	231	130
190	231	21
191	231	31
198	231	162
202	231	41
203	231	82
205	231	51
209	231	43
212	231	42
216	231	91
218	231	39
221	231	59
228	231	81
234	231	40
14	230	71
17	230	39
19	230	17
20	230	57
22	230	20
27	230	45
36	230	82
37	230	46
38	230	26
39	230	87
41	230	141
42	230	70
46	230	71
47	230	135
48	230	42
51	230	101
56	230	33
58	230	54
59	230	172
65	230	26
66	230	48
72	230	108
75	230	56
76	230	47
78	230	66
82	230	133
83	230	92
84	230	67
85	230	137
86	230	59
90	230	62
93	230	30
94	230	116
95	230	144
99	230	56
102	230	73
103	230	32
104	230	65
105	230	38
108	230	54
111	230	29
113	230	101
118	230	109
120	230	11
125	230	72
126	230	24
133	230	97
140	230	66
142	230	17
146	230	87
149	230	90
162	230	63
163	230	46
164	230	125
165	230	55
166	230	76
168	230	66
179	230	25
180	230	96
185	230	127
186	230	16
189	230	47
193	230	91
196	230	63
197	230	29
199	230	52
200	230	94
201	230	264
202	230	92
203	230	43
206	230	29
207	230	76
208	230	50
209	230	60
214	230	79
217	230	7
226	230	15
11	229	11
29	229	68
30	229	45
34	229	101
37	229	120
38	229	84
39	229	88
40	229	65
41	229	29
44	229	32
46	229	26
47	229	31
56	229	75
57	229	56
58	229	40
59	229	62
65	229	54
67	229	43
70	229	78
72	229	43
73	229	29
74	229	40
76	229	116
77	229	36
79	229	90
80	229	61
83	229	25
84	229	45
85	229	75
87	229	60
88	229	153
89	229	81
97	229	44
98	229	30
99	229	100
100	229	112
102	229	33
103	229	27
105	229	177
106	229	75
108	229	16
109	229	34
112	229	4
113	229	22
114	229	41
115	229	69
116	229	26
123	229	107
125	229	55
127	229	57
130	229	11
135	229	129
138	229	58
139	229	99
143	229	40
155	229	38
158	229	122
162	229	82
163	229	65
164	229	105
165	229	30
168	229	74
170	229	37
172	229	77
176	229	63
180	229	22
181	229	50
183	229	63
186	229	126
189	229	82
190	229	176
192	229	53
196	229	85
197	229	104
198	229	23
200	229	58
203	229	26
205	229	82
207	229	60
208	229	23
209	229	49
215	229	64
224	229	41
22	228	31
25	228	41
32	228	42
37	228	53
40	228	140
41	228	117
46	228	100
53	228	57
60	228	125
61	228	59
66	228	46
67	228	82
70	228	66
74	228	107
77	228	159
78	228	56
81	228	49
82	228	43
86	228	44
89	228	39
90	228	77
92	228	58
94	228	164
99	228	89
102	228	38
105	228	73
108	228	40
115	228	95
116	228	36
120	228	65
125	228	26
126	228	51
127	228	103
128	228	69
129	228	60
140	228	96
141	228	106
143	228	78
144	228	93
150	228	58
151	228	51
152	228	45
164	228	73
166	228	58
168	228	35
175	228	60
177	228	34
181	228	47
190	228	50
192	228	141
195	228	76
198	228	79
199	228	64
200	228	60
202	228	42
203	228	17
205	228	30
207	228	46
209	228	77
210	228	55
213	228	40
214	228	34
215	228	100
216	228	77
218	228	59
20	227	57
26	227	48
28	227	111
29	227	77
31	227	109
36	227	68
37	227	111
43	227	92
48	227	18
49	227	41
58	227	67
65	227	16
72	227	85
75	227	40
76	227	128
77	227	55
78	227	12
79	227	22
80	227	30
81	227	101
82	227	124
86	227	55
90	227	37
92	227	57
93	227	65
95	227	47
104	227	58
106	227	77
111	227	32
113	227	49
114	227	57
115	227	33
117	227	29
119	227	62
122	227	47
124	227	32
125	227	16
128	227	76
134	227	35
135	227	44
140	227	56
143	227	57
144	227	49
148	227	66
150	227	110
151	227	72
152	227	45
153	227	79
154	227	18
158	227	151
160	227	104
163	227	34
165	227	11
168	227	44
172	227	41
173	227	74
179	227	58
182	227	15
184	227	60
190	227	78
191	227	49
195	227	70
198	227	38
205	227	128
207	227	63
208	227	112
209	227	60
214	227	34
215	227	96
232	227	19
12	226	46
28	226	86
30	226	36
33	226	34
35	226	61
36	226	57
37	226	59
39	226	76
40	226	16
46	226	45
48	226	110
49	226	33
53	226	78
55	226	55
58	226	82
59	226	52
65	226	83
66	226	39
67	226	88
69	226	18
74	226	32
77	226	51
79	226	14
81	226	92
83	226	74
85	226	68
86	226	35
88	226	58
90	226	39
93	226	60
94	226	138
95	226	84
96	226	53
97	226	59
99	226	14
101	226	29
102	226	142
106	226	43
109	226	49
111	226	63
114	226	41
115	226	72
119	226	49
120	226	48
122	226	86
123	226	24
125	226	41
130	226	62
134	226	63
136	226	76
142	226	58
143	226	83
144	226	34
146	226	137
149	226	17
152	226	80
153	226	63
163	226	44
172	226	40
173	226	48
182	226	55
189	226	27
190	226	78
192	226	99
194	226	63
195	226	55
197	226	29
198	226	64
201	226	75
203	226	97
218	226	51
219	226	63
220	226	33
226	226	62
227	226	70
229	226	44
239	226	44
12	225	26
14	225	70
15	225	49
20	225	56
21	225	49
26	225	54
28	225	61
31	225	36
33	225	47
34	225	65
36	225	52
39	225	45
40	225	70
44	225	60
47	225	34
50	225	36
51	225	84
55	225	51
60	225	71
62	225	53
64	225	29
65	225	52
67	225	149
74	225	64
79	225	34
80	225	68
81	225	63
84	225	42
85	225	65
89	225	36
92	225	32
93	225	188
94	225	136
97	225	98
98	225	182
102	225	44
104	225	68
105	225	60
107	225	61
111	225	113
112	225	57
119	225	86
121	225	78
122	225	190
123	225	52
126	225	55
128	225	82
131	225	53
132	225	51
133	225	25
135	225	171
137	225	52
138	225	26
140	225	42
145	225	50
146	225	80
147	225	70
148	225	89
149	225	91
151	225	11
152	225	104
153	225	65
157	225	105
170	225	80
179	225	49
180	225	63
184	225	40
185	225	85
189	225	51
190	225	41
191	225	9
193	225	35
194	225	24
199	225	40
200	225	93
201	225	65
202	225	43
207	225	48
208	225	68
210	225	37
211	225	111
212	225	89
217	225	77
218	225	39
227	225	86
11	224	44
27	224	217
31	224	63
36	224	76
37	224	40
41	224	18
45	224	28
47	224	81
49	224	122
53	224	51
54	224	80
57	224	49
59	224	46
60	224	108
63	224	84
64	224	50
65	224	137
66	224	134
67	224	26
70	224	39
71	224	147
72	224	39
75	224	45
80	224	59
82	224	110
84	224	92
85	224	170
90	224	124
91	224	29
92	224	117
94	224	121
95	224	78
96	224	65
100	224	112
101	224	66
102	224	148
103	224	73
105	224	81
106	224	40
108	224	38
112	224	47
116	224	56
117	224	37
118	224	69
124	224	46
126	224	11
129	224	114
131	224	29
132	224	43
134	224	53
135	224	41
137	224	96
139	224	51
140	224	78
141	224	36
142	224	90
143	224	20
144	224	59
145	224	62
146	224	148
147	224	24
149	224	55
150	224	46
151	224	68
152	224	38
153	224	59
157	224	26
158	224	29
163	224	16
167	224	26
169	224	74
173	224	30
175	224	34
186	224	42
189	224	77
191	224	41
192	224	64
194	224	92
195	224	74
198	224	69
199	224	57
200	224	66
201	224	55
202	224	40
206	224	56
208	224	79
223	224	25
227	224	22
12	223	65
19	223	64
22	223	59
25	223	90
27	223	39
28	223	14
31	223	69
32	223	94
35	223	59
42	223	52
44	223	77
45	223	68
46	223	99
47	223	86
48	223	82
52	223	77
56	223	22
59	223	104
60	223	59
62	223	70
63	223	49
66	223	54
71	223	97
72	223	132
75	223	56
77	223	45
79	223	31
81	223	25
82	223	82
83	223	35
85	223	40
88	223	30
89	223	78
90	223	48
91	223	32
92	223	33
93	223	79
94	223	74
97	223	24
100	223	161
102	223	51
103	223	67
105	223	38
107	223	220
110	223	76
112	223	49
114	223	66
116	223	18
121	223	97
122	223	139
126	223	109
127	223	30
129	223	38
131	223	36
132	223	53
133	223	45
134	223	70
135	223	12
137	223	57
138	223	79
139	223	110
140	223	73
144	223	78
145	223	84
148	223	112
150	223	61
151	223	70
153	223	141
156	223	63
157	223	37
158	223	109
159	223	79
175	223	66
176	223	50
177	223	74
178	223	55
180	223	75
196	223	64
197	223	109
200	223	62
203	223	136
204	223	67
205	223	123
207	223	36
208	223	37
209	223	53
211	223	130
218	223	85
219	223	54
222	223	81
226	223	41
241	223	18
11	222	24
13	222	106
21	222	47
23	222	36
29	222	13
30	222	35
33	222	27
38	222	22
41	222	8
42	222	46
43	222	53
44	222	56
50	222	35
51	222	79
52	222	21
56	222	73
63	222	113
64	222	82
70	222	57
71	222	47
72	222	39
73	222	51
74	222	34
75	222	65
76	222	60
78	222	62
79	222	51
80	222	107
82	222	159
85	222	30
87	222	28
88	222	33
90	222	219
96	222	36
98	222	26
101	222	188
102	222	123
103	222	113
107	222	147
110	222	66
118	222	87
123	222	74
126	222	44
127	222	57
132	222	52
133	222	70
137	222	59
138	222	43
139	222	50
140	222	40
141	222	78
142	222	30
144	222	70
147	222	60
148	222	137
149	222	30
152	222	63
153	222	75
156	222	18
157	222	90
158	222	34
160	222	64
164	222	39
165	222	72
170	222	19
172	222	49
173	222	85
175	222	43
176	222	197
178	222	52
182	222	24
184	222	32
186	222	64
188	222	32
191	222	45
192	222	57
194	222	78
195	222	42
198	222	23
202	222	79
203	222	166
205	222	57
212	222	113
215	222	38
216	222	65
217	222	91
224	222	28
11	221	83
14	221	119
16	221	62
17	221	22
30	221	62
34	221	88
35	221	49
36	221	135
37	221	20
39	221	65
41	221	62
45	221	54
49	221	45
52	221	62
53	221	24
54	221	24
56	221	139
57	221	65
58	221	70
59	221	27
61	221	38
62	221	76
70	221	72
71	221	57
72	221	76
76	221	56
77	221	59
78	221	20
79	221	75
81	221	90
82	221	96
83	221	24
85	221	29
87	221	34
88	221	29
89	221	109
91	221	46
95	221	66
96	221	37
97	221	51
98	221	59
101	221	28
113	221	19
114	221	52
115	221	77
116	221	65
119	221	58
126	221	45
129	221	140
134	221	82
140	221	37
147	221	77
148	221	36
149	221	59
151	221	37
156	221	59
157	221	110
162	221	54
166	221	120
167	221	42
171	221	42
172	221	56
174	221	54
176	221	56
177	221	36
178	221	110
179	221	70
181	221	82
182	221	84
183	221	25
186	221	79
187	221	117
190	221	73
191	221	65
194	221	100
195	221	45
196	221	52
198	221	57
201	221	46
202	221	157
203	221	85
205	221	120
210	221	98
222	221	44
231	221	17
232	221	66
14	220	61
21	220	69
22	220	67
29	220	80
30	220	51
34	220	51
35	220	77
36	220	61
37	220	134
38	220	85
49	220	23
55	220	57
56	220	178
57	220	27
59	220	45
60	220	49
61	220	53
75	220	97
76	220	125
79	220	45
83	220	21
86	220	9
90	220	56
91	220	52
93	220	64
96	220	93
98	220	19
99	220	98
100	220	29
103	220	84
106	220	33
107	220	64
111	220	48
115	220	63
118	220	49
119	220	61
120	220	76
122	220	74
123	220	47
124	220	71
125	220	57
128	220	23
129	220	63
135	220	60
138	220	38
146	220	60
147	220	15
148	220	80
149	220	123
150	220	73
152	220	88
157	220	46
159	220	84
160	220	72
165	220	120
167	220	55
169	220	91
173	220	76
174	220	34
176	220	71
178	220	28
181	220	37
182	220	67
185	220	51
186	220	46
190	220	23
191	220	93
193	220	25
194	220	67
197	220	95
201	220	44
203	220	153
204	220	82
205	220	115
206	220	49
210	220	38
212	220	60
214	220	32
216	220	154
217	220	152
222	220	40
237	220	63
16	219	24
19	219	21
23	219	76
24	219	27
25	219	94
27	219	2
28	219	43
29	219	22
36	219	27
37	219	149
38	219	14
39	219	60
42	219	23
44	219	65
46	219	52
49	219	59
52	219	106
53	219	74
54	219	69
55	219	79
57	219	59
60	219	80
61	219	44
64	219	58
69	219	56
71	219	115
82	219	170
83	219	110
86	219	22
87	219	49
90	219	139
91	219	28
94	219	50
99	219	54
100	219	86
102	219	74
104	219	61
109	219	165
110	219	36
111	219	36
112	219	51
115	219	8
116	219	66
121	219	27
124	219	26
125	219	41
126	219	42
127	219	69
128	219	59
131	219	61
132	219	204
134	219	32
136	219	66
137	219	54
140	219	19
143	219	43
144	219	26
145	219	76
148	219	109
149	219	30
150	219	67
151	219	48
152	219	93
153	219	50
154	219	26
158	219	56
159	219	112
160	219	48
163	219	74
166	219	19
167	219	89
168	219	40
169	219	58
170	219	47
173	219	48
178	219	48
179	219	55
185	219	67
186	219	16
187	219	45
189	219	37
190	219	48
193	219	28
194	219	98
195	219	43
196	219	67
200	219	75
201	219	74
202	219	46
203	219	15
204	219	48
205	219	52
207	219	58
208	219	57
209	219	28
214	219	62
222	219	89
19	218	47
20	218	26
22	218	94
23	218	69
29	218	113
30	218	90
32	218	66
35	218	71
36	218	62
37	218	52
43	218	27
44	218	42
48	218	111
50	218	74
52	218	82
53	218	42
55	218	126
58	218	165
59	218	59
64	218	68
68	218	58
69	218	62
71	218	65
72	218	52
73	218	100
74	218	11
75	218	43
77	218	15
78	218	19
80	218	37
81	218	52
82	218	87
84	218	79
85	218	9
86	218	49
87	218	30
88	218	43
91	218	60
92	218	67
97	218	68
98	218	76
101	218	81
103	218	45
105	218	44
107	218	28
112	218	80
113	218	44
115	218	49
116	218	81
117	218	31
120	218	70
122	218	69
123	218	54
130	218	74
133	218	49
136	218	59
138	218	18
140	218	74
142	218	75
144	218	45
145	218	22
149	218	191
151	218	73
152	218	104
153	218	21
156	218	83
159	218	36
160	218	112
167	218	81
168	218	49
174	218	124
175	218	141
176	218	42
181	218	36
187	218	235
189	218	81
190	218	57
194	218	82
195	218	62
196	218	115
197	218	48
198	218	67
199	218	92
200	218	20
204	218	36
205	218	61
210	218	40
212	218	97
216	218	57
218	218	73
219	218	28
222	218	38
226	218	66
229	218	46
15	217	58
19	217	34
20	217	48
21	217	90
22	217	13
23	217	88
24	217	62
29	217	156
32	217	144
33	217	51
35	217	54
37	217	48
38	217	37
39	217	92
40	217	67
41	217	18
43	217	62
44	217	70
46	217	29
49	217	94
50	217	92
52	217	63
53	217	78
55	217	31
58	217	53
60	217	53
63	217	78
64	217	78
67	217	54
68	217	70
69	217	47
73	217	27
74	217	105
75	217	70
79	217	125
82	217	71
84	217	25
85	217	79
86	217	161
87	217	57
91	217	41
94	217	55
96	217	176
99	217	54
100	217	66
101	217	22
104	217	56
105	217	220
107	217	78
111	217	15
117	217	109
118	217	39
120	217	84
121	217	44
122	217	51
123	217	110
130	217	58
132	217	13
137	217	82
139	217	120
141	217	30
145	217	81
146	217	55
147	217	83
149	217	51
151	217	80
153	217	19
154	217	15
156	217	44
157	217	34
158	217	46
159	217	28
160	217	20
161	217	176
165	217	88
173	217	37
186	217	98
187	217	51
188	217	85
189	217	81
190	217	206
192	217	47
193	217	90
198	217	63
199	217	27
200	217	68
201	217	56
204	217	92
205	217	84
206	217	41
208	217	51
209	217	51
211	217	144
212	217	36
213	217	67
218	217	65
224	217	44
230	217	32
20	216	20
21	216	71
23	216	78
25	216	87
28	216	61
29	216	54
30	216	43
36	216	33
37	216	57
38	216	33
39	216	47
44	216	31
45	216	23
46	216	69
47	216	51
48	216	46
50	216	62
52	216	38
53	216	45
55	216	14
56	216	47
60	216	131
62	216	29
63	216	51
64	216	118
67	216	74
69	216	99
70	216	40
73	216	90
74	216	18
75	216	51
76	216	74
77	216	53
78	216	19
83	216	70
84	216	86
85	216	87
86	216	82
87	216	87
90	216	66
95	216	80
97	216	33
98	216	73
100	216	99
101	216	114
103	216	225
105	216	57
106	216	30
110	216	49
112	216	60
117	216	141
119	216	74
121	216	150
122	216	90
123	216	83
124	216	66
125	216	59
133	216	46
134	216	93
137	216	38
142	216	47
144	216	41
145	216	181
146	216	107
147	216	18
152	216	118
153	216	25
154	216	37
155	216	58
156	216	65
157	216	69
159	216	173
161	216	54
163	216	19
164	216	52
165	216	87
167	216	41
172	216	100
175	216	69
177	216	48
178	216	140
179	216	40
180	216	28
181	216	77
183	216	18
188	216	29
190	216	43
191	216	169
192	216	68
193	216	128
196	216	101
197	216	73
198	216	62
201	216	37
202	216	115
204	216	141
206	216	62
208	216	69
211	216	95
212	216	60
213	216	106
215	216	76
216	216	67
223	216	58
228	216	19
16	215	46
20	215	119
21	215	31
27	215	29
29	215	105
34	215	13
36	215	57
37	215	56
39	215	23
41	215	55
42	215	67
48	215	113
49	215	79
50	215	129
51	215	76
57	215	49
59	215	66
60	215	32
62	215	25
63	215	94
64	215	83
65	215	66
69	215	93
75	215	70
76	215	88
77	215	52
78	215	78
80	215	137
82	215	94
83	215	98
84	215	41
85	215	48
86	215	54
89	215	56
90	215	80
94	215	105
95	215	21
97	215	56
98	215	43
101	215	55
102	215	77
103	215	41
106	215	20
107	215	62
108	215	42
109	215	26
110	215	54
112	215	36
113	215	50
114	215	64
116	215	39
117	215	68
118	215	143
122	215	71
125	215	81
127	215	176
130	215	133
133	215	51
134	215	86
135	215	152
138	215	80
140	215	64
141	215	58
146	215	33
147	215	30
153	215	147
154	215	71
156	215	97
158	215	69
159	215	28
160	215	73
164	215	96
165	215	40
172	215	72
175	215	81
176	215	35
177	215	46
178	215	85
180	215	123
181	215	29
182	215	132
184	215	71
186	215	43
187	215	62
190	215	35
191	215	101
192	215	59
194	215	17
195	215	33
196	215	192
197	215	87
198	215	132
200	215	24
201	215	78
202	215	26
204	215	132
205	215	29
206	215	23
207	215	68
209	215	72
210	215	90
212	215	43
214	215	120
221	215	51
238	215	68
14	214	31
15	214	31
16	214	94
17	214	87
18	214	55
21	214	143
25	214	96
26	214	34
28	214	92
29	214	34
30	214	87
31	214	37
32	214	208
33	214	54
36	214	70
37	214	49
38	214	121
40	214	130
41	214	92
43	214	23
44	214	97
47	214	114
48	214	61
51	214	37
53	214	49
55	214	98
56	214	10
57	214	91
59	214	27
60	214	63
62	214	49
64	214	28
66	214	49
69	214	117
74	214	110
75	214	52
76	214	78
77	214	129
79	214	26
80	214	46
82	214	59
83	214	66
86	214	28
87	214	63
88	214	38
89	214	13
92	214	80
93	214	27
94	214	62
95	214	65
96	214	26
97	214	95
99	214	35
102	214	31
104	214	101
106	214	74
107	214	73
109	214	91
110	214	93
116	214	123
118	214	112
119	214	57
120	214	112
122	214	42
123	214	40
124	214	114
125	214	63
126	214	68
127	214	40
128	214	75
129	214	140
131	214	44
132	214	109
133	214	128
134	214	151
135	214	38
136	214	86
137	214	67
138	214	208
140	214	93
143	214	50
144	214	92
146	214	15
148	214	26
149	214	14
150	214	9
152	214	17
154	214	82
155	214	104
156	214	201
159	214	54
161	214	63
162	214	84
168	214	78
169	214	59
172	214	67
173	214	15
174	214	15
177	214	69
180	214	25
181	214	34
184	214	37
186	214	54
189	214	45
190	214	68
191	214	45
193	214	73
194	214	52
195	214	44
198	214	140
200	214	37
203	214	84
204	214	28
205	214	38
206	214	95
208	214	52
209	214	32
210	214	56
211	214	53
212	214	43
225	214	62
20	213	178
22	213	75
27	213	57
29	213	69
31	213	54
32	213	122
33	213	141
34	213	48
36	213	52
39	213	57
40	213	117
41	213	33
46	213	35
47	213	115
48	213	109
49	213	61
53	213	94
54	213	19
55	213	63
58	213	77
59	213	67
60	213	57
67	213	38
69	213	105
71	213	73
74	213	35
79	213	45
81	213	90
82	213	73
83	213	60
84	213	86
85	213	33
86	213	156
87	213	71
89	213	65
90	213	84
91	213	61
92	213	66
94	213	225
95	213	14
96	213	9
101	213	60
104	213	155
106	213	49
107	213	88
108	213	21
112	213	52
113	213	59
114	213	102
115	213	39
116	213	53
118	213	53
119	213	106
121	213	110
124	213	144
126	213	67
127	213	63
128	213	87
129	213	163
130	213	12
132	213	115
134	213	25
135	213	72
137	213	78
141	213	16
144	213	65
146	213	74
147	213	69
150	213	126
151	213	39
152	213	63
157	213	87
158	213	90
161	213	27
163	213	68
167	213	55
168	213	34
171	213	122
172	213	73
176	213	106
182	213	176
183	213	77
184	213	89
185	213	97
186	213	93
187	213	57
189	213	85
194	213	125
196	213	76
199	213	61
200	213	84
202	213	20
204	213	119
205	213	59
206	213	27
208	213	127
209	213	21
210	213	71
211	213	76
214	213	69
217	213	38
223	213	133
231	213	37
232	213	43
234	213	35
12	212	44
16	212	42
17	212	59
20	212	51
24	212	99
25	212	64
28	212	59
31	212	127
32	212	51
39	212	73
41	212	80
42	212	39
48	212	26
49	212	79
57	212	19
61	212	59
62	212	29
66	212	9
73	212	59
74	212	68
75	212	89
76	212	30
78	212	50
79	212	120
80	212	64
81	212	44
82	212	90
83	212	36
91	212	125
94	212	126
97	212	74
98	212	125
99	212	202
103	212	26
106	212	47
108	212	57
112	212	48
113	212	51
114	212	51
116	212	25
118	212	23
120	212	146
121	212	68
122	212	124
124	212	137
125	212	69
126	212	193
127	212	75
128	212	101
130	212	24
131	212	151
132	212	23
134	212	114
136	212	52
139	212	93
143	212	40
145	212	124
147	212	56
148	212	34
149	212	85
151	212	60
152	212	177
155	212	27
156	212	71
159	212	37
160	212	54
162	212	59
166	212	124
174	212	84
175	212	54
179	212	107
180	212	29
181	212	23
186	212	68
189	212	63
190	212	56
191	212	80
192	212	91
193	212	48
196	212	55
197	212	98
198	212	45
199	212	160
200	212	75
203	212	68
204	212	41
205	212	42
207	212	57
210	212	60
212	212	37
217	212	89
218	212	105
220	212	44
222	212	53
223	212	65
230	212	91
231	212	92
12	211	38
13	211	31
17	211	86
18	211	57
19	211	31
25	211	69
26	211	77
32	211	24
34	211	63
37	211	74
38	211	20
41	211	25
45	211	51
46	211	87
47	211	41
48	211	79
50	211	35
51	211	12
52	211	76
55	211	34
56	211	51
57	211	36
58	211	99
60	211	60
62	211	44
66	211	83
69	211	52
70	211	109
71	211	85
72	211	137
73	211	70
74	211	79
75	211	71
76	211	107
77	211	49
78	211	33
79	211	53
80	211	103
82	211	52
84	211	59
85	211	67
87	211	55
88	211	57
91	211	33
93	211	6
96	211	62
97	211	35
99	211	125
103	211	108
106	211	32
110	211	99
113	211	78
114	211	43
116	211	89
117	211	13
119	211	111
120	211	163
121	211	137
122	211	81
123	211	21
124	211	94
125	211	133
126	211	115
127	211	112
128	211	190
129	211	108
131	211	60
132	211	60
133	211	125
134	211	75
135	211	56
138	211	130
140	211	45
143	211	88
144	211	15
145	211	132
146	211	23
150	211	132
151	211	78
152	211	170
153	211	212
154	211	103
155	211	20
158	211	67
162	211	37
164	211	59
170	211	130
171	211	41
173	211	62
176	211	17
179	211	44
180	211	64
183	211	49
184	211	13
187	211	74
188	211	10
190	211	12
195	211	95
199	211	17
200	211	131
201	211	282
202	211	98
203	211	116
204	211	37
208	211	77
215	211	21
218	211	20
223	211	68
233	211	73
13	210	98
21	210	37
22	210	42
25	210	19
27	210	41
29	210	79
30	210	44
31	210	94
32	210	54
37	210	29
39	210	22
45	210	43
46	210	42
48	210	54
50	210	55
55	210	103
57	210	59
62	210	66
63	210	100
64	210	66
65	210	59
67	210	44
69	210	14
70	210	128
71	210	57
72	210	128
74	210	106
76	210	135
77	210	96
78	210	108
79	210	54
80	210	33
84	210	31
86	210	46
87	210	65
89	210	43
90	210	99
92	210	48
93	210	54
98	210	111
99	210	64
100	210	51
101	210	42
102	210	40
107	210	42
109	210	98
110	210	69
111	210	54
114	210	52
115	210	116
116	210	43
119	210	135
120	210	98
121	210	134
122	210	105
123	210	194
124	210	78
125	210	246
126	210	203
127	210	174
128	210	319
129	210	103
130	210	100
132	210	73
134	210	114
137	210	46
138	210	47
140	210	26
141	210	59
144	210	75
145	210	50
147	210	109
148	210	50
149	210	36
152	210	90
157	210	27
162	210	61
166	210	12
167	210	31
170	210	41
171	210	61
172	210	142
180	210	12
182	210	39
183	210	84
185	210	77
188	210	46
190	210	208
191	210	78
193	210	51
195	210	31
198	210	38
200	210	25
201	210	157
203	210	45
205	210	133
207	210	119
208	210	27
209	210	71
210	210	96
212	210	30
215	210	78
216	210	75
218	210	44
222	210	116
225	210	43
226	210	35
234	210	24
235	210	30
239	210	46
242	210	49
8	209	38
10	209	21
14	209	55
17	209	103
20	209	42
21	209	41
22	209	56
24	209	62
26	209	38
28	209	49
33	209	77
36	209	77
38	209	32
39	209	41
43	209	133
45	209	93
48	209	176
49	209	225
50	209	96
51	209	42
53	209	73
56	209	37
57	209	57
59	209	49
60	209	32
62	209	50
64	209	115
65	209	29
66	209	25
69	209	142
71	209	132
77	209	40
79	209	85
81	209	45
83	209	80
86	209	51
88	209	179
91	209	69
98	209	156
106	209	38
107	209	45
109	209	79
117	209	82
118	209	132
119	209	60
120	209	79
122	209	82
123	209	98
124	209	270
125	209	154
126	209	142
127	209	184
128	209	107
129	209	118
130	209	82
132	209	34
135	209	24
136	209	90
137	209	59
138	209	99
139	209	59
140	209	70
141	209	57
143	209	59
144	209	47
148	209	57
153	209	84
156	209	82
162	209	91
165	209	75
166	209	38
170	209	43
171	209	61
174	209	54
175	209	71
176	209	52
178	209	57
180	209	87
181	209	45
185	209	163
186	209	84
188	209	67
189	209	18
192	209	61
193	209	55
194	209	28
198	209	115
199	209	124
204	209	162
205	209	32
211	209	39
217	209	85
218	209	69
220	209	58
222	209	96
225	209	67
229	209	34
231	209	26
235	209	52
14	208	120
15	208	49
16	208	75
17	208	16
21	208	47
25	208	8
26	208	60
27	208	52
29	208	85
30	208	120
34	208	88
35	208	50
42	208	85
45	208	43
47	208	78
52	208	76
55	208	19
57	208	71
59	208	98
61	208	73
63	208	82
64	208	64
65	208	75
66	208	29
67	208	134
70	208	78
74	208	56
75	208	32
76	208	44
77	208	70
79	208	32
80	208	30
82	208	53
84	208	36
85	208	36
86	208	46
88	208	113
89	208	120
92	208	77
95	208	52
97	208	15
98	208	37
106	208	30
109	208	32
113	208	45
115	208	57
116	208	35
117	208	47
118	208	54
119	208	83
120	208	175
121	208	57
122	208	94
123	208	114
124	208	207
125	208	49
126	208	68
127	208	125
128	208	127
129	208	73
130	208	82
132	208	60
133	208	114
134	208	37
136	208	57
137	208	59
138	208	33
140	208	55
141	208	70
142	208	83
147	208	40
148	208	65
149	208	111
150	208	77
151	208	92
154	208	39
156	208	29
158	208	37
160	208	18
161	208	78
162	208	32
163	208	90
164	208	127
167	208	73
170	208	60
171	208	43
172	208	56
173	208	38
174	208	34
182	208	23
184	208	31
188	208	137
189	208	64
192	208	49
193	208	43
195	208	40
196	208	92
198	208	89
200	208	48
201	208	60
205	208	23
216	208	50
218	208	41
221	208	57
222	208	25
223	208	86
229	208	20
240	208	54
9	207	30
10	207	56
11	207	68
12	207	95
13	207	68
17	207	54
21	207	78
23	207	52
25	207	12
28	207	20
29	207	50
30	207	48
32	207	36
33	207	64
35	207	29
36	207	65
37	207	37
40	207	59
44	207	45
46	207	68
51	207	72
55	207	73
56	207	60
59	207	70
60	207	42
62	207	48
69	207	20
70	207	123
73	207	15
74	207	125
75	207	42
76	207	48
77	207	30
78	207	77
80	207	81
85	207	66
86	207	13
87	207	90
89	207	44
90	207	45
95	207	59
96	207	61
98	207	48
104	207	40
106	207	138
107	207	63
110	207	42
111	207	26
112	207	46
114	207	98
115	207	163
116	207	73
117	207	75
118	207	49
119	207	169
120	207	94
121	207	82
122	207	68
123	207	163
124	207	227
125	207	224
126	207	192
127	207	182
128	207	283
129	207	98
130	207	54
131	207	92
132	207	24
133	207	77
134	207	52
135	207	31
136	207	29
139	207	69
140	207	246
141	207	19
146	207	108
148	207	83
149	207	48
150	207	54
152	207	28
153	207	44
154	207	82
156	207	128
159	207	23
161	207	54
163	207	89
164	207	66
168	207	84
170	207	74
172	207	43
173	207	70
179	207	41
184	207	55
186	207	134
188	207	112
190	207	78
192	207	49
193	207	101
196	207	56
200	207	20
201	207	89
203	207	79
204	207	56
205	207	120
206	207	45
209	207	36
211	207	36
212	207	54
214	207	79
220	207	41
221	207	55
227	207	80
232	207	52
240	207	62
11	206	74
13	206	30
19	206	51
29	206	53
30	206	60
32	206	19
33	206	109
35	206	24
36	206	57
37	206	66
38	206	111
41	206	78
43	206	51
47	206	61
49	206	54
52	206	49
53	206	90
54	206	67
56	206	40
58	206	77
61	206	57
62	206	119
66	206	45
67	206	40
70	206	87
72	206	51
73	206	45
78	206	81
80	206	53
83	206	46
85	206	26
86	206	41
87	206	42
92	206	82
95	206	17
97	206	82
98	206	65
99	206	46
100	206	118
101	206	81
104	206	45
106	206	27
108	206	98
111	206	39
112	206	124
115	206	243
117	206	54
119	206	20
120	206	90
121	206	48
122	206	103
123	206	76
124	206	224
125	206	161
126	206	224
127	206	142
128	206	224
129	206	126
130	206	175
131	206	119
132	206	88
133	206	120
134	206	57
137	206	29
138	206	103
139	206	33
140	206	61
141	206	125
142	206	94
144	206	128
145	206	51
149	206	107
151	206	97
152	206	32
159	206	62
163	206	51
164	206	36
166	206	67
167	206	52
168	206	26
172	206	37
173	206	57
175	206	27
180	206	175
182	206	160
185	206	85
186	206	74
187	206	42
188	206	217
189	206	77
190	206	37
191	206	134
192	206	81
193	206	122
195	206	28
196	206	119
197	206	56
198	206	47
199	206	124
203	206	93
204	206	100
208	206	69
209	206	53
210	206	62
215	206	41
223	206	25
224	206	73
231	206	20
237	206	72
241	206	18
20	205	98
28	205	79
29	205	48
31	205	64
33	205	200
34	205	173
35	205	96
38	205	37
41	205	44
43	205	40
44	205	84
46	205	43
57	205	7
58	205	124
59	205	94
60	205	34
61	205	71
84	205	35
86	205	44
87	205	47
88	205	54
89	205	100
92	205	103
94	205	49
98	205	51
103	205	37
105	205	69
110	205	36
114	205	33
116	205	16
117	205	29
118	205	135
119	205	128
120	205	51
121	205	102
122	205	200
123	205	101
124	205	49
125	205	95
126	205	170
127	205	68
128	205	151
129	205	99
130	205	114
131	205	67
132	205	122
133	205	124
134	205	176
135	205	77
136	205	120
137	205	96
138	205	44
142	205	124
146	205	78
149	205	57
151	205	50
153	205	41
155	205	49
156	205	14
158	205	92
159	205	150
161	205	197
164	205	74
165	205	33
166	205	141
167	205	80
169	205	51
170	205	60
174	205	93
177	205	61
181	205	68
184	205	95
187	205	54
188	205	45
189	205	64
190	205	147
191	205	65
192	205	110
193	205	132
197	205	37
198	205	115
199	205	73
200	205	41
201	205	35
206	205	25
209	205	15
211	205	47
217	205	118
218	205	95
219	205	57
223	205	68
9	204	87
14	204	67
15	204	70
17	204	60
20	204	115
21	204	106
24	204	52
28	204	20
30	204	65
31	204	40
32	204	26
33	204	100
34	204	61
35	204	101
39	204	30
40	204	42
43	204	104
45	204	62
46	204	135
47	204	31
48	204	33
49	204	13
50	204	25
51	204	13
56	204	15
60	204	9
65	204	46
70	204	32
71	204	46
73	204	49
75	204	112
80	204	71
81	204	36
82	204	98
83	204	36
89	204	86
92	204	45
94	204	144
95	204	57
96	204	114
97	204	37
98	204	66
107	204	27
110	204	82
111	204	26
113	204	79
114	204	134
116	204	52
117	204	120
122	204	67
123	204	65
124	204	177
125	204	78
126	204	119
127	204	75
128	204	148
129	204	149
130	204	69
131	204	159
132	204	106
133	204	135
134	204	222
135	204	47
136	204	43
139	204	35
144	204	55
145	204	44
149	204	44
152	204	67
154	204	73
155	204	61
156	204	157
161	204	98
162	204	73
168	204	40
174	204	36
175	204	26
177	204	94
178	204	112
179	204	24
180	204	53
181	204	155
183	204	37
185	204	113
189	204	86
190	204	101
191	204	25
196	204	54
197	204	75
200	204	71
209	204	93
213	204	30
214	204	48
216	204	88
218	204	63
219	204	64
220	204	56
223	204	58
231	204	106
241	204	30
11	203	33
15	203	82
19	203	84
20	203	23
22	203	82
24	203	30
26	203	75
29	203	84
31	203	39
32	203	58
45	203	56
48	203	58
49	203	115
51	203	55
55	203	40
59	203	52
66	203	106
67	203	75
69	203	25
74	203	23
78	203	24
82	203	59
83	203	13
91	203	22
96	203	41
98	203	12
100	203	59
101	203	73
102	203	112
104	203	29
105	203	73
110	203	38
112	203	95
113	203	37
114	203	50
117	203	66
118	203	56
119	203	114
120	203	173
122	203	204
123	203	131
124	203	54
126	203	14
127	203	23
128	203	167
129	203	36
130	203	70
131	203	38
132	203	62
134	203	60
136	203	121
139	203	52
141	203	62
142	203	41
143	203	54
144	203	60
145	203	68
148	203	45
150	203	102
151	203	22
156	203	160
157	203	53
158	203	41
159	203	41
160	203	32
161	203	75
162	203	169
163	203	34
165	203	62
166	203	105
167	203	66
171	203	144
173	203	55
174	203	64
175	203	68
176	203	66
178	203	125
179	203	66
180	203	97
181	203	75
184	203	59
185	203	71
187	203	28
188	203	77
190	203	65
193	203	62
194	203	181
198	203	74
199	203	36
200	203	55
202	203	49
205	203	86
210	203	80
212	203	60
213	203	116
215	203	26
216	203	99
229	203	64
233	203	62
234	203	23
235	203	80
241	203	50
16	202	79
19	202	34
20	202	70
21	202	90
22	202	73
23	202	69
25	202	63
27	202	76
31	202	88
32	202	80
37	202	72
43	202	77
46	202	43
54	202	34
56	202	22
57	202	54
58	202	11
61	202	47
62	202	81
66	202	97
67	202	34
69	202	81
71	202	65
72	202	115
75	202	41
77	202	78
80	202	59
82	202	37
85	202	29
86	202	20
88	202	117
90	202	67
91	202	23
92	202	79
96	202	16
102	202	100
105	202	27
106	202	16
109	202	126
110	202	66
111	202	98
112	202	45
115	202	44
118	202	56
120	202	69
122	202	46
123	202	94
128	202	150
131	202	162
132	202	48
135	202	176
136	202	28
139	202	17
141	202	34
143	202	23
144	202	31
145	202	76
148	202	59
152	202	86
153	202	244
154	202	139
155	202	32
159	202	168
160	202	42
165	202	52
166	202	59
175	202	75
180	202	132
184	202	104
186	202	93
187	202	54
189	202	100
191	202	101
192	202	44
193	202	103
194	202	216
195	202	52
196	202	117
200	202	60
201	202	56
203	202	48
207	202	23
208	202	98
213	202	80
215	202	50
217	202	41
218	202	52
219	202	47
225	202	55
227	202	35
231	202	101
232	202	44
238	202	57
240	202	44
15	201	82
16	201	44
17	201	60
18	201	50
20	201	42
23	201	61
25	201	70
26	201	63
27	201	40
30	201	37
35	201	189
37	201	49
40	201	71
45	201	36
46	201	71
50	201	34
51	201	73
62	201	4
64	201	36
67	201	93
68	201	29
71	201	77
72	201	30
79	201	70
81	201	53
83	201	19
84	201	20
85	201	62
97	201	146
100	201	56
101	201	31
102	201	37
103	201	82
107	201	45
110	201	26
113	201	89
114	201	172
115	201	50
116	201	129
118	201	91
120	201	110
121	201	90
122	201	35
123	201	31
124	201	92
126	201	64
127	201	25
128	201	129
129	201	60
130	201	46
131	201	66
134	201	54
135	201	49
136	201	156
138	201	54
139	201	73
141	201	72
143	201	80
144	201	142
146	201	151
147	201	26
153	201	90
155	201	45
156	201	74
157	201	48
158	201	85
161	201	66
162	201	36
163	201	43
164	201	59
165	201	29
166	201	88
169	201	125
173	201	18
174	201	77
180	201	52
184	201	82
185	201	23
187	201	34
188	201	42
190	201	59
191	201	77
193	201	19
194	201	11
197	201	59
198	201	39
199	201	75
201	201	44
202	201	44
208	201	39
210	201	38
211	201	22
215	201	88
217	201	52
220	201	64
221	201	28
231	201	58
236	201	63
244	201	68
246	201	57
17	200	22
21	200	39
24	200	51
27	200	50
30	200	19
31	200	139
34	200	54
35	200	108
36	200	80
37	200	22
38	200	161
39	200	46
40	200	37
42	200	13
48	200	16
49	200	70
50	200	48
54	200	97
56	200	12
57	200	25
58	200	37
62	200	18
63	200	31
68	200	42
69	200	57
78	200	13
79	200	73
85	200	26
87	200	106
88	200	62
92	200	91
94	200	73
98	200	40
102	200	101
103	200	70
104	200	96
105	200	131
108	200	121
109	200	98
112	200	35
115	200	52
117	200	108
118	200	68
119	200	70
120	200	53
124	200	98
127	200	75
130	200	86
131	200	79
133	200	65
134	200	174
136	200	82
137	200	70
138	200	52
140	200	76
141	200	58
145	200	105
146	200	46
148	200	62
150	200	61
151	200	43
153	200	115
154	200	173
160	200	96
161	200	51
163	200	84
164	200	35
166	200	41
167	200	28
171	200	207
173	200	62
181	200	34
184	200	103
186	200	13
187	200	105
189	200	72
190	200	52
191	200	97
196	200	71
199	200	62
202	200	73
207	200	46
211	200	96
214	200	157
215	200	38
222	200	40
224	200	117
225	200	78
226	200	50
228	200	93
234	200	85
237	200	59
9	199	67
13	199	87
14	199	61
16	199	48
19	199	48
21	199	53
24	199	60
25	199	59
26	199	87
28	199	43
31	199	130
36	199	32
39	199	26
41	199	63
42	199	157
44	199	47
49	199	86
50	199	58
51	199	46
53	199	60
54	199	103
56	199	178
59	199	70
60	199	104
61	199	58
66	199	41
67	199	72
70	199	15
74	199	38
81	199	47
85	199	165
87	199	111
88	199	47
89	199	15
90	199	120
91	199	30
92	199	39
93	199	15
97	199	36
100	199	186
103	199	126
104	199	122
106	199	143
107	199	83
108	199	52
109	199	90
110	199	26
113	199	63
114	199	49
115	199	82
116	199	17
118	199	35
121	199	47
123	199	101
125	199	59
126	199	46
132	199	63
133	199	26
136	199	51
137	199	33
140	199	59
145	199	59
146	199	57
148	199	81
149	199	128
150	199	54
154	199	29
155	199	52
156	199	97
157	199	224
158	199	73
160	199	79
162	199	74
163	199	14
164	199	56
166	199	32
168	199	84
169	199	140
173	199	27
174	199	56
176	199	43
179	199	75
181	199	103
185	199	42
190	199	109
191	199	65
192	199	43
193	199	123
194	199	97
195	199	144
196	199	75
197	199	69
200	199	56
201	199	101
202	199	22
203	199	64
205	199	22
207	199	71
208	199	146
212	199	30
213	199	45
214	199	33
220	199	46
221	199	49
230	199	110
237	199	62
14	198	36
18	198	76
20	198	58
24	198	48
26	198	69
27	198	178
30	198	57
31	198	43
32	198	104
33	198	21
35	198	55
36	198	52
37	198	82
39	198	89
40	198	97
44	198	73
45	198	83
51	198	82
53	198	20
57	198	63
58	198	57
60	198	60
61	198	48
69	198	21
73	198	87
75	198	51
78	198	45
89	198	165
90	198	90
93	198	45
99	198	38
108	198	74
110	198	23
111	198	57
112	198	24
113	198	103
116	198	192
117	198	97
118	198	75
120	198	94
122	198	75
125	198	62
127	198	173
128	198	112
129	198	87
130	198	46
132	198	42
134	198	122
135	198	56
136	198	51
137	198	47
138	198	81
139	198	74
140	198	37
145	198	177
147	198	51
152	198	16
154	198	60
155	198	28
158	198	105
159	198	87
160	198	101
161	198	41
162	198	99
172	198	30
174	198	45
181	198	62
182	198	43
183	198	79
189	198	47
192	198	43
195	198	57
196	198	150
201	198	23
202	198	49
203	198	69
204	198	121
206	198	64
210	198	101
212	198	103
213	198	21
215	198	49
216	198	55
219	198	26
221	198	78
222	198	15
223	198	82
224	198	42
232	198	74
233	198	78
237	198	83
244	198	40
8	197	68
10	197	33
12	197	48
13	197	73
17	197	53
20	197	52
21	197	19
22	197	103
24	197	117
25	197	95
26	197	151
27	197	235
28	197	180
29	197	38
30	197	114
31	197	55
32	197	176
33	197	161
34	197	78
36	197	61
37	197	58
38	197	69
39	197	21
41	197	18
42	197	49
44	197	54
45	197	42
47	197	36
50	197	14
53	197	53
55	197	49
59	197	61
60	197	44
62	197	84
63	197	49
65	197	51
66	197	44
71	197	59
75	197	108
79	197	83
90	197	28
91	197	64
92	197	118
94	197	65
98	197	19
99	197	32
100	197	15
105	197	26
106	197	26
107	197	73
109	197	54
110	197	174
111	197	153
112	197	100
113	197	53
114	197	147
117	197	46
118	197	184
119	197	50
120	197	47
121	197	38
122	197	41
123	197	39
125	197	72
127	197	60
129	197	23
130	197	109
134	197	100
138	197	47
141	197	129
144	197	151
145	197	28
146	197	48
147	197	42
148	197	60
151	197	60
152	197	57
153	197	57
155	197	38
156	197	128
157	197	100
158	197	30
159	197	88
160	197	51
161	197	22
163	197	73
164	197	93
165	197	29
167	197	33
172	197	41
174	197	44
175	197	72
178	197	38
182	197	94
183	197	173
185	197	25
186	197	45
187	197	35
189	197	54
192	197	79
193	197	123
194	197	49
199	197	33
200	197	27
203	197	105
206	197	85
207	197	46
208	197	79
211	197	45
212	197	55
214	197	31
217	197	112
219	197	125
222	197	23
# chipNumber: 4
# chipName:   G 10 W69
# numHits:    233
137	237	3
194	223	74
178	215	56
170	213	47
177	213	70
188	211	32
182	210	9
188	210	16
181	209	42
189	209	62
177	208	64
180	208	76
188	208	25
178	207	18
179	207	37
182	206	78
183	206	52
188	206	55
190	206	44
171	205	18
187	204	69
180	203	14
189	203	40
178	202	74
205	202	46
172	201	69
173	201	79
175	201	75
183	201	80
184	201	67
185	201	37
191	201	38
179	200	103
183	200	59
188	200	74
181	198	18
182	198	54
188	198	60
182	197	66
185	197	45
190	197	48
167	196	59
181	195	32
186	195	85
200	195	74
201	195	64
177	194	62
178	194	72
179	194	32
180	194	76
188	194	21
193	194	36
173	193	59
183	193	40
202	193	55
185	192	21
191	192	61
199	192	74
158	191	26
172	191	44
177	191	25
176	190	25
187	190	85
194	190	39
176	189	45
177	189	64
189	189	69
168	188	48
172	188	65
176	188	84
181	188	22
182	188	97
188	188	34
172	187	30
177	187	37
181	187	75
182	187	59
183	187	23
184	187	65
187	187	56
169	186	86
170	186	64
172	186	62
183	186	36
189	186	14
193	186	72
195	186	85
196	186	60
201	186	59
154	185	68
170	185	90
180	185	71
196	185	26
167	184	68
197	184	59
186	183	31
200	183	37
186	182	45
188	182	63
189	182	67
184	181	53
188	181	81
189	181	32
176	180	15
184	180	60
187	180	30
190	180	91
174	179	65
175	179	54
176	179	25
168	178	76
169	178	92
193	178	79
163	176	67
173	176	15
187	176	75
193	176	41
198	175	25
167	173	49
177	173	48
184	173	54
184	172	45
185	172	69
195	172	51
20	171	55
174	171	45
184	171	96
185	171	90
20	170	89
173	169	46
179	169	15
14	168	67
184	166	128
15	142	48
21	142	47
22	140	33
20	134	70
22	134	40
14	133	41
28	131	39
13	129	72
11	127	47
10	125	87
8	121	21
23	120	60
12	118	55
15	118	49
13	116	76
13	107	91
13	106	59
13	105	13
14	104	32
16	103	60
105	63	68
99	62	53
99	61	54
101	61	58
120	59	24
103	58	42
110	56	77
101	55	44
108	55	57
109	55	59
112	55	29
100	54	76
108	54	66
99	53	51
101	52	79
110	52	42
111	46	93
84	45	74
100	42	67
103	42	68
120	42	49
105	41	70
113	40	36
136	39	38
112	38	64
80	37	93
103	37	49
94	36	59
113	36	56
80	35	54
114	35	77
100	34	73
109	34	34
121	34	70
98	33	41
118	33	105
121	33	45
108	32	14
107	31	52
123	31	32
104	30	38
105	30	30
106	30	86
107	30	41
106	29	37
107	29	94
108	29	39
101	28	97
103	28	43
118	28	68
120	28	63
91	27	68
105	26	61
107	26	38
111	26	37
128	26	63
95	25	73
104	25	69
111	25	59
112	25	64
96	24	58
106	23	68
112	23	15
106	22	17
106	21	98
96	20	65
109	20	55
100	18	19
106	18	24
135	18	77
109	17	69
106	16	27
109	16	73
97	13	25
98	13	64
115	12	80
93	11	32
77	10	13
78	10	74
79	9	13
# chipNumber: 5
# chipName:   D 9 W69
# numHits:    46
67	81	16
71	77	25
68	76	19
23	68	8
28	68	52
49	66	51
71	66	30
51	62	4
22	61	14
49	60	36
36	59	50
78	58	44
52	57	40
53	52	94
74	52	40
66	48	20
62	46	31
13	45	40
36	45	37
24	43	46
44	43	35
43	39	26
96	39	37
141	37	24
19	36	5
109	34	25
142	33	22
140	30	16
87	28	19
117	27	10
150	27	18
130	25	25
132	25	38
157	21	31
133	19	40
156	19	53
166	19	27
125	17	44
149	16	53
158	16	22
113	12	23
159	12	43
163	12	50
136	8	49
152	7	34
145	6	35
# chipNumber: 6
# chipName:   L 8 W69
# numHits:    3
166	233	11810
14	222	54
234	203	11810
