## [General]
## runNumber:        241
## runTime:       	 7200
## runTimeFrames: 	 0
## pathName:         data/runs/Run_241_181022-16-16
## dateTime:         2018-10-22.17:18:22
## numChips:         7
## shutterTime:      30
## shutterMode:      verylong
## runMode:          0
## fastClock:        0
## externalTrigger:  0
## [Event]
## eventNumber:      4902
## useHvFadc:    	 1
## fadcReadout:    	 1
## szint1ClockInt:	 0
## szint2ClockInt:	 0
## fadcTriggerClock: 0
# chipNumber: 0
# chipName:   E 6 W69
# numHits:    0
# chipNumber: 1
# chipName:   K 6 W69
# numHits:    0
# chipNumber: 2
# chipName:   H 9 W69
# numHits:    27
241	196	47
229	136	70
230	136	78
229	135	21
241	135	44
240	130	63
242	129	28
242	128	64
247	128	24
247	127	79
235	123	46
222	122	37
241	121	58
236	120	80
248	118	63
233	112	62
233	106	85
228	103	33
245	101	51
230	99	65
238	98	38
239	98	31
240	98	153
238	97	29
225	74	82
228	55	32
235	55	42
# chipNumber: 3
# chipName:   H 10 W69
# numHits:    17660
62	214	54
64	214	59
65	214	41
66	214	74
79	214	50
80	214	48
81	214	102
83	214	122
84	214	43
85	214	144
86	214	93
87	214	19
90	214	109
95	214	13
99	214	18
102	214	94
103	214	57
104	214	69
105	214	132
106	214	44
107	214	57
109	214	92
114	214	8
119	214	36
120	214	22
122	214	24
124	214	79
127	214	36
128	214	85
130	214	23
131	214	35
132	214	52
137	214	71
139	214	79
141	214	103
147	214	97
154	214	28
158	214	62
159	214	38
160	214	41
166	214	49
179	214	42
181	214	100
185	214	54
215	214	77
218	214	25
25	213	42
31	213	103
33	213	35
43	213	41
44	213	19
50	213	123
53	213	39
62	213	24
63	213	11
64	213	109
66	213	25
68	213	45
69	213	82
72	213	98
73	213	37
78	213	21
79	213	48
81	213	107
82	213	46
83	213	36
84	213	107
86	213	25
89	213	42
90	213	90
91	213	79
93	213	183
95	213	40
96	213	90
98	213	18
100	213	49
102	213	58
104	213	158
105	213	39
108	213	57
114	213	62
115	213	46
119	213	16
120	213	49
122	213	23
125	213	61
126	213	83
127	213	151
130	213	60
140	213	37
144	213	164
151	213	48
153	213	74
154	213	48
155	213	49
159	213	16
160	213	103
161	213	26
162	213	5
168	213	18
169	213	103
171	213	61
176	213	71
180	213	86
183	213	35
189	213	73
199	213	123
219	213	21
220	213	62
16	212	60
28	212	64
31	212	9
35	212	57
42	212	62
43	212	32
45	212	142
52	212	27
55	212	137
62	212	62
65	212	49
68	212	41
71	212	58
72	212	32
73	212	28
76	212	32
80	212	47
82	212	50
84	212	54
86	212	60
87	212	59
88	212	83
89	212	10
90	212	58
91	212	107
92	212	98
93	212	83
94	212	134
95	212	62
98	212	43
100	212	52
101	212	91
102	212	40
105	212	60
110	212	41
111	212	37
112	212	60
115	212	69
116	212	57
119	212	22
123	212	23
124	212	29
126	212	68
127	212	42
137	212	44
140	212	72
143	212	52
144	212	73
145	212	37
147	212	63
148	212	41
153	212	59
154	212	74
155	212	86
156	212	31
159	212	51
162	212	94
169	212	68
170	212	92
176	212	34
180	212	76
185	212	212
186	212	81
188	212	57
189	212	25
214	212	30
232	212	61
25	211	15
38	211	51
39	211	38
42	211	100
44	211	46
45	211	87
53	211	42
59	211	70
64	211	29
66	211	104
68	211	55
69	211	53
72	211	63
74	211	25
79	211	33
80	211	48
81	211	55
82	211	92
83	211	70
86	211	55
87	211	71
90	211	59
91	211	17
93	211	59
94	211	68
95	211	67
96	211	62
97	211	9
101	211	84
102	211	54
103	211	40
104	211	68
105	211	100
110	211	64
111	211	83
112	211	51
113	211	44
115	211	52
116	211	47
118	211	49
119	211	100
120	211	142
124	211	46
127	211	37
132	211	58
136	211	90
137	211	45
140	211	64
142	211	60
145	211	37
153	211	15
162	211	33
163	211	82
166	211	93
169	211	27
174	211	33
176	211	45
179	211	37
180	211	107
184	211	91
195	211	52
17	210	90
25	210	75
26	210	62
43	210	76
46	210	49
47	210	72
50	210	14
52	210	58
59	210	36
60	210	79
63	210	180
64	210	67
67	210	54
69	210	55
70	210	114
72	210	28
78	210	86
79	210	54
81	210	124
84	210	53
86	210	106
90	210	86
91	210	95
92	210	39
93	210	36
96	210	206
99	210	42
100	210	33
101	210	62
105	210	60
106	210	22
108	210	96
113	210	21
115	210	39
116	210	61
117	210	212
118	210	117
120	210	35
121	210	81
122	210	30
126	210	50
134	210	61
137	210	70
138	210	21
142	210	13
149	210	39
155	210	34
161	210	41
162	210	26
163	210	66
164	210	48
166	210	34
167	210	110
169	210	16
170	210	18
173	210	59
175	210	82
180	210	44
184	210	33
186	210	50
19	209	47
23	209	30
28	209	39
35	209	52
37	209	103
48	209	45
50	209	19
57	209	28
60	209	67
63	209	62
66	209	25
68	209	58
69	209	82
70	209	15
77	209	77
81	209	34
84	209	97
85	209	34
89	209	79
90	209	78
91	209	32
94	209	33
96	209	115
97	209	100
99	209	83
100	209	90
101	209	56
104	209	62
105	209	36
106	209	18
107	209	24
108	209	57
112	209	41
114	209	16
116	209	59
117	209	52
118	209	67
121	209	26
129	209	116
130	209	70
133	209	39
136	209	21
137	209	41
138	209	75
143	209	75
144	209	20
146	209	157
147	209	52
151	209	29
153	209	72
157	209	21
162	209	52
170	209	56
179	209	70
192	209	48
197	209	52
205	209	34
224	209	73
32	208	142
42	208	110
44	208	39
49	208	33
50	208	37
60	208	40
67	208	34
68	208	78
75	208	36
76	208	19
77	208	70
78	208	79
80	208	63
81	208	22
83	208	66
86	208	20
88	208	82
91	208	34
92	208	26
93	208	112
94	208	53
97	208	76
98	208	9
99	208	82
100	208	65
102	208	33
104	208	59
105	208	60
108	208	72
109	208	63
110	208	41
111	208	27
112	208	150
114	208	77
115	208	87
118	208	41
119	208	22
120	208	37
121	208	65
123	208	64
124	208	51
125	208	49
133	208	41
134	208	43
135	208	116
138	208	37
142	208	67
145	208	34
147	208	64
149	208	43
153	208	45
162	208	62
163	208	82
171	208	91
174	208	47
175	208	76
178	208	78
184	208	16
185	208	89
190	208	53
191	208	26
196	208	72
197	208	44
203	208	86
210	208	26
212	208	75
11	207	48
16	207	76
20	207	83
22	207	106
24	207	66
26	207	44
31	207	117
32	207	19
36	207	69
39	207	52
71	207	25
75	207	73
78	207	34
81	207	36
83	207	59
85	207	39
91	207	34
92	207	20
93	207	67
95	207	127
96	207	30
97	207	7
100	207	52
101	207	112
102	207	46
107	207	71
109	207	58
110	207	99
113	207	48
116	207	73
117	207	128
120	207	61
121	207	89
122	207	70
124	207	55
125	207	69
126	207	111
134	207	91
135	207	15
139	207	31
144	207	155
145	207	49
149	207	11
152	207	43
153	207	62
157	207	33
158	207	33
159	207	29
164	207	74
165	207	59
168	207	78
174	207	25
175	207	84
177	207	62
181	207	57
187	207	51
196	207	53
203	207	25
207	207	25
208	207	63
210	207	47
212	207	136
218	207	42
227	207	64
236	207	26
13	206	29
14	206	35
15	206	71
17	206	42
20	206	24
24	206	57
25	206	33
27	206	38
37	206	108
39	206	66
47	206	79
57	206	66
59	206	60
60	206	65
64	206	67
66	206	20
72	206	61
76	206	27
78	206	9
79	206	33
81	206	40
85	206	36
90	206	110
91	206	110
93	206	41
94	206	93
95	206	67
96	206	107
99	206	145
103	206	50
106	206	73
110	206	65
112	206	99
114	206	57
115	206	60
117	206	65
120	206	105
123	206	96
127	206	56
130	206	49
133	206	32
134	206	52
140	206	68
141	206	46
146	206	55
155	206	21
157	206	65
158	206	43
164	206	63
165	206	36
166	206	70
168	206	75
170	206	81
174	206	24
175	206	80
180	206	78
186	206	14
189	206	96
196	206	71
199	206	76
214	206	43
226	206	68
240	206	73
23	205	83
24	205	71
34	205	79
36	205	33
42	205	37
45	205	54
46	205	47
54	205	120
62	205	55
64	205	57
73	205	97
76	205	24
81	205	41
82	205	87
85	205	40
86	205	30
87	205	51
89	205	124
91	205	109
93	205	41
94	205	26
97	205	90
98	205	51
101	205	59
102	205	64
104	205	103
106	205	76
107	205	106
110	205	55
112	205	71
114	205	59
116	205	70
122	205	51
123	205	63
126	205	44
128	205	97
129	205	26
131	205	49
138	205	42
141	205	95
143	205	44
147	205	30
151	205	42
160	205	58
168	205	28
174	205	88
176	205	45
178	205	12
185	205	59
197	205	59
199	205	59
200	205	59
207	205	42
12	204	38
13	204	50
14	204	46
16	204	25
17	204	34
19	204	78
20	204	64
24	204	26
25	204	62
29	204	47
30	204	65
32	204	82
33	204	45
34	204	38
36	204	59
38	204	89
44	204	70
60	204	22
62	204	62
66	204	80
70	204	77
72	204	73
76	204	44
78	204	41
85	204	113
88	204	67
89	204	98
90	204	62
94	204	128
98	204	137
99	204	71
100	204	39
104	204	90
112	204	42
114	204	25
115	204	22
120	204	89
124	204	51
125	204	72
126	204	171
128	204	96
131	204	71
136	204	67
143	204	28
146	204	44
147	204	24
148	204	73
151	204	57
166	204	77
171	204	23
173	204	65
176	204	95
184	204	78
200	204	63
225	204	19
247	204	36
12	203	59
13	203	41
14	203	116
15	203	37
17	203	37
19	203	87
20	203	42
22	203	7
23	203	61
27	203	37
29	203	39
30	203	9
31	203	160
33	203	54
37	203	34
43	203	31
44	203	36
72	203	45
76	203	57
78	203	125
79	203	83
81	203	69
84	203	43
89	203	56
93	203	11
94	203	90
96	203	21
99	203	51
100	203	124
101	203	49
102	203	75
103	203	45
104	203	71
105	203	9
109	203	24
110	203	70
111	203	50
113	203	67
115	203	23
117	203	69
118	203	151
119	203	93
120	203	48
122	203	62
123	203	28
124	203	7
125	203	88
126	203	38
129	203	37
134	203	100
138	203	52
140	203	22
141	203	30
142	203	67
146	203	82
147	203	32
150	203	38
153	203	61
157	203	54
158	203	63
162	203	38
163	203	86
168	203	60
182	203	16
183	203	37
184	203	50
193	203	26
194	203	31
197	203	28
198	203	53
207	203	70
208	203	36
222	203	44
240	203	28
241	203	31
12	202	87
13	202	145
14	202	26
17	202	26
19	202	43
26	202	21
28	202	28
30	202	120
36	202	125
38	202	21
43	202	66
46	202	79
47	202	36
51	202	55
59	202	25
62	202	117
68	202	36
73	202	22
80	202	52
84	202	18
87	202	36
88	202	75
89	202	44
93	202	45
97	202	101
99	202	9
101	202	38
102	202	59
106	202	100
107	202	14
110	202	76
117	202	155
118	202	49
119	202	49
120	202	71
121	202	86
123	202	68
125	202	193
126	202	63
128	202	28
131	202	109
132	202	18
133	202	49
136	202	115
146	202	51
152	202	130
153	202	24
156	202	53
157	202	53
160	202	64
162	202	45
164	202	106
184	202	63
190	202	19
192	202	66
196	202	150
197	202	45
232	202	23
238	202	55
240	202	16
247	202	73
11	201	20
14	201	22
15	201	57
19	201	63
21	201	103
24	201	11
27	201	107
28	201	89
38	201	118
39	201	48
49	201	82
53	201	76
61	201	31
62	201	49
64	201	25
73	201	119
75	201	12
77	201	62
80	201	94
81	201	82
84	201	62
85	201	24
86	201	73
87	201	73
88	201	59
91	201	67
92	201	46
93	201	30
95	201	21
102	201	35
107	201	25
109	201	59
110	201	76
115	201	63
121	201	105
125	201	76
126	201	73
128	201	63
130	201	47
134	201	46
146	201	84
147	201	52
148	201	33
149	201	31
151	201	71
152	201	33
156	201	21
159	201	73
164	201	48
165	201	40
167	201	41
177	201	55
196	201	15
204	201	40
15	200	29
20	200	68
21	200	84
22	200	52
23	200	132
24	200	57
25	200	53
26	200	137
28	200	81
29	200	42
33	200	70
34	200	49
38	200	47
40	200	56
44	200	37
46	200	16
50	200	55
55	200	57
56	200	66
59	200	95
61	200	86
63	200	3
64	200	83
69	200	127
70	200	63
73	200	25
76	200	130
77	200	57
78	200	54
81	200	99
82	200	103
85	200	41
89	200	37
90	200	63
98	200	47
99	200	36
101	200	17
105	200	16
108	200	39
109	200	85
112	200	53
114	200	113
115	200	54
117	200	51
119	200	73
122	200	57
128	200	21
129	200	33
138	200	62
139	200	95
140	200	42
144	200	111
147	200	92
156	200	51
164	200	111
167	200	132
187	200	92
198	200	60
8	199	84
14	199	88
18	199	44
19	199	62
21	199	195
23	199	28
24	199	83
25	199	48
26	199	96
27	199	125
29	199	35
33	199	10
38	199	82
41	199	76
44	199	21
49	199	44
50	199	86
60	199	83
62	199	57
63	199	30
66	199	46
69	199	29
74	199	92
75	199	22
76	199	53
79	199	37
81	199	18
82	199	88
84	199	45
85	199	114
88	199	37
92	199	27
93	199	50
94	199	142
99	199	79
100	199	85
102	199	55
104	199	38
110	199	28
116	199	49
122	199	41
123	199	64
125	199	34
126	199	51
128	199	36
132	199	90
134	199	38
135	199	60
136	199	25
137	199	106
138	199	37
140	199	63
147	199	22
172	199	60
176	199	21
186	199	5
198	199	73
205	199	30
222	199	25
234	199	74
13	198	28
14	198	81
16	198	50
17	198	60
18	198	23
19	198	63
21	198	139
22	198	17
24	198	88
26	198	84
27	198	92
29	198	70
33	198	66
39	198	28
40	198	64
47	198	30
49	198	49
50	198	43
54	198	27
55	198	55
58	198	45
59	198	44
60	198	85
65	198	71
69	198	33
71	198	50
73	198	47
74	198	44
76	198	85
77	198	41
81	198	78
82	198	54
83	198	139
85	198	129
88	198	105
92	198	59
93	198	62
96	198	66
97	198	211
98	198	151
100	198	51
102	198	67
103	198	29
104	198	130
105	198	81
107	198	120
112	198	49
114	198	24
119	198	39
120	198	55
121	198	60
123	198	83
126	198	59
127	198	38
129	198	60
132	198	108
134	198	38
136	198	60
137	198	48
142	198	80
149	198	34
157	198	57
159	198	83
162	198	86
167	198	57
177	198	50
180	198	41
181	198	46
193	198	76
194	198	34
198	198	58
199	198	70
210	198	56
217	198	15
223	198	51
227	198	93
230	198	59
231	198	74
14	197	77
16	197	23
18	197	143
19	197	70
20	197	74
22	197	58
24	197	5
25	197	21
27	197	73
28	197	54
29	197	54
30	197	39
32	197	63
33	197	39
34	197	25
44	197	17
48	197	60
49	197	41
53	197	36
56	197	52
65	197	48
74	197	15
75	197	85
76	197	78
78	197	64
79	197	185
80	197	66
81	197	16
82	197	28
83	197	37
85	197	93
87	197	71
90	197	75
94	197	50
96	197	68
97	197	55
100	197	122
101	197	75
108	197	119
109	197	82
110	197	64
112	197	26
113	197	48
117	197	155
119	197	59
123	197	30
124	197	44
127	197	15
130	197	38
135	197	87
137	197	65
142	197	62
144	197	67
151	197	49
158	197	69
160	197	68
180	197	66
184	197	77
190	197	42
203	197	54
210	197	28
215	197	52
219	197	72
229	197	88
232	197	34
11	196	63
12	196	104
17	196	42
19	196	40
20	196	165
21	196	79
23	196	71
24	196	66
25	196	37
26	196	44
27	196	1
28	196	122
29	196	119
30	196	160
31	196	66
32	196	41
33	196	65
36	196	27
43	196	49
50	196	53
53	196	67
55	196	79
58	196	14
59	196	81
66	196	47
72	196	88
74	196	15
76	196	43
77	196	77
80	196	52
82	196	93
83	196	93
86	196	114
87	196	28
88	196	81
90	196	54
92	196	90
93	196	142
94	196	78
98	196	116
104	196	50
105	196	34
106	196	94
107	196	46
110	196	57
112	196	15
113	196	39
114	196	35
117	196	57
118	196	47
119	196	36
120	196	44
121	196	52
122	196	50
125	196	43
126	196	120
132	196	59
134	196	29
138	196	78
140	196	70
142	196	59
146	196	29
148	196	21
157	196	39
164	196	5
169	196	30
170	196	39
176	196	59
177	196	70
180	196	45
181	196	39
203	196	73
220	196	48
223	196	85
230	196	49
233	196	44
238	196	28
240	196	40
10	195	29
12	195	43
13	195	22
14	195	40
17	195	22
20	195	64
21	195	55
23	195	63
24	195	30
27	195	82
28	195	74
29	195	68
30	195	120
31	195	29
32	195	160
33	195	52
34	195	62
49	195	38
56	195	28
58	195	50
59	195	67
61	195	70
64	195	80
65	195	41
69	195	57
70	195	50
73	195	28
74	195	80
81	195	58
82	195	67
85	195	98
86	195	33
87	195	46
88	195	45
91	195	64
93	195	63
96	195	95
97	195	79
98	195	98
99	195	100
100	195	22
102	195	42
107	195	66
108	195	57
110	195	10
114	195	55
116	195	47
121	195	70
122	195	43
123	195	18
124	195	22
125	195	107
127	195	39
137	195	58
139	195	22
140	195	64
143	195	41
160	195	99
162	195	93
170	195	111
178	195	52
188	195	78
191	195	52
205	195	38
217	195	50
238	195	85
11	194	122
12	194	51
13	194	65
15	194	59
16	194	51
17	194	124
18	194	55
23	194	67
24	194	119
25	194	38
26	194	110
27	194	102
28	194	176
29	194	193
31	194	100
32	194	34
34	194	111
35	194	49
37	194	44
38	194	91
39	194	43
50	194	33
58	194	29
60	194	26
62	194	39
67	194	35
69	194	51
70	194	66
72	194	106
73	194	70
74	194	57
76	194	85
77	194	169
78	194	79
82	194	90
85	194	53
89	194	25
91	194	15
92	194	22
94	194	129
97	194	45
98	194	134
99	194	62
100	194	82
102	194	30
104	194	49
105	194	16
106	194	33
107	194	78
108	194	42
109	194	59
110	194	55
112	194	66
116	194	52
122	194	17
123	194	82
131	194	32
135	194	49
138	194	71
143	194	82
148	194	70
149	194	71
150	194	59
151	194	30
152	194	113
158	194	34
161	194	72
163	194	90
165	194	79
166	194	22
180	194	26
186	194	17
188	194	89
193	194	64
200	194	51
208	194	64
209	194	45
210	194	45
213	194	47
232	194	75
239	194	6
242	194	27
11	193	102
15	193	23
16	193	62
22	193	131
24	193	70
25	193	74
26	193	68
27	193	54
28	193	29
30	193	73
33	193	48
36	193	61
37	193	26
39	193	31
41	193	30
42	193	62
59	193	38
67	193	47
68	193	72
70	193	23
73	193	83
77	193	82
79	193	16
80	193	55
83	193	87
86	193	52
93	193	53
94	193	77
95	193	38
96	193	64
98	193	142
100	193	29
101	193	27
103	193	23
104	193	122
107	193	110
108	193	244
111	193	131
112	193	19
116	193	26
123	193	83
128	193	62
129	193	66
132	193	57
138	193	82
139	193	25
141	193	50
145	193	45
147	193	42
151	193	40
154	193	35
166	193	18
170	193	21
187	193	39
198	193	68
208	193	63
213	193	105
214	193	48
217	193	42
220	193	26
239	193	21
242	193	71
11	192	26
15	192	29
18	192	34
22	192	93
23	192	80
24	192	67
25	192	75
28	192	173
29	192	36
32	192	45
39	192	51
45	192	56
48	192	78
49	192	44
55	192	128
64	192	57
67	192	53
70	192	45
73	192	11
74	192	172
76	192	31
81	192	67
86	192	36
90	192	55
91	192	41
92	192	68
93	192	71
94	192	69
96	192	37
99	192	53
101	192	17
103	192	77
105	192	48
110	192	61
111	192	151
114	192	22
115	192	74
117	192	81
119	192	63
123	192	72
124	192	20
125	192	69
130	192	30
131	192	66
132	192	67
138	192	55
139	192	55
152	192	49
161	192	54
171	192	49
179	192	177
184	192	58
186	192	41
189	192	49
207	192	71
213	192	60
214	192	36
215	192	45
239	192	50
11	191	31
12	191	36
14	191	88
15	191	165
17	191	90
18	191	81
21	191	59
22	191	24
23	191	55
24	191	142
25	191	36
26	191	65
27	191	169
28	191	121
29	191	25
31	191	45
34	191	28
36	191	76
40	191	54
42	191	49
47	191	68
68	191	29
71	191	68
72	191	86
75	191	63
82	191	61
83	191	10
86	191	43
87	191	128
90	191	54
91	191	78
93	191	82
95	191	52
99	191	62
100	191	54
101	191	104
102	191	41
103	191	44
107	191	67
109	191	49
110	191	95
111	191	56
112	191	44
115	191	127
117	191	46
118	191	73
121	191	70
124	191	59
125	191	31
126	191	68
127	191	31
128	191	65
137	191	108
145	191	53
146	191	45
148	191	79
153	191	44
155	191	97
158	191	94
159	191	9
164	191	39
165	191	112
170	191	62
186	191	66
188	191	77
195	191	17
204	191	22
212	191	54
220	191	45
227	191	54
233	191	34
234	191	103
237	191	37
238	191	29
245	191	63
14	190	61
15	190	6
16	190	85
19	190	28
20	190	66
21	190	82
23	190	30
25	190	186
26	190	33
27	190	53
28	190	98
29	190	77
31	190	27
32	190	7
33	190	29
35	190	86
45	190	28
47	190	137
67	190	63
68	190	12
70	190	54
73	190	21
75	190	59
80	190	30
83	190	26
87	190	15
88	190	140
89	190	41
90	190	55
92	190	62
94	190	54
95	190	127
96	190	66
97	190	33
98	190	39
102	190	76
103	190	39
104	190	23
105	190	183
107	190	27
109	190	27
111	190	84
113	190	45
114	190	91
115	190	73
116	190	48
117	190	59
119	190	25
123	190	59
124	190	14
125	190	82
129	190	39
130	190	54
142	190	72
150	190	67
156	190	32
158	190	50
160	190	35
174	190	41
176	190	106
181	190	70
182	190	34
221	190	83
223	190	43
237	190	65
12	189	54
15	189	25
16	189	85
17	189	89
20	189	113
21	189	50
23	189	128
24	189	160
25	189	117
26	189	163
27	189	20
28	189	78
29	189	96
30	189	40
35	189	27
36	189	71
65	189	107
67	189	100
68	189	81
69	189	107
70	189	113
72	189	47
73	189	44
77	189	55
78	189	87
82	189	105
83	189	54
84	189	67
85	189	35
86	189	22
89	189	58
90	189	52
91	189	52
92	189	47
95	189	45
96	189	100
98	189	62
99	189	91
101	189	57
107	189	67
110	189	54
111	189	29
112	189	34
115	189	133
116	189	122
117	189	15
119	189	54
127	189	29
138	189	32
142	189	44
145	189	46
147	189	5
148	189	26
149	189	57
152	189	57
162	189	36
175	189	26
180	189	129
181	189	22
193	189	32
211	189	19
238	189	76
14	188	98
15	188	72
16	188	46
18	188	29
20	188	34
22	188	157
25	188	19
26	188	135
27	188	99
29	188	78
30	188	35
31	188	52
34	188	55
35	188	70
49	188	42
64	188	31
69	188	108
80	188	37
82	188	33
83	188	101
86	188	53
88	188	19
90	188	38
91	188	145
92	188	55
93	188	44
94	188	146
95	188	92
100	188	94
103	188	119
104	188	69
105	188	45
106	188	41
107	188	111
108	188	36
115	188	62
116	188	61
120	188	54
121	188	36
123	188	42
124	188	92
129	188	20
135	188	53
139	188	42
144	188	43
154	188	77
158	188	48
169	188	49
180	188	57
185	188	40
195	188	34
196	188	21
209	188	65
211	188	84
213	188	54
218	188	53
233	188	63
236	188	80
245	188	29
9	187	144
11	187	76
14	187	83
15	187	23
16	187	58
23	187	195
24	187	22
26	187	149
29	187	106
30	187	54
33	187	70
34	187	27
35	187	130
36	187	76
37	187	72
40	187	75
41	187	76
62	187	38
68	187	34
70	187	62
71	187	61
76	187	79
78	187	59
82	187	56
84	187	50
88	187	37
91	187	54
92	187	62
93	187	66
100	187	29
102	187	32
104	187	51
106	187	50
107	187	176
108	187	226
110	187	222
111	187	73
112	187	63
113	187	19
114	187	13
115	187	30
120	187	88
132	187	93
134	187	40
135	187	20
138	187	57
140	187	42
143	187	111
155	187	32
158	187	55
160	187	47
161	187	52
166	187	74
167	187	68
171	187	63
175	187	28
176	187	41
178	187	95
179	187	54
181	187	50
185	187	55
187	187	30
203	187	78
211	187	125
215	187	54
221	187	33
225	187	38
226	187	49
233	187	29
234	187	26
236	187	65
10	186	65
13	186	66
14	186	92
15	186	117
17	186	45
18	186	48
19	186	80
20	186	53
21	186	56
23	186	42
24	186	166
27	186	55
29	186	59
30	186	61
32	186	43
34	186	99
35	186	75
38	186	121
46	186	19
63	186	87
65	186	48
71	186	20
75	186	34
76	186	36
77	186	14
78	186	97
80	186	19
81	186	20
82	186	80
83	186	74
88	186	28
92	186	57
94	186	81
95	186	24
97	186	110
99	186	56
100	186	60
101	186	46
102	186	66
104	186	78
105	186	63
107	186	65
108	186	28
111	186	40
112	186	162
113	186	115
114	186	93
115	186	99
116	186	120
117	186	37
118	186	31
121	186	114
126	186	89
128	186	60
129	186	41
130	186	73
135	186	70
136	186	79
154	186	56
159	186	53
168	186	58
170	186	50
175	186	4
176	186	31
197	186	50
200	186	93
201	186	59
202	186	34
217	186	16
224	186	63
226	186	39
228	186	91
229	186	76
230	186	57
9	185	124
10	185	74
11	185	31
12	185	54
13	185	51
14	185	57
17	185	126
21	185	86
25	185	75
27	185	25
29	185	78
31	185	39
35	185	128
38	185	54
46	185	32
53	185	41
55	185	27
61	185	37
64	185	108
65	185	16
66	185	76
68	185	50
69	185	52
74	185	69
75	185	141
78	185	70
79	185	30
81	185	122
82	185	52
83	185	82
84	185	54
85	185	56
86	185	63
91	185	60
92	185	157
93	185	30
104	185	50
105	185	58
110	185	26
111	185	47
112	185	60
114	185	39
116	185	115
118	185	72
121	185	42
122	185	76
123	185	73
126	185	74
129	185	48
133	185	22
135	185	95
136	185	55
138	185	57
149	185	41
156	185	52
157	185	55
161	185	71
163	185	63
169	185	36
172	185	52
173	185	41
176	185	52
180	185	106
186	185	12
187	185	24
191	185	38
200	185	43
209	185	101
211	185	34
212	185	23
215	185	27
216	185	22
218	185	47
220	185	49
227	185	89
240	185	39
242	185	62
243	185	65
10	184	52
11	184	115
12	184	10
14	184	39
17	184	48
19	184	36
20	184	34
21	184	237
22	184	156
24	184	76
25	184	80
26	184	78
27	184	57
29	184	39
31	184	54
35	184	92
39	184	35
50	184	53
65	184	84
66	184	20
68	184	60
74	184	160
79	184	76
80	184	75
83	184	51
84	184	31
87	184	32
88	184	31
92	184	67
93	184	17
94	184	63
95	184	136
101	184	47
102	184	50
105	184	58
106	184	43
108	184	60
114	184	60
121	184	33
123	184	36
124	184	68
125	184	51
126	184	67
127	184	73
133	184	28
138	184	36
150	184	38
157	184	59
165	184	18
169	184	37
170	184	63
172	184	44
173	184	58
174	184	65
175	184	101
177	184	68
188	184	95
193	184	46
211	184	49
217	184	78
224	184	105
225	184	99
229	184	66
230	184	44
241	184	22
242	184	79
243	184	95
10	183	52
13	183	22
16	183	42
17	183	57
18	183	69
20	183	147
21	183	43
22	183	137
23	183	102
24	183	90
25	183	60
26	183	44
27	183	100
32	183	20
34	183	73
35	183	120
41	183	91
49	183	61
59	183	86
60	183	52
63	183	32
68	183	49
70	183	18
71	183	136
74	183	35
75	183	22
77	183	10
78	183	67
79	183	146
80	183	31
83	183	129
85	183	68
89	183	43
92	183	116
93	183	43
94	183	54
95	183	57
100	183	115
101	183	100
103	183	23
105	183	57
106	183	88
107	183	60
112	183	58
114	183	24
117	183	44
119	183	138
122	183	19
123	183	124
124	183	30
125	183	155
126	183	173
127	183	71
130	183	30
137	183	32
138	183	54
147	183	47
148	183	93
156	183	26
164	183	114
165	183	63
167	183	18
174	183	77
175	183	41
176	183	55
177	183	54
178	183	58
179	183	60
180	183	19
187	183	26
189	183	93
202	183	78
205	183	54
206	183	95
209	183	28
211	183	45
213	183	48
218	183	49
222	183	45
223	183	40
231	183	68
234	183	22
235	183	89
240	183	15
15	182	11
20	182	51
23	182	64
24	182	93
25	182	74
30	182	70
31	182	108
40	182	41
43	182	85
51	182	43
55	182	30
59	182	12
60	182	74
63	182	66
64	182	58
70	182	47
71	182	48
72	182	112
74	182	118
78	182	262
79	182	54
82	182	23
88	182	62
90	182	137
96	182	43
97	182	11
98	182	40
101	182	69
106	182	61
108	182	64
113	182	69
115	182	77
124	182	136
127	182	30
128	182	58
136	182	43
138	182	54
140	182	49
141	182	52
142	182	42
144	182	68
147	182	72
148	182	103
150	182	55
154	182	62
155	182	62
157	182	84
161	182	40
163	182	61
164	182	46
167	182	54
173	182	71
176	182	106
178	182	82
181	182	93
182	182	122
186	182	32
187	182	80
195	182	40
199	182	90
200	182	57
207	182	51
208	182	39
210	182	22
211	182	33
214	182	18
222	182	74
223	182	27
231	182	58
234	182	51
237	182	59
242	182	106
245	182	45
13	181	37
14	181	44
15	181	21
18	181	122
22	181	73
23	181	21
26	181	56
27	181	59
28	181	57
29	181	84
30	181	169
31	181	263
32	181	113
33	181	103
35	181	91
36	181	99
37	181	64
44	181	44
47	181	53
49	181	61
50	181	60
51	181	28
54	181	25
59	181	94
61	181	58
71	181	57
72	181	47
77	181	35
78	181	155
80	181	46
82	181	131
84	181	49
87	181	51
89	181	31
90	181	83
95	181	131
100	181	65
101	181	145
102	181	68
103	181	60
104	181	83
106	181	50
108	181	83
109	181	128
112	181	95
117	181	65
118	181	100
122	181	79
132	181	42
135	181	87
136	181	37
145	181	54
148	181	17
150	181	62
151	181	43
153	181	128
158	181	90
163	181	66
164	181	87
168	181	147
175	181	15
178	181	20
179	181	33
185	181	64
187	181	58
195	181	77
198	181	46
199	181	87
201	181	31
206	181	68
207	181	63
213	181	60
214	181	64
221	181	31
225	181	79
228	181	61
229	181	71
231	181	54
232	181	43
241	181	88
9	180	30
14	180	43
16	180	48
17	180	60
19	180	17
21	180	46
23	180	136
28	180	76
29	180	92
30	180	324
31	180	751
32	180	177
33	180	75
34	180	65
36	180	63
39	180	46
44	180	24
49	180	70
54	180	6
55	180	54
57	180	50
58	180	77
59	180	105
67	180	99
68	180	110
69	180	59
70	180	66
71	180	112
72	180	48
74	180	58
75	180	31
76	180	19
77	180	21
81	180	31
82	180	59
84	180	35
88	180	23
89	180	76
90	180	166
93	180	125
104	180	58
106	180	106
108	180	93
111	180	145
114	180	74
116	180	47
127	180	140
131	180	40
135	180	56
142	180	75
143	180	39
148	180	29
149	180	86
152	180	74
163	180	56
165	180	16
168	180	59
174	180	25
176	180	119
179	180	67
186	180	119
188	180	56
191	180	39
192	180	31
193	180	44
195	180	27
206	180	79
207	180	25
209	180	13
211	180	22
215	180	72
216	180	74
218	180	101
221	180	107
222	180	122
223	180	123
228	180	40
230	180	26
236	180	11
238	180	53
245	180	50
23	179	110
24	179	26
25	179	30
27	179	98
30	179	136
31	179	145
32	179	102
35	179	71
36	179	26
37	179	58
38	179	37
43	179	70
50	179	33
53	179	75
55	179	24
56	179	44
65	179	50
66	179	83
68	179	69
72	179	54
75	179	98
76	179	86
77	179	77
82	179	56
83	179	90
84	179	36
87	179	80
92	179	55
94	179	139
95	179	50
96	179	30
97	179	39
99	179	126
100	179	124
101	179	66
102	179	60
103	179	61
104	179	104
105	179	62
111	179	33
112	179	58
113	179	66
115	179	115
116	179	167
117	179	66
120	179	46
121	179	54
123	179	22
125	179	57
126	179	81
127	179	106
129	179	67
130	179	191
132	179	72
136	179	65
140	179	46
144	179	49
146	179	32
149	179	58
153	179	37
168	179	39
172	179	43
174	179	53
176	179	56
179	179	126
183	179	47
184	179	60
186	179	51
187	179	103
188	179	71
189	179	93
191	179	81
193	179	89
195	179	37
196	179	105
199	179	76
204	179	37
206	179	37
209	179	23
211	179	37
220	179	65
222	179	43
224	179	38
233	179	88
235	179	19
236	179	57
238	179	49
12	178	15
20	178	89
24	178	69
26	178	54
30	178	95
31	178	178
32	178	58
33	178	40
38	178	41
39	178	43
40	178	49
43	178	65
45	178	21
46	178	38
48	178	63
55	178	40
59	178	10
66	178	28
68	178	78
70	178	54
71	178	20
78	178	50
80	178	117
81	178	49
83	178	17
86	178	51
88	178	51
91	178	45
92	178	34
94	178	78
95	178	26
97	178	137
101	178	60
102	178	34
103	178	88
105	178	61
106	178	10
107	178	38
108	178	25
112	178	70
115	178	45
116	178	122
117	178	66
118	178	57
121	178	180
122	178	109
126	178	57
128	178	27
130	178	21
131	178	79
132	178	37
134	178	75
135	178	76
136	178	11
141	178	28
143	178	74
144	178	63
147	178	89
154	178	77
159	178	70
171	178	54
173	178	48
177	178	31
178	178	13
180	178	64
184	178	13
185	178	68
186	178	62
187	178	76
189	178	103
190	178	45
191	178	46
193	178	27
195	178	43
197	178	25
199	178	90
201	178	51
204	178	101
206	178	59
209	178	83
210	178	33
211	178	78
212	178	90
214	178	21
216	178	73
217	178	59
220	178	51
221	178	56
222	178	85
16	177	48
19	177	76
25	177	37
27	177	99
30	177	77
32	177	44
33	177	92
35	177	66
36	177	119
38	177	62
43	177	26
45	177	40
50	177	20
53	177	88
62	177	68
63	177	97
65	177	82
69	177	32
77	177	53
78	177	16
80	177	67
81	177	12
82	177	39
84	177	76
85	177	96
86	177	41
90	177	75
92	177	75
93	177	212
94	177	61
96	177	96
97	177	46
100	177	45
102	177	31
109	177	11
114	177	32
115	177	81
116	177	143
119	177	22
120	177	79
121	177	35
124	177	62
126	177	60
127	177	146
129	177	112
130	177	67
131	177	102
132	177	70
133	177	93
134	177	37
138	177	50
139	177	71
140	177	79
144	177	97
146	177	78
147	177	24
152	177	28
153	177	51
156	177	92
157	177	63
160	177	48
161	177	20
163	177	54
168	177	58
174	177	94
176	177	92
177	177	53
178	177	93
189	177	61
191	177	34
193	177	24
194	177	154
195	177	25
197	177	57
198	177	19
200	177	45
201	177	44
202	177	26
203	177	141
204	177	45
205	177	158
209	177	95
211	177	19
218	177	70
219	177	33
222	177	24
227	177	30
229	177	74
240	177	56
245	177	79
12	176	36
13	176	26
19	176	81
20	176	63
21	176	57
24	176	75
32	176	87
35	176	49
37	176	30
42	176	18
47	176	43
51	176	32
53	176	93
55	176	68
59	176	59
61	176	82
63	176	81
65	176	43
67	176	67
69	176	75
70	176	51
73	176	109
76	176	118
79	176	19
81	176	52
84	176	34
85	176	50
89	176	82
90	176	43
92	176	106
93	176	131
96	176	31
97	176	100
98	176	60
99	176	70
103	176	143
105	176	94
107	176	77
109	176	15
111	176	59
112	176	31
113	176	11
114	176	87
117	176	55
118	176	39
124	176	187
126	176	182
132	176	155
133	176	66
134	176	32
144	176	27
145	176	90
151	176	55
152	176	86
158	176	25
161	176	68
163	176	30
167	176	65
169	176	18
178	176	78
187	176	49
194	176	28
195	176	98
196	176	13
197	176	71
198	176	109
201	176	57
205	176	90
207	176	25
208	176	114
209	176	49
219	176	26
223	176	22
238	176	59
239	176	20
241	176	59
242	176	64
10	175	91
25	175	51
28	175	82
41	175	74
55	175	72
56	175	55
64	175	62
66	175	116
67	175	86
69	175	24
70	175	26
72	175	87
73	175	109
74	175	115
76	175	50
77	175	107
78	175	67
79	175	14
89	175	63
90	175	60
92	175	24
94	175	51
96	175	109
97	175	61
98	175	39
99	175	172
102	175	61
104	175	93
109	175	100
111	175	31
112	175	78
116	175	31
118	175	63
120	175	4
121	175	51
122	175	57
124	175	73
125	175	51
126	175	81
129	175	144
130	175	65
131	175	112
132	175	64
134	175	30
143	175	56
149	175	103
155	175	41
158	175	93
160	175	37
161	175	22
162	175	42
163	175	40
165	175	85
166	175	94
167	175	46
168	175	39
170	175	46
171	175	47
172	175	18
174	175	63
178	175	27
187	175	56
189	175	52
191	175	31
193	175	58
194	175	72
197	175	98
198	175	176
199	175	55
200	175	79
202	175	98
203	175	71
204	175	34
211	175	53
214	175	80
217	175	146
222	175	89
229	175	53
230	175	125
236	175	89
238	175	9
240	175	53
244	175	56
9	174	31
11	174	30
12	174	51
13	174	64
17	174	99
24	174	81
32	174	75
42	174	16
43	174	44
54	174	85
59	174	92
61	174	42
64	174	55
67	174	61
68	174	57
71	174	36
72	174	46
73	174	16
74	174	80
76	174	324
78	174	24
79	174	25
80	174	19
81	174	70
84	174	52
85	174	34
88	174	79
89	174	60
90	174	24
93	174	49
94	174	51
95	174	81
96	174	42
97	174	146
99	174	35
100	174	66
101	174	70
104	174	130
105	174	109
106	174	49
113	174	88
114	174	45
116	174	278
117	174	38
118	174	37
119	174	51
121	174	40
124	174	90
126	174	40
130	174	53
132	174	143
146	174	43
147	174	46
151	174	16
152	174	31
156	174	56
161	174	59
163	174	62
164	174	29
169	174	23
171	174	82
172	174	99
175	174	19
176	174	136
177	174	40
179	174	26
181	174	81
182	174	24
183	174	138
100	245	50
109	245	22
124	245	54
128	245	164
133	245	26
136	245	35
32	244	51
61	244	24
108	244	17
117	244	44
121	244	29
124	244	31
127	244	50
128	244	76
144	244	65
148	244	57
151	244	48
162	244	52
178	244	53
192	244	31
51	243	62
60	243	72
63	243	76
69	243	57
72	243	48
88	243	63
103	243	53
108	243	73
115	243	27
128	243	40
129	243	57
174	243	47
20	242	26
46	242	26
51	242	55
60	242	52
61	242	40
76	242	30
98	242	31
101	242	62
102	242	24
104	242	52
106	242	52
117	242	48
120	242	23
121	242	33
122	242	67
125	242	21
129	242	62
134	242	54
167	242	113
176	242	82
183	242	82
208	242	46
56	241	86
73	241	85
79	241	47
97	241	50
105	241	32
109	241	37
110	241	46
113	241	109
121	241	36
138	241	17
140	241	78
144	241	82
145	241	63
146	241	29
147	241	57
166	241	24
167	241	55
169	241	36
171	241	51
176	241	87
23	240	25
34	240	61
39	240	71
42	240	51
64	240	43
75	240	44
81	240	39
89	240	41
90	240	45
97	240	43
115	240	16
117	240	91
124	240	80
128	240	76
132	240	114
133	240	24
141	240	71
150	240	40
156	240	73
161	240	43
162	240	30
171	240	19
172	240	80
175	240	40
37	239	55
39	239	56
50	239	46
59	239	34
77	239	99
84	239	56
91	239	40
95	239	62
109	239	70
112	239	90
113	239	23
133	239	74
134	239	20
151	239	89
152	239	39
155	239	54
161	239	18
168	239	39
169	239	49
172	239	45
174	239	83
175	239	49
185	239	17
190	239	47
192	239	60
194	239	62
28	238	82
29	238	11
41	238	78
66	238	38
69	238	75
80	238	39
83	238	78
95	238	65
97	238	27
103	238	60
110	238	42
112	238	22
113	238	90
122	238	102
129	238	64
130	238	65
133	238	108
146	238	51
154	238	54
156	238	14
157	238	110
162	238	73
163	238	63
173	238	63
187	238	25
199	238	10
206	238	66
213	238	22
25	237	25
40	237	70
45	237	87
56	237	45
57	237	92
62	237	144
71	237	40
76	237	46
79	237	40
85	237	85
86	237	85
88	237	16
90	237	98
93	237	119
97	237	64
104	237	79
108	237	61
110	237	88
115	237	20
124	237	31
125	237	51
128	237	145
130	237	26
133	237	48
136	237	40
141	237	36
145	237	18
154	237	51
155	237	106
156	237	163
157	237	135
162	237	56
164	237	26
167	237	58
171	237	12
173	237	76
196	237	47
59	236	38
67	236	62
69	236	71
73	236	57
75	236	55
76	236	52
80	236	46
81	236	24
87	236	18
92	236	84
101	236	68
102	236	123
103	236	67
106	236	45
111	236	56
112	236	71
113	236	22
114	236	59
115	236	75
117	236	58
118	236	66
119	236	80
120	236	57
124	236	48
127	236	44
128	236	133
129	236	23
130	236	30
131	236	51
135	236	64
136	236	62
141	236	57
143	236	50
144	236	100
147	236	93
148	236	36
151	236	25
152	236	57
154	236	59
160	236	57
161	236	58
164	236	56
166	236	56
167	236	26
168	236	75
171	236	91
179	236	44
181	236	46
218	236	54
46	235	65
69	235	65
74	235	116
78	235	50
83	235	68
88	235	33
89	235	38
91	235	62
92	235	3
95	235	36
96	235	127
102	235	101
105	235	81
109	235	12
110	235	46
112	235	38
117	235	82
120	235	38
121	235	62
128	235	22
132	235	70
138	235	52
142	235	40
143	235	80
145	235	55
149	235	59
151	235	84
154	235	62
161	235	78
162	235	71
168	235	56
172	235	55
174	235	50
199	235	54
214	235	6
28	234	34
55	234	63
57	234	47
60	234	140
67	234	62
84	234	17
87	234	52
92	234	66
94	234	23
97	234	16
98	234	60
100	234	44
103	234	104
105	234	29
106	234	33
108	234	54
109	234	99
110	234	135
111	234	44
112	234	50
114	234	50
116	234	89
117	234	54
120	234	11
124	234	49
126	234	78
132	234	60
135	234	68
142	234	17
146	234	117
147	234	13
149	234	99
152	234	63
153	234	69
154	234	81
155	234	57
156	234	104
159	234	62
163	234	46
164	234	122
165	234	3
166	234	106
167	234	73
168	234	47
171	234	91
178	234	58
212	234	32
55	233	23
60	233	89
63	233	24
71	233	48
75	233	31
77	233	57
78	233	29
80	233	35
82	233	28
89	233	35
90	233	70
92	233	65
95	233	108
96	233	132
98	233	28
99	233	19
101	233	79
102	233	86
105	233	48
107	233	35
112	233	26
113	233	60
115	233	60
117	233	29
119	233	55
121	233	44
130	233	59
131	233	17
132	233	62
133	233	46
136	233	53
137	233	19
146	233	118
149	233	39
152	233	28
153	233	25
158	233	26
160	233	82
170	233	41
171	233	97
174	233	70
175	233	33
178	233	109
180	233	78
187	233	2
192	233	30
198	233	63
238	233	20
42	232	81
49	232	19
59	232	24
61	232	110
68	232	70
71	232	72
73	232	23
76	232	65
86	232	101
87	232	70
89	232	82
92	232	124
95	232	99
100	232	206
104	232	123
113	232	76
114	232	82
116	232	64
123	232	64
129	232	37
137	232	59
141	232	52
143	232	72
153	232	68
160	232	21
162	232	73
165	232	76
168	232	30
172	232	72
175	232	62
181	232	49
182	232	60
187	232	63
191	232	54
40	231	65
43	231	62
48	231	41
57	231	38
64	231	37
68	231	37
71	231	62
78	231	57
85	231	26
89	231	44
91	231	21
92	231	46
93	231	11
96	231	33
97	231	73
99	231	89
101	231	53
105	231	18
107	231	51
110	231	39
114	231	177
115	231	15
116	231	168
118	231	52
123	231	34
129	231	92
131	231	53
132	231	78
138	231	49
140	231	45
142	231	60
144	231	54
151	231	44
152	231	37
154	231	85
155	231	43
156	231	13
158	231	171
161	231	54
164	231	56
168	231	38
178	231	79
183	231	73
184	231	81
198	231	54
14	230	66
21	230	56
42	230	84
44	230	70
45	230	42
58	230	136
62	230	41
71	230	36
83	230	34
88	230	87
99	230	95
103	230	45
104	230	66
105	230	19
113	230	65
115	230	54
128	230	34
140	230	55
143	230	60
145	230	69
150	230	35
151	230	57
158	230	90
161	230	85
168	230	53
170	230	127
175	230	50
176	230	112
177	230	42
178	230	70
181	230	72
187	230	74
198	230	56
21	229	60
26	229	57
38	229	19
42	229	137
43	229	24
53	229	57
58	229	36
66	229	83
68	229	41
69	229	47
80	229	209
82	229	25
84	229	74
86	229	52
87	229	18
91	229	89
99	229	65
101	229	41
104	229	39
109	229	55
111	229	66
113	229	204
114	229	33
115	229	42
116	229	62
118	229	34
125	229	57
134	229	80
135	229	94
139	229	54
145	229	44
155	229	41
157	229	15
158	229	64
159	229	24
162	229	79
171	229	17
173	229	57
175	229	67
177	229	38
179	229	55
180	229	47
183	229	24
187	229	67
196	229	59
200	229	123
22	228	24
35	228	88
36	228	48
43	228	26
49	228	25
57	228	78
58	228	100
63	228	69
64	228	65
67	228	59
71	228	36
75	228	68
80	228	111
81	228	45
91	228	29
93	228	20
94	228	58
98	228	87
101	228	26
103	228	21
104	228	64
105	228	97
109	228	68
114	228	109
119	228	90
122	228	53
131	228	24
137	228	76
138	228	98
142	228	44
143	228	29
147	228	25
149	228	51
153	228	70
157	228	87
158	228	50
159	228	46
163	228	58
167	228	9
168	228	39
169	228	60
170	228	81
171	228	82
174	228	43
176	228	65
177	228	54
182	228	54
183	228	74
187	228	70
190	228	55
198	228	29
209	228	38
21	227	52
26	227	64
33	227	43
36	227	41
45	227	51
53	227	65
62	227	64
64	227	51
65	227	81
67	227	35
70	227	51
71	227	56
72	227	19
76	227	55
92	227	7
94	227	46
96	227	213
97	227	38
101	227	70
102	227	44
103	227	63
107	227	52
110	227	47
111	227	151
114	227	70
117	227	27
123	227	50
124	227	92
125	227	15
127	227	49
134	227	47
135	227	41
140	227	72
145	227	73
146	227	61
153	227	65
154	227	39
155	227	13
160	227	71
161	227	49
163	227	43
165	227	91
167	227	81
169	227	74
170	227	54
171	227	84
179	227	94
181	227	128
182	227	21
185	227	36
191	227	88
203	227	39
26	226	74
36	226	51
45	226	58
47	226	56
50	226	77
58	226	124
63	226	53
67	226	53
71	226	131
77	226	36
80	226	73
82	226	62
83	226	88
85	226	127
87	226	85
88	226	30
91	226	73
93	226	125
94	226	70
97	226	18
98	226	38
99	226	14
107	226	57
108	226	62
114	226	112
115	226	16
116	226	36
123	226	36
125	226	91
126	226	42
129	226	50
136	226	62
139	226	13
145	226	53
147	226	72
151	226	28
159	226	59
162	226	62
163	226	110
170	226	67
172	226	34
173	226	68
175	226	133
178	226	48
188	226	91
21	225	24
22	225	66
23	225	88
35	225	76
38	225	46
39	225	31
40	225	49
50	225	36
51	225	43
62	225	65
69	225	5
75	225	116
76	225	43
79	225	32
83	225	28
86	225	39
87	225	108
88	225	44
89	225	79
95	225	112
100	225	53
101	225	38
104	225	54
106	225	27
108	225	39
109	225	60
110	225	58
111	225	41
112	225	41
113	225	72
115	225	46
116	225	26
118	225	29
124	225	46
127	225	48
128	225	91
132	225	46
142	225	127
144	225	81
147	225	72
149	225	4
150	225	29
154	225	107
156	225	27
162	225	19
163	225	74
174	225	74
175	225	115
176	225	42
177	225	46
187	225	18
190	225	66
194	225	38
200	225	52
11	224	65
20	224	60
21	224	57
24	224	15
47	224	39
48	224	57
49	224	47
50	224	65
53	224	22
54	224	38
61	224	23
63	224	49
71	224	34
72	224	40
74	224	38
75	224	32
76	224	135
79	224	36
83	224	70
84	224	78
88	224	152
92	224	20
95	224	65
96	224	29
99	224	92
100	224	77
104	224	37
105	224	47
107	224	71
108	224	103
111	224	57
112	224	54
115	224	58
118	224	117
120	224	24
121	224	38
125	224	55
128	224	45
129	224	89
130	224	29
131	224	55
134	224	34
135	224	108
139	224	57
143	224	49
148	224	11
149	224	69
153	224	7
157	224	94
159	224	30
160	224	53
165	224	34
167	224	49
168	224	35
176	224	41
182	224	124
212	224	29
9	223	42
24	223	63
25	223	30
39	223	79
41	223	40
47	223	94
48	223	13
49	223	18
50	223	47
62	223	46
66	223	63
74	223	12
76	223	99
77	223	75
79	223	75
81	223	55
82	223	80
88	223	71
89	223	157
93	223	186
95	223	42
97	223	49
100	223	75
102	223	52
103	223	85
107	223	66
108	223	87
109	223	41
110	223	59
111	223	42
112	223	75
113	223	24
117	223	2
119	223	37
122	223	59
128	223	31
129	223	68
132	223	76
134	223	69
148	223	69
150	223	89
151	223	76
152	223	63
156	223	68
158	223	77
164	223	76
165	223	29
173	223	72
178	223	50
186	223	74
189	223	60
197	223	54
206	223	62
25	222	36
29	222	82
32	222	50
40	222	41
41	222	20
47	222	46
55	222	79
56	222	63
64	222	72
65	222	47
72	222	57
73	222	66
76	222	79
84	222	111
85	222	66
86	222	40
89	222	53
95	222	57
97	222	41
98	222	52
100	222	90
101	222	39
102	222	25
106	222	88
107	222	136
108	222	93
109	222	203
110	222	116
111	222	108
114	222	84
115	222	59
116	222	34
121	222	69
123	222	22
127	222	31
128	222	36
129	222	45
132	222	61
134	222	68
135	222	78
136	222	45
142	222	21
145	222	11
148	222	28
149	222	71
150	222	106
151	222	53
156	222	16
159	222	56
160	222	65
162	222	43
165	222	57
167	222	25
172	222	37
175	222	33
183	222	38
185	222	75
187	222	107
189	222	27
190	222	11
202	222	54
218	222	29
11	221	57
16	221	55
31	221	68
36	221	51
39	221	29
46	221	57
47	221	91
55	221	92
62	221	53
64	221	25
66	221	61
68	221	165
69	221	19
73	221	157
74	221	37
75	221	21
76	221	21
80	221	46
83	221	46
89	221	54
91	221	59
92	221	27
94	221	73
98	221	72
100	221	73
101	221	29
102	221	114
103	221	60
104	221	68
105	221	182
107	221	25
108	221	79
116	221	21
117	221	38
118	221	50
119	221	71
126	221	24
127	221	33
130	221	42
134	221	11
143	221	44
148	221	82
149	221	7
150	221	89
153	221	37
154	221	150
158	221	47
163	221	39
168	221	53
169	221	23
170	221	81
178	221	84
180	221	29
182	221	87
186	221	68
197	221	25
200	221	39
201	221	44
211	221	51
234	221	25
31	220	8
53	220	89
58	220	49
61	220	65
65	220	53
67	220	16
70	220	33
73	220	72
74	220	42
81	220	102
82	220	70
84	220	67
88	220	49
89	220	132
91	220	32
93	220	21
94	220	51
95	220	99
100	220	35
103	220	157
104	220	218
106	220	45
110	220	74
114	220	65
118	220	159
119	220	15
120	220	153
126	220	56
127	220	73
129	220	49
134	220	38
137	220	45
139	220	51
140	220	77
145	220	17
151	220	81
155	220	75
156	220	36
159	220	83
164	220	96
169	220	136
170	220	65
175	220	68
176	220	60
185	220	57
190	220	40
194	220	62
197	220	144
200	220	44
208	220	86
224	220	69
24	219	73
25	219	63
32	219	55
38	219	55
43	219	93
45	219	52
46	219	40
47	219	89
49	219	23
55	219	30
59	219	75
66	219	109
67	219	31
70	219	40
80	219	72
81	219	36
83	219	36
85	219	63
88	219	43
90	219	16
92	219	183
95	219	26
97	219	62
98	219	33
99	219	51
101	219	33
103	219	53
104	219	161
105	219	44
108	219	23
109	219	39
110	219	45
112	219	39
115	219	78
116	219	62
119	219	67
143	219	36
145	219	75
150	219	56
154	219	17
157	219	65
160	219	202
163	219	20
171	219	21
176	219	58
197	219	33
247	219	34
19	218	28
22	218	70
26	218	64
30	218	76
38	218	52
41	218	45
54	218	78
59	218	16
62	218	173
68	218	39
74	218	70
76	218	37
85	218	40
88	218	22
89	218	15
91	218	44
92	218	70
94	218	64
95	218	18
96	218	118
98	218	66
99	218	116
100	218	86
101	218	57
102	218	52
108	218	86
109	218	140
112	218	107
119	218	76
120	218	33
121	218	97
123	218	157
126	218	23
131	218	65
136	218	26
138	218	116
139	218	34
141	218	47
142	218	72
145	218	57
146	218	79
149	218	66
155	218	34
156	218	62
157	218	70
160	218	96
162	218	30
164	218	78
165	218	141
170	218	42
171	218	22
175	218	41
184	218	125
191	218	65
193	218	54
197	218	72
38	217	37
39	217	95
40	217	18
42	217	31
43	217	43
46	217	38
48	217	13
64	217	48
69	217	123
75	217	34
80	217	49
81	217	47
83	217	70
88	217	62
96	217	56
98	217	53
99	217	35
101	217	63
102	217	49
109	217	112
110	217	153
112	217	26
114	217	48
115	217	80
117	217	48
124	217	34
126	217	49
128	217	12
129	217	103
137	217	74
140	217	91
142	217	61
143	217	15
148	217	90
151	217	46
154	217	64
157	217	87
159	217	28
161	217	5
163	217	78
175	217	44
247	217	83
25	216	181
33	216	60
34	216	70
42	216	76
50	216	58
51	216	25
55	216	49
56	216	78
59	216	71
62	216	57
64	216	142
65	216	20
66	216	65
71	216	142
72	216	32
75	216	61
78	216	65
81	216	54
85	216	55
86	216	89
87	216	70
90	216	70
92	216	37
96	216	59
99	216	52
103	216	38
105	216	36
106	216	60
107	216	47
108	216	123
109	216	110
111	216	52
112	216	106
115	216	3
116	216	58
118	216	103
120	216	56
126	216	77
128	216	51
130	216	32
131	216	116
132	216	41
133	216	42
136	216	62
139	216	69
142	216	43
145	216	54
149	216	14
157	216	60
161	216	74
168	216	85
172	216	82
175	216	66
179	216	62
182	216	68
200	216	93
212	216	84
213	216	55
22	215	87
35	215	15
39	215	73
44	215	30
48	215	68
51	215	6
52	215	31
56	215	34
64	215	71
78	215	53
80	215	85
81	215	47
90	215	79
92	215	36
93	215	43
94	215	36
98	215	9
100	215	48
101	215	49
103	215	65
104	215	49
105	215	128
106	215	48
108	215	130
111	215	35
113	215	21
114	215	82
115	215	64
117	215	67
121	215	73
122	215	113
124	215	91
125	215	131
127	215	51
131	215	44
133	215	51
135	215	137
136	215	30
141	215	155
142	215	77
144	215	46
145	215	52
147	215	56
150	215	67
155	215	93
160	215	94
168	215	13
179	215	72
190	215	33
216	215	27
247	215	65
19	214	68
21	214	34
22	214	77
31	214	51
35	214	18
41	214	42
52	214	39
55	214	89
56	214	41
57	214	54
# chipNumber: 4
# chipName:   G 10 W69
# numHits:    2
20	49	79
20	47	40
# chipNumber: 5
# chipName:   D 9 W69
# numHits:    0
# chipNumber: 6
# chipName:   L 8 W69
# numHits:    81
21	243	28
17	237	42
18	237	21
166	233	11810
14	228	37
109	226	36
125	222	28
120	221	28
133	220	7
109	218	24
129	217	3
124	216	27
121	215	12
119	214	44
124	212	29
130	212	126
127	211	12
131	211	10
128	210	122
133	210	41
107	209	30
119	209	29
128	209	64
123	208	11
126	208	60
118	207	17
120	206	24
126	206	17
138	206	37
117	205	19
134	205	85
135	205	36
121	203	50
124	203	25
131	203	43
234	203	11810
123	202	57
125	201	11
146	201	22
117	200	25
118	200	26
139	200	10
115	199	27
135	199	26
144	198	41
124	197	17
126	197	26
123	196	45
125	196	22
135	196	54
137	196	29
139	196	14
110	195	49
128	195	15
129	195	35
130	195	44
135	195	69
130	194	40
135	194	16
151	194	16
123	193	32
128	193	22
129	193	53
137	193	14
123	192	6
124	192	14
127	192	48
152	192	31
155	192	24
111	191	21
122	191	22
127	191	15
131	191	115
123	190	47
124	189	23
125	189	16
131	189	37
108	183	43
131	180	21
121	178	22
143	178	33
