## [General]
## runNumber:        241
## runTime:       	 7200
## runTimeFrames: 	 0
## pathName:         data/runs/Run_241_181022-16-16
## dateTime:         2018-10-22.17:52:40
## numChips:         7
## shutterTime:      30
## shutterMode:      verylong
## runMode:          0
## fastClock:        0
## externalTrigger:  0
## [Event]
## eventNumber:      7581
## useHvFadc:    	 1
## fadcReadout:    	 1
## szint1ClockInt:	 0
## szint2ClockInt:	 4095
## fadcTriggerClock: 0
# chipNumber: 0
# chipName:   E 6 W69
# numHits:    0
# chipNumber: 1
# chipName:   K 6 W69
# numHits:    0
# chipNumber: 2
# chipName:   H 9 W69
# numHits:    157
239	165	20
230	156	46
246	153	56
240	147	75
244	146	77
246	145	18
232	144	72
248	144	45
235	143	47
241	143	50
246	142	54
245	140	50
236	139	83
241	138	36
246	138	48
213	134	49
246	133	70
235	130	40
235	129	75
237	129	63
245	129	45
247	129	32
232	128	48
235	128	93
243	126	52
238	125	45
230	124	41
218	123	5
219	122	76
232	121	37
240	121	76
245	118	46
229	115	36
234	115	33
243	114	40
245	112	52
243	110	89
232	93	52
245	91	38
191	58	53
189	55	18
180	53	73
182	53	38
184	53	42
176	52	51
190	51	40
191	51	38
181	50	34
188	50	80
189	50	35
181	49	19
182	49	76
184	49	62
180	48	30
184	48	60
188	48	20
171	47	49
181	47	65
189	47	34
167	46	70
174	46	98
175	46	95
184	46	76
193	46	42
169	45	34
172	45	87
173	45	50
183	45	73
188	45	71
192	45	22
176	44	78
178	44	52
183	44	13
186	44	72
191	44	132
192	44	31
177	43	17
178	43	58
183	43	131
184	43	54
191	43	56
177	42	48
182	42	112
185	42	74
187	42	95
190	42	21
192	42	79
178	41	52
182	41	37
191	41	86
197	41	53
172	40	124
176	40	91
177	40	85
178	40	19
179	40	65
181	40	23
182	40	17
186	40	35
174	39	72
177	39	54
180	39	130
181	39	59
184	39	107
185	39	58
169	38	31
178	38	52
182	38	34
183	38	27
187	38	55
173	37	75
180	37	43
182	37	68
184	37	57
185	37	73
160	36	41
171	36	53
180	36	51
182	36	44
183	36	57
184	36	50
191	36	76
192	36	59
174	35	30
175	35	21
176	35	63
179	35	46
183	35	27
184	35	99
188	35	28
190	35	27
168	34	49
178	34	93
179	34	23
188	34	42
192	34	26
174	33	47
179	33	49
182	33	25
180	32	70
186	32	49
189	32	24
170	31	42
177	31	49
181	31	28
187	31	30
177	30	23
187	30	78
190	30	45
171	29	53
181	28	70
198	28	54
194	26	69
185	25	125
194	25	42
183	22	56
185	18	53
# chipNumber: 3
# chipName:   H 10 W69
# numHits:    17971
198	215	109
200	215	30
201	215	199
202	215	69
208	215	27
209	215	65
212	215	102
219	215	92
222	215	79
223	215	18
233	215	43
10	214	18
11	214	63
13	214	112
25	214	49
26	214	54
32	214	161
42	214	64
46	214	46
47	214	33
48	214	121
50	214	48
51	214	114
52	214	112
55	214	54
56	214	43
59	214	11
64	214	35
70	214	54
71	214	55
72	214	28
73	214	72
74	214	32
82	214	57
84	214	86
89	214	54
90	214	61
105	214	19
110	214	81
117	214	96
120	214	20
127	214	51
131	214	27
132	214	63
134	214	49
139	214	87
141	214	28
146	214	44
153	214	51
155	214	79
159	214	65
164	214	50
168	214	149
170	214	53
171	214	93
176	214	68
177	214	83
178	214	153
179	214	67
180	214	150
181	214	83
182	214	125
183	214	70
184	214	52
186	214	51
189	214	57
190	214	65
193	214	60
197	214	77
199	214	70
203	214	41
205	214	45
206	214	92
208	214	25
210	214	57
211	214	54
217	214	74
219	214	18
221	214	90
228	214	39
238	214	26
10	213	171
11	213	80
12	213	87
13	213	53
14	213	132
18	213	35
22	213	68
26	213	64
35	213	33
37	213	85
40	213	45
43	213	52
45	213	128
49	213	57
51	213	47
54	213	67
68	213	12
69	213	19
70	213	20
75	213	62
78	213	26
84	213	49
87	213	46
88	213	41
92	213	194
100	213	68
101	213	48
105	213	28
114	213	24
119	213	18
129	213	51
163	213	16
167	213	93
169	213	56
171	213	109
172	213	10
173	213	73
175	213	75
179	213	33
181	213	38
185	213	29
188	213	161
190	213	52
192	213	42
193	213	43
194	213	34
198	213	84
201	213	48
202	213	39
203	213	99
204	213	164
206	213	108
211	213	62
220	213	61
225	213	41
246	213	93
8	212	105
9	212	41
10	212	38
11	212	166
12	212	153
13	212	98
14	212	98
16	212	40
20	212	70
28	212	18
31	212	50
33	212	62
39	212	46
40	212	45
45	212	69
57	212	39
61	212	26
63	212	106
69	212	51
78	212	62
80	212	36
82	212	88
83	212	75
84	212	79
86	212	37
87	212	60
88	212	52
90	212	48
95	212	125
96	212	58
97	212	70
98	212	35
100	212	27
102	212	103
104	212	25
106	212	66
115	212	96
123	212	56
130	212	86
143	212	42
147	212	85
150	212	49
154	212	38
156	212	60
157	212	45
158	212	66
161	212	49
162	212	51
164	212	50
172	212	91
173	212	88
176	212	144
179	212	54
181	212	81
183	212	67
185	212	48
187	212	49
191	212	75
192	212	122
195	212	58
196	212	57
197	212	40
198	212	84
199	212	74
200	212	32
201	212	73
202	212	51
206	212	44
210	212	76
216	212	38
217	212	37
221	212	38
228	212	70
231	212	48
8	211	63
9	211	76
10	211	93
11	211	114
12	211	78
13	211	71
14	211	71
15	211	68
21	211	38
22	211	36
24	211	71
25	211	56
34	211	65
39	211	59
44	211	57
47	211	71
56	211	75
61	211	49
63	211	68
68	211	59
69	211	36
78	211	34
82	211	60
83	211	23
86	211	30
93	211	70
98	211	29
103	211	72
105	211	40
107	211	41
116	211	51
119	211	70
123	211	33
131	211	52
137	211	54
149	211	58
151	211	22
152	211	100
153	211	16
162	211	65
163	211	99
164	211	58
167	211	57
168	211	26
171	211	17
172	211	74
174	211	35
175	211	44
177	211	44
178	211	158
179	211	152
184	211	148
186	211	62
187	211	65
189	211	15
190	211	41
192	211	146
193	211	78
199	211	129
200	211	44
201	211	69
202	211	163
205	211	91
206	211	121
208	211	67
209	211	88
212	211	76
216	211	99
217	211	20
221	211	24
225	211	40
227	211	82
230	211	75
231	211	53
233	211	32
8	210	98
10	210	55
11	210	157
12	210	157
13	210	134
14	210	110
15	210	119
16	210	62
18	210	59
27	210	57
32	210	59
34	210	47
35	210	39
36	210	82
37	210	70
42	210	21
53	210	69
54	210	77
61	210	44
63	210	57
65	210	113
66	210	46
68	210	14
77	210	50
79	210	107
80	210	49
91	210	23
93	210	43
99	210	44
104	210	45
111	210	38
113	210	58
119	210	49
127	210	35
141	210	31
145	210	76
152	210	43
154	210	26
155	210	14
158	210	77
159	210	19
165	210	37
166	210	30
167	210	93
168	210	67
169	210	28
170	210	53
171	210	57
172	210	31
173	210	64
175	210	44
176	210	58
177	210	190
178	210	118
182	210	52
183	210	33
185	210	18
186	210	69
187	210	21
192	210	67
193	210	47
197	210	57
210	210	67
213	210	69
218	210	60
219	210	82
220	210	33
221	210	83
222	210	67
223	210	37
224	210	65
228	210	19
235	210	40
8	209	73
9	209	45
10	209	59
12	209	61
13	209	82
15	209	92
23	209	47
25	209	47
30	209	55
32	209	77
43	209	19
47	209	33
49	209	58
54	209	68
56	209	35
58	209	71
60	209	54
61	209	38
62	209	90
63	209	123
64	209	37
65	209	35
66	209	34
67	209	47
73	209	78
75	209	92
76	209	92
78	209	99
80	209	53
82	209	48
86	209	57
88	209	149
91	209	66
92	209	32
93	209	46
97	209	9
98	209	15
103	209	68
118	209	32
119	209	88
127	209	60
129	209	53
134	209	21
144	209	73
145	209	36
151	209	79
153	209	50
162	209	79
164	209	48
166	209	39
167	209	87
171	209	112
172	209	100
174	209	57
180	209	32
182	209	47
185	209	47
186	209	77
187	209	103
188	209	13
189	209	31
190	209	47
193	209	27
196	209	56
197	209	61
200	209	76
206	209	22
213	209	48
214	209	46
218	209	34
219	209	57
221	209	28
225	209	84
228	209	69
229	209	100
232	209	116
246	209	66
12	208	73
15	208	7
19	208	25
22	208	52
25	208	55
30	208	13
32	208	77
34	208	55
46	208	14
47	208	68
52	208	47
53	208	82
55	208	55
57	208	78
58	208	44
60	208	64
63	208	44
65	208	95
67	208	73
68	208	36
72	208	66
73	208	20
75	208	57
82	208	59
86	208	32
91	208	115
92	208	61
94	208	78
102	208	21
104	208	27
105	208	3
108	208	62
115	208	69
119	208	23
121	208	26
148	208	54
152	208	43
161	208	122
164	208	139
168	208	38
170	208	108
171	208	55
179	208	102
181	208	77
184	208	35
186	208	23
188	208	72
189	208	45
196	208	119
197	208	83
199	208	36
202	208	102
204	208	67
205	208	34
207	208	59
208	208	73
213	208	68
215	208	47
216	208	55
221	208	126
222	208	101
224	208	101
228	208	64
229	208	77
230	208	96
231	208	102
232	208	59
233	208	80
234	208	77
237	208	60
240	208	42
12	207	116
13	207	61
24	207	140
25	207	51
26	207	24
33	207	79
39	207	70
40	207	83
43	207	19
45	207	77
48	207	43
50	207	66
53	207	34
56	207	53
61	207	38
63	207	92
65	207	55
73	207	60
78	207	51
80	207	37
82	207	54
87	207	68
90	207	77
91	207	41
94	207	24
101	207	67
104	207	59
109	207	21
110	207	61
118	207	62
142	207	75
147	207	44
150	207	57
151	207	35
153	207	46
155	207	58
158	207	96
159	207	21
160	207	59
166	207	68
168	207	39
169	207	67
173	207	59
174	207	103
175	207	43
176	207	36
177	207	115
179	207	24
180	207	113
181	207	13
182	207	102
183	207	87
184	207	46
185	207	59
186	207	58
189	207	66
192	207	125
196	207	135
200	207	95
201	207	26
204	207	54
205	207	51
206	207	80
209	207	15
211	207	120
212	207	68
218	207	29
219	207	38
220	207	110
221	207	63
224	207	95
235	207	70
10	206	61
16	206	30
19	206	13
20	206	40
24	206	48
32	206	22
34	206	60
39	206	96
40	206	52
51	206	65
53	206	112
54	206	206
56	206	25
59	206	48
62	206	92
64	206	71
66	206	41
67	206	66
69	206	40
71	206	73
72	206	60
73	206	40
74	206	70
76	206	28
77	206	77
90	206	97
94	206	20
98	206	63
101	206	58
109	206	30
113	206	76
133	206	81
135	206	60
148	206	50
154	206	49
160	206	54
162	206	55
163	206	68
164	206	42
166	206	69
168	206	19
173	206	19
177	206	40
180	206	151
181	206	103
185	206	77
186	206	47
187	206	98
191	206	111
194	206	30
200	206	79
202	206	85
205	206	75
207	206	162
208	206	99
213	206	79
219	206	28
220	206	47
226	206	40
230	206	89
231	206	82
235	206	16
239	206	104
247	206	69
8	205	144
10	205	33
11	205	12
19	205	109
22	205	8
29	205	33
37	205	64
40	205	37
41	205	68
54	205	134
56	205	78
60	205	37
61	205	111
62	205	57
65	205	73
67	205	114
72	205	31
76	205	77
77	205	16
78	205	49
79	205	31
80	205	77
81	205	64
83	205	61
84	205	58
86	205	56
89	205	69
90	205	88
91	205	48
93	205	102
94	205	11
104	205	69
117	205	53
119	205	104
134	205	72
141	205	27
146	205	97
148	205	62
150	205	65
154	205	21
155	205	57
162	205	20
164	205	41
166	205	62
167	205	26
168	205	55
170	205	73
172	205	53
175	205	43
180	205	37
183	205	48
186	205	13
191	205	79
193	205	70
195	205	77
198	205	75
201	205	117
202	205	31
203	205	47
204	205	109
205	205	52
206	205	46
208	205	20
211	205	24
214	205	27
215	205	38
217	205	75
218	205	85
224	205	25
227	205	59
9	204	71
10	204	105
11	204	114
14	204	29
15	204	40
18	204	81
19	204	50
22	204	69
24	204	59
28	204	41
35	204	42
37	204	97
48	204	35
50	204	54
56	204	24
58	204	26
60	204	13
64	204	85
67	204	64
69	204	62
71	204	75
72	204	22
74	204	51
75	204	57
76	204	130
77	204	60
80	204	33
82	204	63
83	204	42
84	204	129
86	204	25
87	204	73
90	204	90
91	204	123
92	204	111
93	204	35
94	204	46
95	204	111
98	204	25
102	204	19
104	204	34
108	204	42
138	204	90
141	204	66
145	204	106
149	204	58
154	204	142
157	204	50
159	204	46
164	204	28
166	204	34
167	204	51
168	204	43
170	204	37
172	204	34
177	204	57
179	204	17
180	204	66
181	204	65
184	204	34
185	204	111
189	204	34
190	204	124
196	204	33
199	204	160
201	204	76
202	204	104
203	204	100
204	204	45
205	204	84
209	204	76
211	204	60
220	204	47
222	204	75
229	204	35
231	204	129
232	204	52
241	204	44
10	203	78
11	203	50
17	203	85
19	203	95
25	203	39
28	203	53
30	203	57
36	203	74
37	203	79
42	203	12
43	203	67
44	203	39
48	203	52
50	203	25
51	203	30
53	203	56
54	203	60
58	203	54
62	203	40
67	203	31
72	203	36
75	203	79
89	203	15
90	203	33
96	203	161
97	203	33
98	203	79
104	203	34
147	203	25
152	203	78
154	203	65
165	203	86
166	203	103
167	203	151
168	203	34
170	203	70
172	203	68
173	203	70
174	203	78
176	203	54
177	203	70
180	203	70
181	203	65
182	203	64
183	203	34
187	203	30
188	203	33
189	203	90
190	203	65
191	203	109
192	203	56
195	203	62
197	203	90
198	203	93
200	203	98
205	203	38
217	203	20
223	203	94
226	203	20
229	203	123
233	203	41
235	203	75
10	202	39
19	202	54
26	202	75
28	202	60
29	202	60
31	202	89
33	202	160
34	202	69
37	202	54
41	202	15
43	202	153
44	202	98
45	202	16
49	202	8
59	202	66
78	202	21
86	202	19
90	202	84
93	202	29
95	202	25
96	202	32
97	202	44
98	202	23
100	202	62
122	202	50
123	202	33
144	202	67
147	202	57
151	202	97
154	202	101
155	202	65
165	202	34
166	202	50
170	202	21
171	202	54
173	202	72
175	202	72
181	202	52
182	202	92
183	202	66
185	202	60
186	202	65
190	202	165
191	202	50
192	202	38
194	202	56
199	202	62
200	202	99
201	202	50
205	202	107
211	202	72
213	202	28
214	202	77
217	202	25
218	202	47
219	202	79
228	202	37
231	202	9
232	202	39
234	202	102
239	202	45
12	201	69
15	201	40
17	201	15
18	201	129
20	201	68
30	201	47
31	201	17
32	201	46
33	201	36
35	201	70
36	201	82
37	201	41
44	201	16
48	201	39
49	201	52
53	201	57
54	201	79
55	201	68
63	201	55
66	201	82
72	201	43
82	201	107
88	201	49
89	201	95
90	201	56
91	201	176
94	201	66
95	201	68
96	201	40
97	201	27
98	201	46
99	201	49
106	201	57
108	201	28
128	201	72
133	201	67
135	201	29
144	201	58
157	201	83
160	201	49
162	201	5
163	201	70
167	201	21
169	201	57
171	201	99
175	201	77
180	201	37
181	201	37
183	201	49
184	201	159
185	201	18
187	201	31
189	201	42
193	201	65
195	201	56
196	201	92
198	201	74
199	201	22
201	201	59
203	201	136
209	201	54
212	201	19
213	201	52
218	201	81
219	201	37
224	201	61
225	201	146
226	201	78
229	201	37
232	201	122
235	201	54
8	200	64
19	200	40
22	200	72
28	200	34
32	200	48
33	200	86
34	200	58
35	200	48
37	200	109
41	200	54
42	200	70
44	200	25
46	200	62
47	200	77
52	200	42
54	200	55
56	200	61
59	200	72
63	200	58
69	200	32
75	200	57
87	200	82
91	200	56
93	200	31
94	200	48
97	200	99
108	200	46
111	200	43
115	200	75
136	200	31
142	200	66
145	200	78
150	200	85
154	200	79
155	200	41
156	200	40
163	200	52
164	200	49
167	200	47
172	200	82
185	200	159
186	200	46
188	200	48
193	200	79
197	200	43
201	200	123
203	200	57
205	200	37
206	200	43
211	200	90
212	200	37
213	200	108
214	200	49
216	200	62
218	200	80
223	200	68
232	200	41
241	200	36
17	199	43
21	199	15
23	199	47
24	199	99
27	199	57
28	199	53
31	199	68
33	199	83
41	199	15
44	199	77
46	199	65
48	199	77
52	199	30
54	199	51
55	199	57
56	199	56
57	199	19
58	199	59
64	199	37
68	199	43
69	199	119
70	199	114
71	199	52
75	199	25
78	199	27
86	199	37
87	199	42
95	199	39
98	199	128
110	199	58
111	199	22
120	199	29
146	199	23
147	199	64
149	199	22
152	199	24
154	199	72
158	199	23
166	199	63
167	199	45
168	199	25
174	199	62
180	199	44
181	199	60
183	199	15
186	199	56
187	199	51
189	199	82
190	199	87
191	199	60
192	199	93
193	199	79
199	199	45
202	199	64
209	199	52
211	199	46
213	199	61
214	199	76
217	199	62
219	199	116
223	199	61
225	199	64
226	199	23
228	199	18
231	199	82
232	199	44
238	199	47
239	199	34
245	199	50
7	198	66
9	198	63
11	198	51
14	198	74
19	198	62
27	198	10
28	198	71
30	198	73
31	198	57
35	198	63
43	198	119
46	198	102
48	198	26
50	198	32
51	198	55
54	198	38
56	198	53
60	198	36
67	198	70
70	198	19
74	198	37
78	198	53
81	198	105
85	198	15
89	198	45
90	198	39
95	198	158
107	198	67
110	198	131
111	198	101
114	198	62
124	198	54
132	198	54
148	198	74
160	198	19
162	198	55
164	198	63
168	198	34
169	198	79
170	198	4
172	198	100
178	198	54
180	198	69
186	198	50
188	198	26
189	198	108
190	198	88
193	198	67
194	198	73
195	198	42
201	198	51
203	198	137
205	198	60
211	198	57
214	198	47
215	198	129
218	198	65
219	198	53
220	198	106
224	198	136
226	198	16
228	198	8
232	198	60
235	198	71
236	198	137
237	198	58
247	198	75
14	197	29
15	197	32
22	197	27
23	197	55
25	197	29
26	197	74
27	197	84
32	197	89
36	197	55
37	197	57
38	197	75
44	197	38
47	197	54
48	197	136
49	197	26
52	197	25
56	197	25
59	197	63
60	197	79
64	197	126
67	197	80
70	197	38
79	197	82
81	197	84
83	197	14
84	197	50
90	197	68
92	197	59
94	197	49
97	197	73
98	197	33
99	197	45
129	197	61
130	197	74
145	197	38
148	197	41
149	197	110
154	197	37
158	197	87
159	197	57
161	197	78
162	197	133
165	197	50
167	197	27
168	197	60
174	197	31
178	197	93
179	197	101
180	197	62
181	197	65
183	197	87
184	197	94
186	197	193
204	197	22
208	197	44
210	197	75
217	197	62
219	197	62
221	197	104
222	197	185
223	197	110
228	197	81
233	197	73
236	197	39
237	197	110
239	197	60
241	197	82
10	196	54
13	196	34
16	196	22
17	196	46
23	196	25
26	196	47
27	196	35
30	196	53
37	196	53
38	196	62
42	196	60
44	196	44
45	196	109
46	196	94
47	196	18
48	196	69
51	196	40
58	196	38
62	196	51
66	196	59
80	196	131
87	196	72
88	196	25
90	196	11
91	196	88
96	196	49
97	196	64
99	196	26
102	196	57
105	196	44
159	196	59
165	196	14
170	196	32
172	196	91
175	196	54
182	196	55
184	196	55
193	196	106
194	196	94
195	196	56
196	196	108
198	196	151
199	196	27
200	196	84
202	196	57
203	196	115
205	196	89
207	196	81
210	196	17
211	196	57
212	196	75
216	196	60
220	196	36
222	196	74
223	196	60
232	196	77
236	196	102
9	195	45
12	195	67
20	195	78
23	195	74
26	195	62
27	195	112
30	195	28
38	195	57
39	195	44
41	195	43
45	195	91
46	195	54
47	195	65
48	195	58
57	195	38
64	195	62
72	195	45
73	195	13
75	195	90
82	195	73
85	195	15
87	195	34
88	195	61
91	195	39
97	195	31
100	195	49
104	195	79
121	195	50
122	195	54
127	195	66
138	195	48
153	195	41
154	195	43
160	195	113
164	195	50
167	195	46
171	195	31
174	195	29
175	195	24
176	195	69
178	195	155
179	195	95
180	195	133
181	195	35
182	195	70
186	195	85
189	195	104
193	195	40
194	195	153
199	195	113
200	195	110
202	195	82
204	195	173
205	195	91
207	195	23
208	195	34
212	195	59
214	195	101
215	195	34
219	195	35
222	195	67
224	195	74
227	195	95
228	195	113
231	195	85
233	195	49
12	194	79
13	194	38
25	194	49
27	194	33
31	194	36
33	194	115
34	194	36
35	194	54
36	194	34
37	194	40
42	194	25
43	194	116
44	194	68
47	194	54
48	194	67
49	194	35
51	194	85
52	194	12
53	194	31
55	194	35
58	194	16
59	194	98
63	194	54
65	194	93
68	194	101
70	194	49
73	194	78
76	194	39
77	194	62
78	194	54
83	194	96
85	194	74
86	194	70
87	194	43
91	194	115
93	194	62
96	194	30
98	194	63
102	194	69
107	194	57
109	194	26
115	194	84
127	194	54
140	194	83
153	194	65
160	194	70
165	194	42
166	194	79
168	194	17
169	194	32
171	194	72
176	194	71
179	194	37
182	194	135
184	194	33
186	194	35
189	194	77
191	194	30
192	194	93
193	194	36
194	194	61
196	194	77
203	194	108
205	194	83
209	194	122
211	194	57
214	194	50
215	194	50
216	194	35
217	194	75
223	194	48
230	194	17
232	194	25
240	194	82
14	193	62
15	193	85
16	193	8
20	193	167
24	193	40
25	193	46
26	193	35
27	193	43
31	193	39
33	193	78
34	193	19
36	193	19
38	193	49
41	193	33
47	193	55
51	193	27
53	193	65
56	193	63
57	193	14
58	193	60
59	193	74
63	193	82
65	193	51
66	193	81
67	193	87
68	193	45
69	193	87
70	193	21
77	193	37
79	193	43
80	193	106
81	193	34
83	193	22
85	193	45
87	193	42
88	193	57
90	193	34
99	193	15
100	193	51
105	193	49
109	193	43
124	193	53
141	193	23
146	193	49
157	193	79
159	193	41
161	193	47
163	193	23
164	193	28
165	193	23
168	193	62
170	193	26
171	193	85
172	193	23
173	193	30
174	193	39
180	193	33
185	193	139
186	193	45
188	193	57
189	193	58
190	193	82
192	193	75
196	193	51
198	193	87
199	193	80
200	193	96
201	193	38
202	193	56
203	193	136
204	193	74
206	193	100
208	193	32
209	193	50
210	193	70
211	193	111
212	193	47
214	193	151
215	193	15
217	193	47
218	193	87
219	193	32
224	193	36
226	193	55
229	193	31
231	193	57
232	193	40
14	192	47
18	192	87
26	192	46
30	192	77
33	192	45
36	192	126
37	192	23
41	192	27
44	192	37
45	192	31
48	192	64
49	192	101
50	192	95
51	192	132
53	192	115
56	192	71
57	192	57
61	192	48
68	192	65
70	192	84
73	192	71
74	192	33
75	192	97
81	192	40
82	192	23
83	192	51
86	192	29
88	192	23
95	192	135
99	192	68
100	192	30
102	192	30
106	192	103
110	192	144
112	192	23
129	192	18
142	192	57
158	192	57
163	192	83
168	192	53
169	192	6
174	192	35
175	192	64
177	192	31
179	192	63
180	192	29
181	192	60
182	192	52
189	192	107
192	192	35
198	192	121
199	192	80
200	192	173
201	192	118
205	192	27
206	192	73
207	192	40
208	192	97
209	192	75
211	192	75
217	192	73
219	192	31
221	192	68
229	192	79
230	192	34
236	192	36
239	192	47
246	192	79
16	191	51
18	191	30
25	191	102
26	191	40
27	191	41
30	191	63
31	191	32
32	191	15
34	191	62
37	191	31
39	191	56
50	191	95
52	191	114
53	191	60
55	191	20
59	191	47
60	191	113
62	191	41
64	191	39
67	191	111
68	191	134
70	191	116
75	191	68
77	191	37
78	191	64
80	191	105
82	191	75
84	191	31
85	191	53
87	191	49
90	191	38
94	191	65
100	191	50
108	191	62
109	191	73
113	191	69
118	191	70
123	191	11
124	191	38
125	191	81
130	191	62
137	191	56
139	191	47
142	191	47
148	191	67
154	191	125
157	191	65
158	191	31
159	191	79
166	191	44
168	191	41
170	191	133
174	191	114
175	191	53
178	191	60
179	191	47
182	191	46
183	191	41
184	191	49
193	191	149
196	191	60
200	191	45
201	191	58
202	191	46
205	191	68
209	191	61
210	191	33
211	191	109
213	191	17
214	191	54
215	191	26
217	191	47
218	191	232
219	191	94
228	191	86
229	191	84
232	191	48
234	191	74
235	191	34
236	191	91
238	191	21
243	191	49
8	190	14
11	190	52
17	190	115
20	190	157
23	190	55
28	190	78
32	190	94
33	190	38
34	190	144
35	190	91
36	190	35
37	190	52
42	190	72
43	190	54
44	190	28
45	190	80
48	190	35
51	190	77
53	190	75
57	190	53
58	190	84
62	190	26
67	190	38
74	190	51
75	190	54
79	190	60
80	190	81
82	190	43
83	190	117
85	190	42
90	190	55
95	190	57
97	190	125
99	190	56
101	190	46
110	190	60
117	190	40
121	190	34
125	190	27
134	190	68
137	190	87
150	190	59
155	190	87
164	190	55
169	190	71
170	190	82
172	190	79
173	190	17
174	190	31
176	190	60
177	190	50
178	190	133
179	190	96
180	190	43
183	190	92
185	190	20
186	190	63
189	190	66
190	190	138
191	190	47
193	190	140
195	190	58
196	190	70
205	190	34
206	190	122
207	190	150
208	190	147
210	190	48
211	190	13
213	190	169
216	190	111
218	190	64
219	190	74
224	190	78
227	190	42
236	190	46
239	190	67
242	190	66
12	189	62
15	189	51
20	189	45
21	189	40
22	189	51
23	189	152
24	189	51
27	189	32
28	189	24
30	189	59
32	189	55
33	189	30
35	189	43
38	189	28
39	189	111
48	189	47
50	189	83
56	189	46
57	189	97
58	189	22
59	189	32
60	189	51
76	189	4
77	189	38
81	189	17
83	189	108
84	189	57
95	189	41
98	189	59
99	189	42
101	189	101
104	189	62
109	189	26
115	189	96
124	189	68
130	189	55
137	189	167
138	189	67
141	189	25
148	189	36
153	189	44
155	189	83
158	189	63
161	189	36
169	189	38
171	189	52
172	189	91
177	189	62
178	189	54
179	189	99
180	189	103
181	189	56
184	189	54
185	189	58
186	189	39
188	189	69
190	189	55
191	189	59
192	189	112
194	189	52
196	189	57
197	189	50
198	189	47
200	189	39
202	189	42
205	189	71
208	189	44
209	189	28
213	189	164
214	189	45
217	189	56
219	189	63
220	189	71
221	189	68
222	189	67
223	189	103
226	189	57
228	189	75
232	189	33
234	189	129
18	188	35
21	188	83
22	188	85
23	188	41
26	188	15
33	188	50
39	188	104
40	188	67
41	188	55
42	188	31
43	188	81
44	188	122
48	188	118
52	188	76
61	188	53
76	188	84
79	188	61
80	188	146
81	188	37
88	188	27
93	188	42
98	188	63
104	188	26
107	188	7
117	188	51
121	188	21
124	188	22
125	188	28
129	188	66
131	188	25
132	188	28
134	188	25
136	188	16
137	188	134
140	188	40
156	188	26
162	188	20
165	188	48
166	188	16
171	188	154
172	188	23
176	188	128
178	188	79
179	188	62
180	188	42
181	188	51
188	188	54
189	188	53
191	188	56
196	188	79
199	188	56
203	188	55
206	188	184
208	188	56
209	188	38
210	188	70
212	188	64
214	188	24
218	188	79
219	188	48
224	188	94
225	188	32
241	188	49
244	188	87
20	187	68
26	187	74
28	187	42
32	187	126
34	187	70
36	187	44
37	187	61
38	187	43
40	187	59
41	187	52
46	187	35
49	187	39
52	187	46
53	187	31
61	187	86
73	187	16
76	187	74
78	187	96
81	187	61
86	187	17
89	187	36
93	187	32
95	187	31
101	187	16
104	187	66
105	187	46
107	187	39
115	187	121
121	187	34
128	187	52
129	187	12
130	187	112
135	187	57
139	187	82
141	187	95
143	187	41
147	187	43
151	187	27
153	187	35
154	187	54
157	187	47
165	187	40
166	187	42
167	187	56
168	187	34
169	187	141
172	187	44
177	187	51
178	187	55
180	187	128
183	187	98
184	187	90
186	187	38
188	187	31
190	187	28
191	187	14
193	187	90
194	187	41
196	187	59
198	187	48
201	187	53
202	187	29
204	187	116
207	187	150
208	187	84
211	187	60
212	187	123
213	187	73
214	187	30
215	187	67
223	187	143
224	187	174
226	187	18
227	187	120
232	187	121
236	187	66
8	186	88
19	186	58
20	186	69
29	186	46
30	186	31
31	186	117
32	186	54
34	186	59
38	186	38
39	186	46
42	186	85
43	186	82
44	186	50
46	186	93
48	186	90
52	186	18
53	186	97
55	186	57
61	186	81
68	186	47
69	186	93
70	186	25
71	186	44
72	186	59
76	186	58
77	186	30
81	186	57
83	186	104
84	186	256
85	186	42
87	186	44
93	186	36
94	186	126
97	186	66
99	186	56
106	186	55
107	186	42
108	186	15
126	186	34
127	186	103
128	186	48
130	186	91
131	186	29
133	186	47
134	186	88
135	186	79
136	186	66
144	186	121
146	186	39
159	186	61
160	186	44
161	186	27
165	186	63
166	186	64
167	186	43
168	186	46
169	186	126
171	186	67
172	186	45
173	186	156
174	186	55
176	186	41
181	186	59
183	186	24
185	186	77
186	186	141
187	186	48
188	186	70
189	186	75
191	186	56
192	186	27
193	186	22
195	186	75
196	186	101
198	186	75
201	186	52
203	186	68
205	186	180
211	186	23
212	186	150
214	186	17
218	186	21
219	186	24
223	186	42
224	186	56
228	186	46
230	186	82
235	186	4
237	186	16
238	186	50
241	186	60
243	186	36
10	185	36
17	185	30
20	185	61
21	185	69
26	185	18
28	185	109
29	185	125
33	185	96
34	185	48
41	185	45
43	185	85
44	185	28
46	185	49
47	185	151
49	185	38
50	185	57
51	185	78
52	185	30
53	185	46
55	185	73
58	185	59
69	185	25
70	185	62
74	185	83
77	185	73
88	185	38
90	185	60
93	185	59
96	185	61
100	185	27
103	185	25
104	185	39
132	185	63
140	185	57
142	185	25
147	185	55
157	185	33
159	185	116
160	185	62
164	185	53
165	185	20
169	185	203
171	185	71
172	185	137
173	185	35
175	185	49
178	185	85
179	185	43
180	185	75
181	185	66
182	185	51
186	185	140
188	185	75
192	185	81
193	185	61
195	185	101
196	185	34
198	185	21
199	185	36
204	185	89
206	185	37
207	185	110
208	185	60
209	185	67
213	185	41
214	185	173
219	185	112
220	185	57
225	185	37
226	185	92
228	185	83
230	185	61
231	185	81
232	185	81
234	185	75
236	185	42
240	185	80
8	184	41
11	184	76
17	184	46
22	184	66
23	184	51
27	184	66
28	184	190
29	184	79
31	184	38
33	184	88
43	184	119
44	184	56
45	184	65
54	184	78
60	184	45
61	184	60
62	184	108
67	184	54
68	184	42
73	184	42
76	184	48
79	184	71
80	184	79
82	184	75
85	184	58
89	184	14
92	184	33
93	184	46
99	184	66
100	184	27
108	184	38
126	184	52
127	184	52
128	184	101
129	184	30
130	184	48
131	184	81
133	184	77
136	184	61
137	184	34
141	184	61
142	184	50
146	184	68
148	184	85
149	184	55
151	184	53
152	184	117
154	184	37
161	184	26
162	184	84
163	184	52
171	184	133
174	184	59
175	184	59
180	184	5
184	184	83
185	184	67
187	184	53
188	184	56
191	184	73
196	184	24
200	184	68
202	184	9
203	184	45
204	184	115
206	184	86
208	184	16
210	184	47
211	184	56
212	184	33
217	184	34
218	184	26
219	184	62
221	184	120
226	184	89
229	184	46
232	184	14
233	184	136
10	183	82
11	183	37
12	183	78
25	183	20
26	183	39
29	183	85
34	183	60
39	183	79
44	183	49
45	183	21
48	183	65
55	183	41
57	183	49
60	183	51
61	183	55
66	183	34
70	183	35
71	183	22
72	183	43
73	183	88
74	183	18
75	183	74
77	183	77
83	183	83
85	183	31
88	183	79
92	183	74
93	183	63
95	183	5
96	183	84
103	183	57
108	183	22
110	183	30
114	183	16
118	183	56
124	183	62
125	183	121
127	183	67
128	183	74
129	183	109
133	183	150
135	183	38
150	183	99
152	183	72
154	183	29
156	183	45
157	183	63
159	183	56
172	183	25
173	183	132
176	183	26
177	183	185
178	183	58
182	183	37
185	183	55
186	183	93
190	183	69
192	183	137
193	183	23
195	183	96
199	183	51
201	183	69
204	183	66
207	183	52
209	183	60
210	183	27
211	183	24
213	183	49
214	183	35
215	183	56
217	183	40
219	183	81
221	183	109
222	183	45
224	183	114
227	183	50
230	183	64
234	183	50
236	183	183
241	183	73
242	183	103
245	183	30
10	182	95
11	182	63
17	182	84
20	182	52
22	182	38
28	182	24
32	182	129
33	182	27
34	182	40
36	182	60
37	182	25
38	182	81
41	182	140
42	182	40
48	182	65
50	182	69
52	182	57
54	182	49
60	182	54
63	182	50
66	182	70
68	182	93
70	182	66
72	182	57
74	182	49
75	182	50
77	182	60
78	182	47
79	182	71
80	182	86
84	182	31
87	182	75
93	182	97
97	182	37
99	182	60
104	182	26
105	182	85
112	182	48
126	182	63
127	182	65
128	182	194
132	182	92
134	182	64
136	182	76
137	182	66
138	182	56
142	182	126
143	182	65
151	182	44
152	182	42
161	182	32
162	182	74
164	182	78
167	182	8
170	182	29
171	182	77
172	182	88
173	182	190
177	182	33
179	182	67
180	182	127
181	182	34
183	182	58
185	182	52
189	182	59
192	182	69
193	182	77
195	182	120
196	182	36
198	182	51
204	182	52
209	182	37
211	182	60
213	182	108
214	182	21
215	182	142
216	182	68
218	182	73
219	182	122
220	182	70
224	182	121
225	182	165
226	182	31
233	182	16
234	182	19
235	182	166
236	182	68
242	182	41
244	182	38
245	182	47
247	182	57
11	181	30
17	181	91
18	181	48
20	181	74
21	181	59
26	181	134
27	181	29
33	181	49
37	181	55
40	181	58
45	181	59
47	181	121
49	181	102
50	181	52
52	181	18
53	181	150
59	181	44
67	181	92
71	181	66
74	181	69
75	181	45
78	181	61
80	181	51
84	181	38
85	181	70
87	181	32
89	181	81
91	181	55
92	181	36
93	181	68
95	181	5
96	181	80
97	181	39
102	181	51
104	181	36
111	181	69
117	181	86
118	181	57
120	181	73
125	181	29
126	181	242
128	181	27
130	181	50
133	181	42
136	181	93
137	181	80
139	181	91
143	181	80
145	181	112
149	181	41
150	181	88
152	181	63
164	181	102
166	181	34
167	181	100
168	181	10
171	181	81
172	181	147
173	181	29
174	181	52
178	181	27
180	181	73
183	181	51
185	181	41
186	181	41
192	181	57
194	181	39
195	181	82
199	181	79
208	181	51
209	181	62
210	181	66
211	181	21
213	181	49
214	181	53
218	181	109
219	181	77
221	181	47
222	181	158
223	181	54
224	181	23
225	181	42
226	181	97
228	181	54
231	181	50
232	181	47
234	181	36
236	181	53
245	181	35
246	181	62
24	180	34
26	180	24
32	180	43
33	180	60
34	180	63
38	180	41
40	180	87
41	180	39
42	180	51
43	180	32
55	180	46
56	180	82
58	180	69
62	180	77
63	180	56
66	180	55
68	180	20
76	180	82
77	180	46
78	180	110
79	180	63
72	245	58
81	245	44
88	245	34
95	245	47
103	245	38
110	245	58
41	244	53
60	244	61
61	244	19
65	244	14
71	244	56
76	244	42
85	244	76
88	244	34
95	244	32
110	244	28
154	244	18
155	244	63
156	244	33
186	244	40
45	243	23
58	243	46
60	243	62
61	243	60
71	243	69
72	243	25
76	243	56
77	243	56
83	243	67
84	243	54
92	243	62
95	243	41
99	243	40
107	243	56
153	243	76
154	243	17
171	243	23
184	243	80
189	243	17
204	243	38
43	242	57
47	242	77
61	242	45
62	242	88
67	242	43
69	242	63
75	242	46
79	242	95
82	242	66
85	242	41
86	242	35
90	242	190
91	242	88
101	242	8
114	242	62
116	242	72
125	242	76
126	242	19
127	242	55
136	242	37
141	242	82
150	242	39
156	242	36
179	242	81
182	242	71
187	242	62
189	242	29
193	242	26
47	241	131
53	241	57
59	241	65
61	241	67
62	241	43
66	241	59
78	241	16
83	241	86
92	241	23
101	241	40
108	241	41
111	241	70
112	241	39
113	241	85
114	241	79
116	241	41
118	241	48
119	241	68
121	241	80
135	241	40
150	241	50
160	241	77
183	241	34
192	241	46
212	241	53
31	240	48
32	240	70
49	240	87
57	240	58
63	240	57
64	240	71
66	240	37
73	240	54
74	240	79
84	240	28
90	240	39
92	240	74
93	240	64
100	240	98
105	240	48
107	240	30
113	240	37
119	240	76
129	240	47
141	240	42
147	240	42
149	240	38
155	240	60
165	240	63
166	240	49
190	240	62
191	240	68
198	240	51
211	240	47
219	240	24
222	240	128
26	239	28
36	239	34
47	239	73
50	239	18
61	239	38
66	239	22
68	239	98
73	239	39
74	239	79
75	239	24
79	239	60
81	239	107
82	239	32
83	239	105
84	239	27
88	239	103
89	239	60
90	239	29
95	239	92
96	239	99
97	239	52
119	239	195
122	239	54
127	239	51
128	239	41
137	239	68
160	239	29
169	239	18
173	239	19
175	239	51
177	239	22
183	239	39
184	239	60
186	239	59
193	239	70
196	239	50
197	239	48
198	239	46
199	239	44
203	239	27
204	239	49
211	239	40
215	239	25
42	238	41
61	238	54
63	238	68
66	238	42
68	238	85
69	238	47
71	238	20
72	238	38
75	238	54
76	238	19
77	238	82
78	238	41
79	238	126
80	238	33
81	238	30
82	238	57
83	238	85
87	238	35
90	238	31
92	238	56
94	238	54
95	238	37
100	238	65
105	238	25
106	238	38
121	238	46
127	238	52
129	238	52
131	238	46
133	238	36
149	238	119
150	238	119
156	238	92
158	238	42
159	238	59
167	238	57
169	238	67
171	238	36
177	238	28
178	238	52
180	238	32
182	238	24
183	238	44
185	238	54
187	238	42
188	238	207
191	238	7
193	238	50
197	238	40
212	238	61
215	238	20
216	238	79
25	237	66
40	237	76
51	237	76
63	237	48
67	237	79
68	237	52
72	237	92
73	237	49
75	237	56
77	237	44
81	237	48
85	237	51
86	237	106
87	237	97
92	237	144
93	237	85
95	237	49
96	237	82
100	237	67
102	237	22
107	237	34
113	237	56
120	237	54
122	237	59
124	237	22
133	237	31
136	237	71
148	237	41
152	237	48
153	237	35
155	237	103
167	237	44
171	237	52
177	237	27
181	237	152
192	237	55
194	237	59
199	237	22
205	237	28
207	237	63
210	237	77
211	237	21
213	237	33
216	237	68
217	237	27
21	236	55
34	236	35
37	236	81
41	236	141
42	236	65
43	236	70
49	236	45
54	236	51
55	236	52
57	236	13
58	236	32
59	236	24
62	236	32
68	236	100
69	236	71
70	236	71
73	236	110
74	236	105
76	236	57
77	236	125
82	236	65
84	236	34
85	236	87
87	236	25
88	236	49
89	236	77
92	236	16
93	236	26
95	236	69
96	236	15
97	236	83
105	236	91
108	236	36
112	236	86
113	236	52
121	236	59
127	236	87
150	236	74
176	236	48
181	236	63
184	236	101
185	236	90
186	236	89
193	236	79
194	236	71
195	236	32
196	236	142
197	236	42
201	236	122
202	236	92
205	236	18
207	236	49
211	236	96
213	236	32
223	236	41
231	236	22
46	235	65
48	235	71
49	235	49
51	235	110
63	235	83
66	235	35
67	235	69
68	235	77
71	235	48
74	235	44
76	235	22
77	235	39
80	235	86
81	235	77
82	235	42
83	235	17
84	235	53
86	235	163
89	235	7
91	235	108
92	235	52
94	235	44
95	235	81
97	235	61
98	235	70
99	235	95
100	235	46
107	235	39
137	235	30
141	235	70
144	235	53
145	235	116
158	235	35
163	235	54
165	235	53
166	235	46
170	235	64
171	235	28
172	235	33
173	235	43
174	235	23
178	235	24
180	235	3
181	235	95
182	235	80
184	235	41
191	235	57
194	235	35
198	235	72
200	235	78
211	235	61
24	234	46
38	234	83
39	234	66
40	234	113
41	234	98
45	234	58
49	234	105
51	234	122
53	234	48
55	234	28
56	234	47
57	234	31
60	234	36
66	234	82
68	234	70
69	234	43
70	234	47
72	234	80
74	234	43
77	234	17
79	234	25
80	234	62
83	234	148
85	234	81
86	234	47
87	234	61
88	234	64
89	234	39
91	234	34
95	234	62
97	234	39
98	234	52
110	234	62
112	234	60
118	234	49
119	234	27
121	234	25
127	234	101
129	234	45
133	234	33
150	234	13
158	234	77
162	234	47
170	234	100
171	234	27
174	234	88
175	234	26
177	234	54
179	234	125
181	234	80
182	234	44
183	234	106
184	234	57
185	234	101
187	234	75
193	234	36
196	234	47
197	234	65
200	234	60
202	234	24
206	234	90
207	234	151
208	234	52
212	234	74
213	234	56
215	234	96
224	234	102
225	234	91
229	234	100
18	233	56
26	233	51
44	233	47
46	233	58
50	233	77
55	233	24
57	233	70
61	233	48
62	233	45
67	233	90
73	233	28
76	233	109
77	233	143
81	233	52
86	233	68
87	233	51
88	233	75
92	233	66
98	233	69
99	233	47
100	233	37
117	233	38
118	233	21
127	233	24
128	233	45
131	233	30
132	233	38
140	233	35
153	233	48
156	233	76
163	233	54
171	233	34
175	233	77
177	233	98
179	233	102
180	233	43
182	233	26
184	233	34
185	233	113
186	233	39
187	233	21
188	233	54
189	233	152
190	233	55
191	233	73
192	233	40
194	233	168
196	233	13
202	233	66
203	233	128
204	233	51
205	233	88
207	233	45
220	233	65
226	233	71
230	233	14
38	232	41
44	232	114
46	232	45
50	232	48
54	232	42
55	232	62
56	232	87
57	232	73
60	232	103
61	232	59
62	232	53
63	232	74
64	232	45
65	232	44
71	232	71
79	232	30
80	232	58
84	232	59
85	232	160
86	232	69
89	232	28
91	232	11
92	232	56
94	232	109
96	232	117
97	232	38
98	232	79
109	232	41
114	232	113
115	232	67
120	232	15
121	232	57
130	232	41
143	232	86
144	232	66
158	232	62
159	232	59
163	232	90
169	232	47
170	232	40
178	232	64
182	232	46
183	232	58
184	232	33
186	232	55
187	232	85
188	232	12
192	232	60
204	232	70
211	232	63
237	232	40
17	231	44
26	231	37
36	231	55
41	231	11
44	231	25
54	231	97
55	231	64
58	231	30
60	231	39
62	231	57
72	231	54
73	231	38
74	231	52
75	231	28
77	231	41
80	231	72
82	231	43
84	231	36
91	231	49
93	231	67
96	231	63
97	231	59
105	231	59
106	231	70
107	231	93
108	231	59
109	231	47
117	231	18
124	231	31
133	231	51
138	231	54
142	231	45
152	231	20
153	231	57
159	231	30
161	231	50
168	231	108
170	231	98
174	231	37
176	231	7
177	231	37
179	231	83
180	231	50
183	231	131
185	231	48
186	231	107
189	231	73
191	231	82
193	231	91
198	231	61
199	231	28
204	231	54
206	231	19
209	231	86
213	231	44
214	231	82
239	231	103
33	230	47
34	230	27
36	230	19
44	230	35
52	230	103
58	230	86
60	230	49
61	230	23
70	230	74
73	230	29
77	230	42
82	230	16
83	230	33
91	230	37
93	230	73
94	230	77
96	230	37
100	230	43
114	230	103
119	230	34
120	230	67
124	230	21
126	230	53
129	230	24
149	230	32
157	230	38
164	230	52
166	230	81
167	230	59
172	230	65
174	230	69
177	230	23
178	230	66
181	230	43
182	230	76
183	230	41
185	230	16
194	230	77
196	230	40
197	230	73
202	230	27
203	230	47
205	230	49
206	230	115
207	230	49
214	230	63
217	230	65
218	230	30
223	230	60
34	229	81
41	229	49
42	229	32
54	229	59
55	229	25
57	229	22
58	229	175
61	229	31
62	229	69
63	229	71
66	229	49
68	229	99
69	229	85
70	229	29
71	229	78
75	229	89
80	229	46
81	229	112
85	229	29
88	229	38
89	229	68
91	229	84
92	229	50
93	229	91
95	229	76
98	229	20
101	229	16
107	229	19
110	229	26
113	229	65
123	229	56
124	229	88
125	229	52
133	229	52
151	229	32
166	229	59
167	229	29
171	229	56
173	229	67
177	229	49
179	229	93
184	229	66
185	229	86
187	229	66
194	229	52
197	229	18
198	229	95
200	229	35
203	229	63
207	229	91
208	229	38
221	229	28
237	229	92
36	228	87
37	228	42
40	228	59
47	228	20
66	228	82
72	228	48
77	228	38
79	228	89
82	228	124
84	228	72
87	228	39
91	228	59
95	228	34
96	228	58
97	228	57
99	228	47
104	228	122
107	228	43
116	228	84
126	228	64
127	228	38
135	228	59
144	228	57
149	228	63
150	228	58
154	228	66
158	228	87
159	228	33
161	228	57
164	228	109
165	228	102
167	228	71
178	228	117
179	228	27
180	228	54
181	228	88
183	228	63
186	228	71
187	228	52
188	228	88
190	228	168
195	228	97
198	228	57
199	228	38
201	228	15
202	228	50
203	228	47
207	228	25
208	228	106
212	228	53
213	228	70
215	228	25
217	228	40
236	228	36
23	227	16
28	227	30
32	227	51
38	227	65
40	227	47
44	227	83
50	227	56
52	227	134
60	227	80
66	227	68
68	227	59
73	227	52
74	227	56
76	227	32
78	227	41
79	227	44
81	227	45
82	227	113
83	227	55
84	227	180
86	227	56
87	227	70
88	227	33
89	227	28
95	227	54
97	227	63
106	227	35
107	227	24
108	227	28
114	227	28
115	227	47
117	227	56
119	227	82
122	227	45
127	227	31
142	227	59
146	227	68
149	227	35
157	227	7
159	227	63
161	227	134
162	227	37
164	227	23
165	227	101
169	227	39
173	227	42
184	227	72
186	227	70
190	227	62
191	227	81
194	227	63
195	227	113
196	227	60
197	227	48
198	227	25
209	227	46
214	227	46
216	227	57
219	227	72
221	227	70
222	227	52
224	227	128
225	227	93
226	227	49
230	227	49
33	226	86
38	226	51
51	226	29
53	226	60
56	226	29
60	226	58
61	226	122
63	226	42
64	226	113
65	226	70
67	226	80
74	226	37
78	226	69
82	226	57
84	226	130
85	226	77
86	226	110
88	226	119
90	226	61
92	226	76
93	226	9
96	226	61
102	226	22
109	226	55
114	226	64
117	226	88
119	226	77
128	226	45
132	226	68
133	226	142
153	226	48
161	226	28
162	226	26
163	226	43
164	226	132
167	226	79
168	226	68
169	226	72
172	226	71
174	226	36
177	226	84
179	226	166
180	226	25
181	226	54
183	226	27
188	226	72
189	226	37
190	226	59
191	226	29
192	226	18
194	226	147
204	226	117
205	226	57
208	226	52
211	226	56
216	226	71
224	226	55
225	226	56
35	225	20
61	225	61
62	225	68
67	225	19
72	225	42
75	225	29
81	225	19
82	225	57
83	225	76
84	225	118
85	225	34
87	225	131
88	225	51
89	225	17
90	225	56
91	225	30
93	225	62
94	225	12
98	225	85
108	225	30
110	225	62
117	225	93
123	225	31
127	225	52
134	225	40
145	225	59
149	225	11
152	225	13
155	225	188
161	225	74
162	225	25
164	225	20
166	225	32
169	225	68
171	225	101
172	225	184
173	225	16
174	225	38
176	225	16
178	225	121
180	225	143
181	225	134
182	225	95
184	225	29
185	225	51
187	225	174
188	225	17
189	225	88
191	225	117
193	225	126
196	225	62
203	225	62
204	225	34
213	225	32
223	225	42
224	225	60
233	225	42
244	225	29
25	224	37
27	224	147
34	224	151
37	224	90
38	224	122
39	224	28
42	224	70
43	224	28
49	224	64
51	224	75
60	224	38
62	224	64
63	224	87
67	224	21
68	224	62
70	224	86
71	224	62
73	224	18
74	224	97
75	224	33
76	224	97
78	224	59
79	224	64
83	224	72
85	224	90
87	224	49
89	224	68
94	224	48
95	224	67
109	224	28
117	224	52
132	224	34
135	224	54
145	224	71
154	224	50
156	224	101
159	224	70
160	224	33
167	224	39
170	224	190
173	224	18
178	224	85
179	224	72
181	224	44
182	224	75
184	224	160
186	224	35
187	224	154
190	224	24
191	224	30
192	224	79
197	224	66
200	224	83
201	224	37
208	224	19
212	224	17
213	224	137
216	224	54
239	224	98
22	223	11
31	223	84
33	223	13
38	223	46
40	223	58
43	223	39
48	223	45
49	223	44
51	223	40
61	223	139
63	223	38
65	223	11
68	223	41
69	223	68
72	223	67
74	223	11
79	223	32
81	223	60
83	223	40
85	223	42
86	223	30
87	223	46
88	223	188
93	223	21
95	223	43
100	223	70
108	223	67
131	223	70
139	223	32
149	223	21
164	223	63
165	223	16
167	223	65
168	223	89
169	223	33
172	223	22
173	223	23
174	223	39
175	223	38
178	223	57
180	223	46
181	223	54
182	223	33
184	223	7
185	223	64
187	223	23
188	223	104
189	223	49
190	223	40
192	223	161
197	223	60
199	223	73
200	223	87
206	223	47
210	223	49
213	223	67
216	223	64
218	223	74
221	223	84
233	223	61
19	222	71
21	222	62
37	222	21
39	222	52
40	222	49
43	222	25
46	222	46
49	222	75
57	222	25
58	222	23
59	222	18
60	222	15
61	222	146
62	222	68
63	222	33
66	222	41
67	222	62
69	222	55
79	222	26
80	222	40
81	222	92
82	222	55
87	222	35
89	222	56
91	222	38
93	222	50
95	222	54
100	222	25
101	222	73
102	222	80
111	222	77
112	222	58
116	222	29
119	222	59
140	222	45
141	222	149
142	222	20
145	222	22
147	222	24
155	222	34
158	222	27
159	222	44
160	222	50
163	222	56
164	222	56
165	222	218
166	222	72
169	222	58
173	222	77
178	222	40
179	222	172
181	222	42
184	222	25
186	222	59
187	222	146
189	222	114
190	222	102
192	222	46
196	222	88
197	222	33
198	222	60
200	222	68
202	222	56
207	222	43
212	222	25
221	222	60
228	222	46
231	222	42
235	222	64
238	222	35
17	221	72
19	221	108
29	221	63
37	221	43
40	221	87
44	221	85
45	221	118
46	221	37
48	221	29
49	221	103
50	221	53
51	221	40
55	221	31
57	221	47
62	221	30
63	221	24
66	221	23
70	221	53
71	221	148
72	221	57
73	221	86
74	221	150
75	221	67
76	221	81
77	221	66
82	221	66
85	221	68
86	221	79
89	221	21
93	221	72
95	221	28
100	221	90
107	221	46
110	221	23
114	221	57
115	221	90
120	221	17
127	221	48
132	221	48
134	221	52
137	221	20
144	221	54
146	221	50
148	221	48
153	221	111
155	221	32
156	221	41
160	221	89
161	221	106
162	221	31
164	221	54
167	221	88
171	221	12
173	221	141
174	221	59
175	221	107
180	221	79
181	221	82
182	221	38
183	221	93
185	221	29
186	221	51
187	221	30
188	221	115
190	221	172
192	221	72
193	221	121
194	221	82
199	221	16
201	221	60
202	221	67
204	221	15
205	221	84
207	221	15
208	221	123
209	221	51
213	221	67
217	221	57
223	221	59
16	220	87
18	220	70
24	220	30
31	220	54
33	220	27
39	220	89
42	220	50
43	220	27
49	220	49
54	220	71
58	220	56
60	220	64
63	220	39
67	220	40
68	220	56
69	220	52
72	220	30
73	220	76
76	220	117
77	220	151
81	220	19
82	220	42
86	220	93
90	220	78
93	220	162
96	220	140
97	220	75
109	220	67
110	220	40
136	220	52
139	220	48
140	220	62
145	220	54
159	220	97
160	220	123
161	220	35
162	220	60
165	220	75
168	220	77
170	220	75
172	220	76
173	220	75
180	220	133
181	220	135
182	220	53
183	220	59
184	220	188
186	220	79
189	220	91
190	220	53
193	220	44
194	220	23
195	220	20
198	220	86
199	220	66
200	220	93
203	220	80
206	220	41
208	220	130
210	220	55
213	220	52
214	220	79
218	220	30
219	220	41
220	220	42
223	220	38
226	220	89
234	220	36
13	219	74
30	219	71
32	219	85
38	219	25
39	219	13
43	219	28
44	219	45
49	219	27
51	219	123
53	219	33
62	219	74
63	219	50
66	219	26
67	219	28
68	219	34
69	219	42
74	219	32
76	219	59
81	219	13
82	219	52
83	219	62
87	219	74
92	219	24
93	219	43
94	219	51
95	219	54
97	219	62
105	219	45
107	219	54
111	219	34
112	219	21
114	219	44
121	219	66
141	219	47
145	219	82
149	219	41
150	219	66
152	219	48
155	219	44
156	219	21
162	219	125
163	219	95
164	219	78
168	219	17
169	219	104
171	219	32
175	219	40
178	219	75
179	219	117
180	219	71
182	219	106
183	219	80
184	219	40
185	219	63
186	219	46
187	219	53
188	219	52
190	219	74
191	219	50
193	219	79
194	219	99
196	219	136
197	219	33
199	219	83
203	219	56
213	219	88
214	219	72
216	219	22
221	219	33
226	219	57
230	219	60
236	219	66
245	219	57
33	218	96
34	218	51
35	218	89
39	218	20
46	218	45
47	218	54
48	218	81
52	218	35
61	218	31
62	218	91
65	218	34
67	218	97
68	218	27
69	218	106
70	218	115
80	218	45
81	218	39
91	218	76
102	218	63
109	218	49
114	218	102
116	218	54
129	218	20
144	218	19
149	218	70
157	218	90
158	218	62
159	218	87
161	218	85
162	218	45
163	218	60
166	218	33
167	218	61
170	218	70
172	218	26
174	218	43
175	218	39
176	218	76
178	218	56
179	218	139
181	218	118
183	218	42
184	218	63
186	218	99
189	218	54
192	218	41
194	218	112
195	218	70
196	218	56
198	218	106
199	218	80
202	218	25
206	218	35
210	218	46
211	218	29
212	218	117
213	218	91
214	218	91
220	218	46
226	218	123
227	218	64
230	218	80
231	218	20
239	218	39
243	218	89
20	217	13
32	217	46
34	217	81
37	217	106
40	217	11
44	217	36
47	217	47
48	217	161
52	217	86
55	217	38
57	217	43
58	217	86
64	217	54
67	217	30
68	217	45
69	217	71
70	217	23
73	217	42
74	217	86
75	217	154
77	217	142
83	217	45
84	217	95
87	217	44
88	217	65
89	217	27
90	217	33
91	217	61
94	217	46
96	217	68
107	217	48
110	217	54
123	217	34
127	217	10
139	217	68
150	217	47
158	217	30
170	217	40
171	217	129
172	217	45
173	217	148
174	217	186
177	217	60
178	217	118
181	217	13
182	217	202
184	217	34
185	217	31
186	217	51
189	217	30
191	217	26
194	217	81
197	217	42
202	217	44
203	217	48
205	217	81
211	217	92
212	217	120
213	217	135
218	217	41
220	217	60
221	217	79
222	217	43
225	217	59
226	217	59
228	217	48
18	216	75
31	216	15
38	216	57
51	216	66
56	216	37
57	216	130
58	216	25
65	216	31
67	216	66
68	216	37
85	216	30
88	216	67
89	216	106
90	216	34
95	216	68
99	216	68
100	216	45
105	216	24
114	216	60
120	216	51
129	216	33
143	216	37
148	216	59
149	216	42
158	216	143
159	216	92
160	216	28
162	216	24
163	216	48
164	216	18
165	216	118
171	216	128
172	216	63
173	216	20
174	216	12
176	216	18
177	216	153
178	216	87
179	216	174
180	216	151
181	216	36
183	216	43
184	216	31
186	216	90
187	216	63
188	216	59
189	216	45
190	216	54
196	216	36
198	216	30
201	216	170
202	216	114
205	216	37
206	216	57
217	216	48
218	216	87
17	215	39
32	215	147
33	215	81
38	215	152
44	215	57
45	215	53
46	215	56
47	215	12
48	215	23
50	215	38
53	215	68
55	215	31
57	215	20
60	215	48
62	215	75
64	215	23
65	215	22
67	215	26
68	215	73
71	215	46
75	215	95
79	215	65
81	215	121
84	215	48
85	215	82
97	215	34
102	215	37
104	215	48
105	215	70
106	215	61
122	215	113
126	215	56
129	215	109
133	215	53
152	215	59
158	215	39
163	215	42
166	215	45
167	215	54
168	215	49
173	215	103
177	215	140
178	215	138
179	215	79
182	215	40
183	215	134
187	215	65
191	215	74
192	215	74
195	215	81
# chipNumber: 4
# chipName:   G 10 W69
# numHits:    1
18	110	44
# chipNumber: 5
# chipName:   D 9 W69
# numHits:    0
# chipNumber: 6
# chipName:   L 8 W69
# numHits:    2
166	233	11810
234	203	11810
