## [General]
## runNumber:        241
## runTime:       	 7200
## runTimeFrames: 	 0
## pathName:         data/runs/Run_241_181022-16-16
## dateTime:         2018-10-22.16:52:09
## numChips:         7
## shutterTime:      30
## shutterMode:      verylong
## runMode:          0
## fastClock:        0
## externalTrigger:  0
## [Event]
## eventNumber:      2830
## useHvFadc:    	 1
## fadcReadout:    	 1
## szint1ClockInt:	 0
## szint2ClockInt:	 4095
## fadcTriggerClock: 0
# chipNumber: 0
# chipName:   E 6 W69
# numHits:    51
236	238	62
199	235	54
200	235	68
88	227	42
154	225	67
148	223	63
149	223	32
189	222	26
240	222	29
90	221	47
84	219	50
38	218	48
241	217	49
242	217	23
200	215	30
43	213	31
74	212	43
135	212	44
23	211	52
52	210	47
202	210	34
153	208	82
82	206	36
156	206	15
86	204	19
63	202	32
176	201	53
161	197	27
244	197	53
37	195	34
61	194	90
201	193	57
32	192	66
72	192	52
95	192	75
22	191	60
44	191	41
51	191	62
73	188	19
143	185	74
88	180	28
99	180	38
12	176	44
54	172	70
62	168	43
63	167	66
60	166	62
191	166	12
62	165	67
54	157	39
110	153	26
# chipNumber: 1
# chipName:   K 6 W69
# numHits:    192
165	243	52
92	241	41
102	241	61
52	240	66
82	240	66
155	240	73
159	240	91
160	240	43
169	240	40
175	240	50
53	239	67
126	239	70
136	239	35
149	239	22
150	239	25
151	239	15
157	239	72
159	239	27
160	239	30
161	239	36
175	239	22
176	239	69
179	239	89
181	239	18
126	238	77
143	238	57
157	238	25
122	237	25
143	237	31
144	237	20
162	237	20
167	237	35
168	237	77
144	236	12
131	235	32
137	235	30
145	235	27
151	235	30
156	235	69
163	235	7
164	235	83
168	235	83
169	235	65
191	235	77
148	234	62
190	234	72
145	233	64
154	233	20
158	233	104
159	233	48
191	233	29
33	232	64
142	232	61
150	232	60
155	232	30
159	232	140
161	232	75
165	232	16
169	232	30
173	232	28
174	232	42
187	232	22
131	231	32
142	231	27
143	231	31
244	231	65
69	230	41
136	230	33
138	230	22
155	230	37
161	230	46
162	230	69
174	230	70
176	230	21
196	230	58
129	229	24
133	229	50
141	229	19
147	229	17
154	229	54
156	229	71
159	229	59
161	229	28
162	229	65
164	229	19
180	229	51
13	228	58
139	228	44
145	228	27
154	228	53
165	228	96
168	228	71
169	228	25
172	228	24
139	227	71
140	227	84
151	227	10
159	227	39
164	227	67
172	227	25
175	227	18
177	227	87
145	226	67
154	226	34
158	226	97
163	226	68
170	226	56
53	225	54
144	225	48
152	225	67
153	225	64
158	225	59
159	225	69
160	225	16
161	225	29
185	225	47
36	224	33
39	224	64
54	224	73
168	224	42
177	224	19
180	224	51
199	224	9
40	223	49
52	223	18
142	223	37
154	223	71
160	223	43
165	223	73
191	223	41
57	222	52
70	222	52
154	222	26
161	222	26
162	222	21
170	222	62
177	222	45
66	221	51
92	221	46
136	221	45
154	221	44
170	221	73
177	221	43
140	220	13
247	220	24
145	219	43
156	219	10
166	219	70
207	219	33
133	218	31
145	218	49
156	218	43
196	218	48
28	217	54
143	217	19
162	217	52
167	217	64
167	216	65
170	216	55
57	215	52
149	215	49
167	215	91
155	214	122
178	214	42
54	213	35
159	213	26
164	213	45
179	211	56
183	211	72
125	210	81
166	210	26
181	210	30
45	208	40
32	207	61
45	207	28
185	207	58
186	207	30
60	206	35
150	205	16
153	205	27
60	204	59
150	204	50
153	204	91
72	203	17
150	203	43
158	203	67
18	201	45
168	196	37
50	193	38
160	193	40
104	192	48
157	192	45
# chipNumber: 2
# chipName:   H 9 W69
# numHits:    247
146	162	54
238	162	84
147	160	37
155	160	45
167	156	17
154	155	38
155	155	5
168	154	85
240	154	24
162	153	36
170	153	46
149	152	35
153	152	63
163	151	80
153	150	13
156	150	39
164	150	52
174	150	34
234	150	52
150	149	74
164	149	63
165	149	103
169	148	13
144	147	22
146	147	38
151	145	50
152	145	48
156	145	25
145	144	22
151	144	40
155	144	17
165	144	55
151	143	51
155	143	42
164	143	13
147	142	29
155	141	29
166	141	47
167	141	54
167	140	55
144	139	57
145	139	39
158	139	29
159	139	81
146	138	95
148	138	58
150	138	24
170	138	59
225	138	29
145	137	35
157	137	42
158	137	18
165	137	29
169	137	60
142	136	22
148	136	83
153	136	70
165	136	66
147	135	67
150	135	90
153	135	41
155	135	56
158	135	49
159	135	87
128	134	40
147	134	84
148	134	84
154	133	55
168	133	36
148	132	76
151	132	46
161	132	44
162	132	129
179	132	31
145	131	31
153	131	26
167	131	49
146	130	28
147	130	42
152	130	131
234	130	56
150	129	73
151	129	71
152	129	46
155	129	73
158	129	40
167	129	90
171	129	21
145	128	31
151	128	60
153	128	29
163	128	16
168	128	68
175	128	61
139	127	47
161	127	46
166	127	105
147	126	17
149	126	26
156	126	59
159	126	68
139	125	65
142	125	24
145	125	60
152	125	41
241	125	47
139	124	33
143	124	103
155	124	62
156	124	37
159	124	18
160	124	51
166	124	9
143	123	72
140	122	58
147	122	75
149	122	61
166	122	37
167	122	35
171	122	65
242	122	94
140	121	41
154	121	47
158	121	11
168	121	43
181	121	58
242	121	44
140	120	45
164	120	27
169	120	28
135	119	56
167	119	31
213	119	84
156	118	114
159	118	52
155	117	44
158	113	18
132	109	50
142	109	34
175	107	24
175	106	35
245	98	51
150	86	62
152	85	53
163	84	58
175	82	66
145	81	59
162	80	55
161	79	44
158	78	30
144	77	24
156	77	51
174	75	37
130	74	57
131	74	37
132	74	28
151	74	54
174	74	68
160	73	50
132	70	40
147	69	36
157	69	69
135	67	59
153	67	29
163	67	30
180	67	50
155	64	61
172	64	32
153	63	42
163	63	38
153	62	34
173	62	62
120	61	56
130	61	58
164	61	24
166	61	86
173	61	39
128	60	71
143	60	36
151	60	60
152	60	56
153	60	26
161	59	80
179	59	128
180	59	29
161	58	41
144	57	40
150	56	24
151	56	25
158	56	7
159	56	24
161	56	49
187	56	46
146	55	76
147	54	68
191	54	84
163	53	84
191	53	40
143	52	49
189	52	47
143	51	88
144	51	112
171	51	43
172	51	62
149	50	66
156	50	43
152	49	29
143	48	28
154	48	12
177	48	61
150	47	5
153	47	26
172	47	117
130	46	67
173	46	49
169	44	75
178	44	26
180	44	75
139	42	53
151	42	63
153	42	63
144	41	42
156	41	37
161	40	73
163	39	16
174	39	63
138	38	68
158	38	49
170	38	59
157	37	78
159	37	34
156	36	33
159	36	52
134	35	42
162	35	59
155	33	71
172	32	6
176	32	37
190	31	37
200	31	28
160	30	37
188	30	20
163	29	77
163	28	51
143	27	60
175	20	26
178	9	38
# chipNumber: 3
# chipName:   H 10 W69
# numHits:    20999
173	232	39
175	232	36
177	232	46
188	232	77
190	232	42
191	232	4
192	232	75
199	232	46
201	232	54
211	232	23
231	232	90
11	231	67
18	231	50
37	231	46
41	231	59
45	231	52
49	231	78
50	231	45
53	231	55
57	231	45
58	231	33
63	231	23
64	231	60
72	231	69
75	231	23
76	231	79
79	231	51
80	231	58
81	231	48
82	231	38
83	231	98
84	231	67
86	231	30
87	231	156
91	231	38
99	231	32
105	231	32
106	231	76
121	231	75
122	231	31
123	231	94
124	231	177
127	231	50
128	231	49
129	231	51
132	231	72
133	231	63
134	231	35
135	231	56
136	231	83
137	231	9
139	231	41
143	231	95
147	231	27
149	231	69
151	231	106
152	231	51
160	231	59
161	231	48
167	231	118
169	231	52
172	231	81
176	231	26
177	231	107
178	231	30
181	231	53
188	231	41
190	231	29
191	231	97
199	231	49
202	231	40
206	231	102
213	231	14
215	231	102
18	230	17
25	230	93
36	230	75
37	230	55
39	230	40
42	230	26
43	230	47
49	230	55
51	230	29
52	230	66
66	230	54
72	230	94
79	230	94
80	230	178
82	230	69
83	230	123
84	230	54
85	230	47
87	230	100
88	230	24
89	230	93
90	230	108
91	230	115
93	230	96
95	230	67
96	230	41
112	230	106
116	230	39
117	230	76
119	230	55
122	230	16
126	230	53
130	230	57
134	230	108
137	230	57
139	230	32
141	230	61
143	230	70
144	230	81
147	230	80
149	230	71
153	230	94
163	230	48
166	230	108
169	230	87
172	230	9
174	230	53
175	230	60
177	230	24
186	230	37
188	230	51
190	230	38
193	230	57
194	230	54
195	230	43
196	230	47
198	230	20
208	230	64
212	230	49
218	230	6
219	230	62
230	230	27
16	229	56
17	229	29
25	229	36
26	229	94
30	229	23
34	229	57
35	229	13
41	229	95
47	229	38
48	229	29
50	229	99
51	229	165
54	229	48
55	229	48
60	229	38
62	229	41
73	229	17
74	229	109
76	229	22
77	229	7
78	229	19
79	229	74
80	229	72
82	229	71
83	229	92
84	229	16
85	229	109
86	229	63
88	229	126
93	229	26
96	229	36
99	229	25
101	229	40
102	229	86
104	229	44
106	229	63
111	229	41
112	229	48
119	229	76
120	229	167
121	229	18
122	229	39
124	229	142
125	229	57
130	229	51
133	229	156
134	229	24
135	229	106
141	229	41
143	229	41
146	229	95
147	229	81
148	229	18
151	229	49
153	229	15
155	229	51
156	229	34
159	229	46
160	229	33
161	229	64
162	229	58
168	229	72
171	229	21
173	229	47
174	229	64
176	229	72
179	229	65
180	229	20
182	229	35
184	229	30
186	229	43
189	229	72
193	229	50
198	229	50
199	229	46
201	229	43
202	229	52
209	229	68
216	229	134
217	229	45
219	229	19
224	229	41
14	228	62
15	228	62
25	228	25
37	228	46
46	228	75
49	228	31
50	228	90
51	228	24
61	228	56
74	228	45
76	228	66
79	228	172
80	228	13
81	228	94
82	228	35
83	228	126
84	228	127
85	228	63
88	228	94
90	228	45
91	228	142
92	228	63
94	228	72
95	228	62
99	228	50
100	228	30
101	228	115
106	228	41
109	228	80
116	228	62
118	228	65
120	228	102
121	228	19
122	228	51
124	228	67
130	228	26
131	228	58
133	228	85
134	228	71
135	228	91
138	228	125
139	228	75
140	228	118
141	228	92
142	228	87
146	228	75
147	228	56
148	228	57
152	228	30
153	228	68
155	228	59
159	228	75
160	228	63
161	228	56
162	228	27
165	228	35
170	228	48
171	228	18
172	228	107
174	228	9
175	228	21
176	228	71
180	228	76
181	228	28
182	228	142
183	228	93
185	228	80
187	228	80
189	228	90
190	228	34
191	228	112
192	228	106
194	228	36
195	228	88
198	228	50
202	228	69
213	228	50
218	228	30
231	228	37
12	227	35
15	227	42
19	227	60
36	227	25
37	227	152
38	227	59
43	227	36
46	227	79
48	227	35
49	227	127
50	227	20
57	227	35
61	227	34
75	227	22
79	227	47
80	227	140
81	227	110
82	227	59
83	227	46
87	227	83
90	227	47
93	227	63
97	227	66
98	227	41
100	227	62
102	227	44
108	227	39
110	227	79
112	227	52
115	227	22
118	227	44
119	227	65
120	227	56
123	227	58
124	227	105
127	227	91
132	227	80
135	227	81
137	227	66
138	227	52
140	227	119
141	227	36
143	227	42
148	227	49
153	227	28
155	227	47
161	227	55
163	227	28
168	227	32
169	227	90
171	227	66
172	227	108
174	227	21
180	227	67
181	227	74
182	227	23
183	227	125
188	227	43
189	227	30
191	227	56
194	227	85
195	227	58
200	227	84
206	227	61
217	227	30
234	227	28
16	226	46
18	226	66
19	226	13
21	226	99
27	226	50
46	226	33
57	226	57
73	226	28
74	226	15
77	226	8
81	226	62
82	226	54
83	226	140
85	226	93
89	226	105
90	226	24
94	226	63
102	226	77
113	226	78
116	226	46
117	226	57
118	226	79
120	226	98
122	226	106
123	226	92
124	226	34
128	226	67
134	226	44
136	226	93
138	226	25
142	226	54
145	226	57
148	226	36
152	226	35
153	226	18
154	226	46
162	226	43
163	226	39
166	226	54
168	226	102
169	226	65
173	226	83
174	226	33
186	226	193
195	226	44
196	226	68
197	226	46
201	226	92
205	226	39
211	226	56
212	226	52
216	226	54
17	225	50
20	225	29
21	225	97
29	225	48
38	225	39
40	225	90
56	225	57
63	225	37
70	225	23
71	225	20
78	225	70
81	225	80
82	225	27
89	225	30
90	225	58
93	225	25
95	225	145
96	225	51
97	225	66
98	225	57
109	225	31
115	225	88
116	225	22
118	225	41
119	225	53
120	225	80
122	225	76
124	225	59
125	225	105
128	225	23
130	225	59
131	225	120
132	225	128
134	225	36
136	225	137
137	225	105
143	225	52
146	225	95
148	225	54
151	225	23
153	225	60
154	225	35
159	225	87
161	225	60
164	225	102
167	225	25
169	225	134
171	225	23
177	225	3
178	225	76
179	225	84
183	225	27
184	225	90
185	225	61
193	225	68
195	225	43
196	225	23
198	225	62
201	225	66
209	225	57
213	225	51
216	225	63
220	225	121
222	225	68
223	225	45
225	225	59
230	225	82
236	225	62
20	224	57
21	224	54
22	224	40
49	224	44
51	224	76
52	224	76
53	224	56
71	224	45
83	224	89
84	224	37
102	224	60
105	224	56
111	224	18
112	224	68
116	224	105
118	224	52
119	224	39
121	224	59
123	224	26
125	224	32
130	224	103
131	224	82
132	224	102
134	224	60
136	224	74
141	224	23
142	224	41
146	224	53
149	224	66
151	224	54
155	224	36
158	224	57
160	224	131
164	224	83
169	224	102
171	224	45
172	224	64
173	224	81
175	224	86
176	224	63
182	224	148
183	224	18
185	224	28
191	224	36
192	224	35
193	224	61
194	224	103
198	224	150
202	224	45
203	224	55
205	224	12
207	224	111
208	224	24
220	224	34
235	224	71
237	224	45
245	224	37
20	223	51
34	223	52
36	223	53
38	223	115
48	223	77
54	223	11
55	223	53
62	223	54
64	223	40
81	223	35
88	223	68
92	223	20
93	223	43
101	223	21
103	223	52
114	223	32
116	223	140
117	223	42
118	223	32
122	223	92
123	223	54
125	223	60
126	223	82
127	223	56
128	223	45
129	223	115
130	223	69
131	223	27
132	223	75
133	223	40
134	223	48
136	223	20
137	223	66
138	223	46
139	223	122
140	223	39
141	223	40
150	223	7
151	223	61
156	223	68
158	223	71
160	223	46
162	223	42
166	223	47
168	223	85
170	223	125
171	223	107
173	223	156
176	223	65
180	223	54
181	223	29
183	223	75
185	223	48
188	223	78
190	223	25
193	223	67
195	223	49
197	223	57
200	223	23
205	223	19
209	223	51
210	223	65
211	223	58
215	223	71
218	223	72
222	223	45
225	223	116
228	223	40
232	223	70
14	222	74
25	222	31
26	222	71
27	222	47
29	222	6
45	222	114
46	222	45
47	222	72
65	222	58
69	222	70
76	222	38
84	222	73
85	222	70
93	222	116
98	222	131
102	222	48
108	222	50
109	222	30
110	222	52
116	222	87
117	222	6
118	222	67
119	222	87
121	222	22
123	222	73
126	222	82
128	222	59
130	222	30
131	222	42
132	222	94
133	222	66
134	222	49
135	222	11
136	222	81
138	222	54
141	222	132
144	222	13
146	222	133
147	222	38
149	222	80
151	222	54
152	222	73
154	222	88
159	222	39
161	222	46
164	222	12
166	222	63
168	222	91
171	222	83
187	222	25
188	222	68
189	222	20
192	222	54
193	222	47
197	222	59
198	222	52
206	222	105
211	222	45
214	222	54
233	222	59
245	222	43
247	222	58
14	221	53
16	221	43
17	221	47
20	221	44
30	221	42
33	221	31
38	221	115
44	221	16
62	221	41
72	221	66
76	221	63
83	221	6
84	221	28
87	221	47
88	221	52
90	221	105
93	221	40
94	221	46
97	221	11
105	221	47
110	221	17
111	221	75
113	221	43
117	221	56
119	221	155
120	221	58
121	221	64
125	221	79
126	221	81
127	221	81
128	221	28
131	221	121
133	221	17
137	221	77
141	221	60
142	221	57
143	221	57
146	221	146
149	221	48
151	221	27
163	221	35
164	221	60
167	221	39
171	221	40
172	221	78
176	221	16
180	221	93
184	221	96
189	221	41
191	221	22
194	221	60
195	221	45
196	221	125
197	221	23
202	221	59
206	221	20
208	221	86
219	221	44
221	221	91
222	221	93
227	221	40
228	221	112
229	221	43
234	221	16
21	220	94
35	220	66
36	220	31
38	220	68
39	220	55
40	220	67
43	220	47
46	220	62
47	220	47
49	220	54
51	220	55
61	220	25
64	220	48
69	220	41
70	220	48
74	220	40
88	220	58
91	220	69
93	220	68
95	220	22
97	220	54
102	220	71
105	220	32
106	220	70
109	220	53
113	220	51
116	220	51
120	220	20
122	220	47
124	220	69
125	220	35
126	220	102
127	220	67
129	220	84
133	220	127
134	220	60
136	220	56
138	220	48
140	220	100
146	220	82
151	220	172
154	220	70
155	220	57
156	220	116
160	220	54
163	220	41
167	220	64
168	220	71
169	220	117
170	220	178
171	220	60
172	220	93
176	220	163
180	220	52
181	220	81
182	220	62
183	220	75
185	220	49
186	220	155
187	220	69
189	220	182
194	220	33
196	220	38
199	220	47
203	220	51
212	220	62
215	220	93
221	220	62
227	220	58
236	220	42
18	219	104
24	219	60
37	219	50
40	219	92
42	219	57
43	219	13
46	219	42
57	219	52
68	219	83
71	219	21
76	219	25
77	219	86
85	219	156
87	219	29
90	219	12
91	219	41
99	219	69
103	219	52
112	219	25
115	219	114
117	219	78
119	219	66
121	219	29
123	219	43
124	219	52
128	219	45
129	219	65
130	219	87
131	219	13
138	219	26
140	219	61
141	219	20
142	219	40
144	219	57
145	219	28
149	219	15
153	219	138
162	219	11
163	219	14
164	219	142
165	219	23
166	219	108
167	219	17
170	219	62
179	219	80
182	219	93
189	219	87
190	219	60
191	219	70
192	219	85
193	219	30
198	219	22
200	219	49
202	219	42
204	219	64
208	219	65
215	219	19
216	219	46
222	219	102
235	219	77
21	218	64
25	218	84
33	218	28
34	218	61
40	218	122
44	218	48
47	218	40
50	218	115
54	218	60
59	218	132
61	218	61
64	218	90
65	218	60
67	218	33
68	218	60
69	218	33
72	218	66
74	218	69
75	218	45
81	218	68
86	218	36
88	218	160
93	218	15
99	218	39
104	218	85
105	218	58
106	218	54
114	218	58
116	218	54
120	218	88
123	218	45
124	218	24
127	218	143
128	218	89
129	218	63
131	218	84
132	218	72
133	218	28
134	218	89
135	218	47
136	218	14
140	218	44
141	218	12
142	218	74
145	218	11
146	218	79
149	218	64
151	218	35
154	218	74
159	218	129
162	218	42
166	218	17
168	218	146
169	218	29
172	218	72
173	218	161
174	218	53
177	218	25
178	218	79
180	218	52
182	218	46
183	218	55
185	218	164
188	218	12
191	218	25
192	218	54
193	218	81
194	218	8
195	218	51
198	218	52
199	218	182
201	218	27
205	218	58
207	218	22
208	218	80
212	218	54
229	218	49
233	218	57
238	218	59
239	218	57
246	218	39
16	217	100
26	217	91
27	217	37
28	217	65
30	217	77
31	217	60
33	217	81
34	217	41
40	217	11
43	217	145
44	217	100
46	217	82
48	217	94
50	217	42
59	217	38
60	217	22
61	217	31
65	217	21
66	217	110
68	217	21
72	217	72
73	217	56
76	217	63
87	217	58
90	217	56
91	217	18
95	217	60
96	217	93
97	217	30
102	217	123
105	217	62
112	217	22
113	217	30
115	217	29
116	217	126
117	217	71
126	217	49
127	217	54
128	217	21
130	217	43
133	217	165
136	217	63
138	217	33
139	217	119
142	217	51
144	217	80
146	217	18
148	217	63
151	217	7
154	217	40
156	217	181
157	217	75
159	217	79
160	217	126
165	217	52
167	217	147
168	217	50
169	217	58
172	217	45
173	217	79
174	217	62
176	217	80
178	217	106
179	217	68
183	217	51
189	217	210
190	217	29
192	217	132
193	217	57
195	217	68
200	217	83
201	217	21
203	217	11
204	217	140
205	217	41
210	217	54
216	217	42
222	217	123
242	217	71
12	216	59
20	216	56
29	216	54
32	216	51
34	216	51
36	216	62
38	216	90
39	216	68
42	216	11
43	216	43
45	216	35
47	216	53
48	216	69
50	216	39
53	216	23
55	216	32
56	216	67
57	216	65
64	216	48
68	216	41
72	216	33
73	216	42
74	216	125
76	216	60
79	216	11
80	216	37
89	216	59
91	216	66
92	216	76
96	216	89
104	216	34
105	216	48
110	216	59
117	216	67
120	216	47
121	216	73
123	216	49
124	216	54
125	216	64
126	216	50
128	216	32
129	216	78
132	216	94
133	216	160
138	216	96
141	216	44
142	216	32
144	216	68
147	216	60
149	216	75
151	216	35
159	216	137
160	216	60
161	216	130
162	216	89
163	216	34
165	216	73
168	216	127
174	216	72
175	216	45
176	216	139
178	216	44
179	216	157
181	216	216
182	216	108
183	216	96
184	216	90
185	216	57
187	216	26
188	216	78
189	216	59
190	216	30
193	216	88
194	216	41
198	216	32
204	216	124
207	216	52
211	216	165
213	216	22
214	216	45
217	216	29
221	216	35
222	216	48
240	216	75
16	215	27
27	215	75
30	215	36
34	215	50
36	215	48
45	215	52
52	215	83
62	215	66
64	215	81
66	215	93
77	215	42
88	215	62
92	215	87
96	215	44
99	215	25
102	215	51
107	215	145
109	215	191
112	215	69
113	215	22
114	215	89
120	215	38
122	215	112
123	215	47
124	215	74
125	215	70
128	215	17
129	215	100
132	215	72
133	215	21
134	215	128
137	215	32
139	215	43
140	215	75
144	215	60
147	215	54
153	215	50
154	215	41
159	215	48
160	215	101
161	215	64
165	215	38
169	215	129
177	215	69
179	215	16
180	215	77
184	215	111
185	215	109
186	215	59
187	215	12
190	215	34
195	215	98
196	215	45
197	215	99
198	215	59
201	215	40
204	215	56
207	215	36
211	215	31
214	215	57
218	215	65
219	215	50
222	215	77
13	214	51
16	214	24
23	214	96
28	214	68
39	214	5
41	214	52
46	214	46
47	214	48
50	214	68
54	214	40
56	214	34
57	214	48
61	214	79
68	214	32
75	214	56
78	214	13
79	214	93
83	214	30
98	214	41
99	214	59
101	214	49
111	214	29
115	214	22
119	214	29
120	214	24
121	214	50
122	214	112
123	214	98
125	214	53
126	214	43
137	214	85
138	214	92
142	214	38
144	214	37
148	214	111
150	214	38
156	214	35
160	214	63
161	214	43
163	214	79
166	214	75
167	214	24
168	214	25
169	214	83
170	214	157
173	214	124
174	214	50
175	214	34
176	214	59
180	214	71
182	214	88
183	214	43
184	214	65
186	214	27
187	214	94
191	214	131
192	214	45
194	214	59
195	214	116
197	214	45
199	214	183
201	214	19
202	214	27
211	214	137
219	214	52
232	214	56
9	213	48
17	213	29
29	213	54
34	213	70
36	213	81
37	213	19
38	213	77
43	213	60
44	213	45
47	213	65
48	213	53
51	213	45
52	213	63
55	213	42
57	213	100
67	213	31
75	213	25
77	213	36
78	213	57
79	213	43
92	213	15
95	213	53
99	213	49
100	213	51
102	213	41
107	213	62
111	213	58
112	213	46
113	213	33
115	213	11
116	213	35
117	213	33
118	213	40
119	213	86
120	213	143
121	213	67
122	213	133
124	213	100
126	213	43
129	213	60
131	213	38
132	213	65
138	213	87
139	213	140
142	213	112
143	213	22
146	213	78
149	213	44
150	213	62
154	213	95
158	213	78
159	213	60
164	213	54
165	213	30
169	213	125
171	213	48
173	213	49
174	213	76
177	213	114
178	213	89
179	213	19
180	213	265
182	213	122
183	213	151
185	213	31
186	213	61
188	213	211
189	213	29
191	213	29
192	213	90
193	213	19
196	213	198
197	213	13
200	213	63
201	213	82
202	213	75
207	213	44
209	213	134
213	213	96
215	213	64
219	213	52
220	213	57
222	213	70
230	213	54
19	212	26
20	212	56
23	212	75
24	212	55
32	212	81
34	212	76
38	212	74
39	212	47
43	212	52
44	212	60
51	212	43
52	212	69
56	212	57
65	212	35
69	212	62
77	212	26
79	212	91
81	212	63
84	212	110
86	212	128
88	212	59
99	212	36
100	212	63
102	212	33
107	212	31
110	212	42
111	212	82
115	212	21
116	212	23
117	212	36
119	212	167
123	212	47
126	212	80
127	212	39
128	212	63
131	212	59
133	212	90
138	212	127
139	212	56
140	212	151
143	212	33
144	212	40
148	212	71
156	212	31
158	212	36
165	212	88
168	212	47
170	212	49
172	212	66
174	212	37
176	212	40
177	212	121
183	212	215
184	212	43
185	212	75
186	212	45
188	212	130
194	212	19
195	212	16
196	212	87
198	212	104
199	212	37
200	212	70
201	212	127
203	212	72
206	212	47
209	212	41
214	212	34
218	212	98
221	212	38
222	212	267
223	212	28
242	212	85
16	211	84
20	211	88
21	211	52
37	211	54
41	211	16
45	211	66
51	211	99
52	211	57
58	211	19
61	211	73
64	211	26
86	211	30
87	211	51
88	211	31
91	211	73
93	211	144
94	211	38
101	211	45
102	211	57
107	211	95
112	211	15
114	211	65
121	211	121
122	211	34
123	211	20
124	211	45
125	211	30
126	211	52
127	211	134
129	211	39
131	211	18
133	211	54
134	211	75
138	211	23
139	211	77
140	211	68
141	211	59
142	211	104
145	211	75
148	211	65
149	211	59
158	211	54
159	211	70
162	211	65
163	211	39
165	211	26
169	211	105
171	211	36
173	211	40
175	211	94
176	211	48
178	211	16
182	211	75
183	211	39
184	211	55
185	211	79
186	211	51
189	211	23
192	211	70
196	211	190
197	211	94
199	211	33
200	211	31
202	211	95
203	211	134
205	211	87
207	211	45
213	211	117
218	211	18
223	211	34
226	211	21
227	211	52
229	211	44
22	210	41
34	210	43
40	210	83
42	210	24
46	210	113
51	210	55
53	210	42
55	210	59
56	210	54
59	210	52
67	210	117
68	210	98
69	210	163
74	210	90
80	210	21
83	210	26
90	210	51
97	210	82
103	210	56
107	210	23
110	210	67
111	210	22
112	210	119
113	210	104
115	210	64
117	210	47
120	210	63
121	210	302
125	210	56
126	210	45
128	210	19
131	210	87
132	210	18
133	210	112
134	210	53
135	210	77
137	210	94
138	210	134
139	210	88
145	210	36
149	210	44
151	210	64
154	210	116
156	210	55
161	210	65
166	210	120
168	210	79
171	210	64
173	210	67
174	210	34
175	210	48
179	210	49
181	210	59
182	210	79
184	210	86
185	210	129
186	210	64
187	210	89
188	210	71
189	210	94
191	210	41
193	210	51
194	210	136
195	210	163
201	210	122
205	210	99
207	210	112
208	210	106
211	210	41
214	210	55
216	210	28
223	210	10
224	210	59
239	210	62
20	209	61
23	209	38
39	209	76
48	209	56
49	209	149
50	209	33
51	209	38
54	209	49
56	209	33
57	209	18
58	209	55
66	209	79
68	209	31
70	209	27
72	209	75
74	209	38
82	209	26
83	209	20
87	209	40
91	209	85
92	209	15
93	209	23
97	209	46
99	209	46
103	209	53
107	209	78
110	209	102
111	209	85
118	209	60
122	209	57
124	209	56
128	209	65
131	209	68
133	209	174
136	209	49
137	209	56
140	209	71
142	209	138
158	209	18
159	209	82
160	209	53
162	209	81
165	209	54
166	209	74
168	209	57
174	209	65
175	209	108
177	209	99
178	209	113
179	209	44
180	209	17
181	209	100
183	209	51
184	209	110
185	209	57
186	209	95
187	209	110
189	209	79
193	209	35
194	209	123
195	209	46
196	209	56
198	209	65
208	209	31
211	209	40
212	209	59
217	209	91
219	209	72
220	209	54
223	209	76
224	209	70
225	209	46
228	209	37
235	209	104
9	208	56
22	208	102
23	208	33
25	208	28
26	208	60
33	208	47
34	208	169
55	208	91
57	208	35
62	208	62
65	208	10
73	208	45
75	208	15
84	208	45
86	208	60
96	208	15
104	208	133
110	208	119
111	208	22
118	208	188
119	208	73
120	208	94
123	208	69
125	208	41
130	208	150
131	208	100
132	208	67
135	208	121
138	208	68
139	208	46
140	208	33
141	208	28
145	208	220
149	208	62
153	208	70
155	208	87
158	208	48
159	208	40
160	208	41
167	208	96
168	208	20
170	208	66
171	208	126
173	208	59
178	208	68
179	208	127
180	208	86
181	208	71
182	208	128
183	208	18
184	208	30
186	208	131
187	208	69
190	208	148
191	208	126
193	208	52
194	208	112
197	208	71
199	208	39
200	208	68
202	208	15
206	208	168
207	208	29
208	208	41
212	208	62
215	208	72
216	208	92
20	207	34
25	207	2
33	207	41
43	207	45
51	207	45
56	207	118
61	207	62
62	207	58
65	207	111
67	207	13
71	207	17
72	207	23
75	207	48
78	207	27
79	207	81
82	207	49
85	207	14
87	207	52
91	207	33
93	207	25
95	207	113
96	207	67
97	207	41
101	207	39
102	207	102
110	207	38
116	207	60
121	207	148
123	207	59
124	207	15
126	207	43
127	207	34
128	207	35
129	207	29
130	207	42
133	207	38
134	207	68
135	207	42
143	207	58
151	207	32
153	207	79
156	207	46
157	207	13
160	207	115
162	207	55
167	207	19
171	207	40
173	207	16
176	207	57
177	207	26
179	207	90
180	207	79
181	207	58
183	207	22
186	207	42
189	207	192
190	207	36
192	207	33
193	207	38
194	207	42
196	207	41
197	207	90
198	207	100
199	207	76
207	207	132
209	207	55
210	207	89
212	207	32
213	207	56
216	207	62
217	207	45
222	207	17
239	207	67
15	206	19
18	206	52
19	206	60
22	206	80
25	206	57
32	206	54
34	206	55
35	206	36
38	206	61
47	206	51
61	206	65
62	206	75
71	206	33
73	206	123
78	206	116
86	206	71
97	206	81
105	206	72
108	206	30
111	206	46
112	206	69
113	206	127
114	206	65
115	206	114
116	206	60
119	206	17
120	206	57
121	206	75
122	206	9
123	206	76
126	206	60
127	206	84
133	206	106
134	206	100
135	206	155
138	206	30
141	206	129
145	206	50
146	206	64
147	206	77
150	206	31
153	206	64
154	206	74
156	206	98
159	206	46
160	206	44
161	206	215
164	206	81
166	206	64
167	206	52
168	206	36
169	206	37
171	206	86
173	206	35
174	206	45
178	206	188
179	206	68
180	206	57
181	206	196
182	206	54
186	206	62
189	206	42
190	206	128
192	206	57
194	206	53
196	206	90
198	206	28
199	206	81
200	206	56
204	206	146
208	206	63
213	206	86
215	206	77
216	206	120
218	206	33
223	206	67
226	206	144
232	206	75
238	206	135
245	206	35
11	205	28
16	205	51
22	205	52
23	205	51
28	205	46
29	205	37
32	205	58
34	205	49
42	205	16
43	205	55
44	205	52
46	205	32
47	205	34
48	205	55
49	205	42
53	205	38
58	205	44
61	205	50
63	205	40
64	205	12
65	205	33
67	205	118
68	205	81
70	205	33
75	205	122
76	205	49
81	205	70
82	205	22
89	205	40
91	205	65
92	205	86
94	205	66
98	205	72
100	205	47
101	205	44
105	205	47
107	205	62
110	205	46
114	205	87
115	205	53
118	205	46
120	205	66
125	205	111
126	205	80
128	205	7
130	205	53
134	205	92
135	205	60
138	205	62
140	205	97
141	205	6
143	205	33
145	205	69
147	205	154
149	205	31
154	205	88
155	205	18
159	205	60
160	205	17
161	205	26
163	205	77
164	205	182
165	205	131
167	205	69
168	205	79
170	205	44
171	205	51
176	205	93
180	205	29
185	205	82
190	205	21
192	205	54
193	205	39
196	205	15
197	205	74
199	205	27
203	205	93
204	205	164
205	205	196
206	205	67
209	205	66
210	205	19
212	205	80
214	205	81
227	205	173
231	205	100
234	205	70
21	204	37
24	204	49
26	204	63
28	204	47
32	204	48
34	204	87
37	204	40
45	204	96
50	204	62
52	204	70
53	204	57
64	204	90
65	204	49
66	204	63
68	204	41
69	204	49
71	204	42
72	204	52
73	204	122
75	204	29
77	204	126
80	204	5
87	204	77
89	204	67
95	204	73
97	204	89
98	204	70
99	204	39
103	204	37
106	204	62
110	204	62
112	204	25
113	204	59
117	204	112
118	204	52
124	204	69
128	204	27
129	204	58
132	204	91
133	204	14
134	204	52
138	204	110
140	204	21
143	204	33
144	204	38
145	204	76
147	204	94
148	204	119
150	204	49
152	204	89
153	204	66
154	204	34
157	204	72
160	204	76
162	204	157
163	204	69
164	204	50
171	204	46
174	204	88
175	204	81
178	204	124
179	204	14
183	204	35
185	204	21
186	204	49
188	204	31
189	204	26
190	204	48
191	204	170
194	204	103
200	204	79
202	204	32
205	204	13
207	204	118
208	204	167
209	204	17
216	204	49
217	204	57
226	204	26
237	204	47
10	203	26
23	203	30
27	203	68
28	203	82
34	203	48
48	203	116
49	203	27
50	203	96
54	203	26
56	203	31
58	203	20
61	203	86
62	203	31
64	203	66
66	203	76
67	203	27
68	203	47
70	203	85
73	203	66
76	203	54
80	203	77
82	203	54
90	203	64
98	203	27
100	203	79
102	203	53
104	203	121
105	203	25
106	203	49
109	203	77
110	203	26
111	203	61
112	203	147
113	203	63
116	203	179
117	203	26
118	203	15
121	203	62
123	203	48
124	203	42
125	203	136
126	203	50
128	203	37
134	203	56
135	203	104
139	203	74
147	203	42
149	203	56
151	203	67
152	203	52
155	203	73
157	203	49
158	203	83
161	203	19
164	203	41
166	203	81
169	203	30
172	203	188
174	203	3
175	203	142
177	203	148
179	203	88
182	203	35
185	203	48
186	203	90
187	203	79
188	203	31
189	203	83
190	203	62
191	203	54
192	203	123
201	203	28
202	203	50
204	203	41
205	203	35
206	203	36
207	203	82
208	203	106
209	203	6
221	203	13
238	203	81
18	202	97
19	202	96
21	202	53
27	202	9
36	202	96
38	202	76
48	202	68
50	202	73
52	202	65
55	202	63
57	202	47
63	202	75
67	202	28
68	202	47
79	202	30
80	202	23
81	202	63
84	202	48
92	202	51
93	202	100
94	202	29
97	202	36
100	202	49
103	202	53
107	202	44
108	202	114
110	202	108
111	202	73
112	202	36
113	202	11
115	202	12
121	202	33
125	202	43
128	202	80
129	202	60
131	202	74
135	202	76
136	202	70
137	202	45
138	202	76
140	202	71
141	202	58
142	202	18
143	202	58
150	202	67
151	202	147
156	202	127
157	202	79
161	202	100
163	202	33
164	202	21
167	202	56
168	202	58
170	202	66
173	202	47
175	202	57
176	202	132
177	202	14
178	202	62
180	202	44
181	202	42
183	202	58
184	202	73
185	202	66
186	202	102
187	202	55
188	202	39
189	202	58
190	202	66
191	202	28
192	202	94
193	202	53
194	202	18
196	202	22
201	202	27
203	202	71
212	202	39
225	202	62
229	202	64
241	202	60
245	202	38
12	201	65
14	201	52
16	201	78
18	201	35
19	201	68
24	201	46
25	201	46
27	201	32
32	201	91
36	201	84
38	201	37
40	201	43
47	201	38
51	201	26
56	201	51
63	201	57
64	201	12
67	201	98
75	201	76
76	201	45
86	201	11
88	201	77
92	201	11
96	201	23
97	201	77
98	201	56
102	201	52
103	201	44
104	201	94
105	201	36
108	201	64
109	201	41
110	201	65
111	201	61
113	201	67
114	201	116
116	201	69
117	201	86
119	201	53
120	201	118
121	201	20
122	201	37
128	201	109
130	201	90
131	201	49
136	201	117
138	201	22
139	201	22
142	201	95
144	201	45
145	201	184
146	201	52
147	201	126
148	201	13
149	201	27
150	201	46
155	201	65
156	201	96
159	201	58
160	201	45
161	201	27
162	201	71
165	201	69
166	201	54
170	201	32
171	201	17
172	201	31
173	201	49
177	201	114
178	201	62
179	201	44
182	201	56
183	201	54
184	201	51
186	201	169
188	201	52
191	201	106
192	201	106
193	201	65
194	201	67
197	201	15
198	201	63
203	201	33
206	201	22
208	201	38
209	201	46
212	201	65
213	201	60
226	201	27
7	200	52
11	200	44
19	200	46
21	200	92
24	200	125
25	200	117
26	200	39
28	200	60
32	200	90
33	200	76
36	200	60
38	200	36
39	200	103
42	200	30
45	200	60
46	200	66
47	200	32
48	200	85
58	200	25
59	200	42
60	200	29
61	200	75
65	200	57
69	200	44
75	200	29
76	200	87
80	200	87
81	200	52
82	200	39
85	200	40
86	200	78
88	200	82
90	200	49
93	200	17
97	200	74
99	200	86
102	200	65
113	200	75
114	200	25
115	200	99
116	200	96
126	200	199
127	200	142
132	200	61
134	200	57
136	200	93
137	200	66
138	200	19
139	200	116
141	200	140
142	200	25
145	200	42
146	200	119
147	200	141
148	200	133
149	200	33
151	200	14
152	200	94
159	200	52
160	200	29
161	200	105
163	200	53
166	200	96
167	200	31
168	200	100
170	200	157
173	200	122
174	200	110
175	200	135
178	200	34
180	200	128
181	200	124
182	200	84
184	200	52
186	200	37
187	200	111
188	200	45
190	200	120
191	200	91
192	200	138
195	200	129
196	200	100
203	200	59
205	200	73
208	200	2
211	200	45
215	200	34
216	200	87
218	200	25
226	200	42
229	200	97
230	200	38
232	200	106
234	200	49
236	200	106
8	199	59
11	199	51
15	199	36
17	199	75
18	199	17
32	199	14
34	199	48
40	199	33
43	199	25
45	199	22
68	199	39
69	199	43
70	199	69
71	199	89
75	199	39
76	199	85
77	199	46
83	199	16
84	199	65
85	199	16
87	199	49
94	199	53
96	199	60
98	199	71
100	199	72
101	199	134
102	199	56
108	199	2
109	199	67
110	199	39
112	199	47
114	199	113
117	199	47
119	199	49
121	199	62
123	199	28
130	199	27
133	199	73
137	199	171
141	199	66
147	199	113
149	199	165
151	199	34
153	199	67
155	199	52
157	199	51
160	199	34
161	199	45
163	199	40
166	199	36
167	199	146
168	199	41
170	199	94
172	199	62
177	199	37
180	199	169
182	199	47
190	199	22
191	199	121
192	199	76
194	199	62
204	199	76
205	199	35
208	199	62
214	199	29
217	199	28
218	199	23
223	199	56
226	199	53
236	199	33
9	198	36
17	198	31
18	198	58
19	198	26
28	198	106
40	198	87
43	198	81
53	198	71
55	198	59
56	198	49
59	198	51
66	198	26
69	198	49
77	198	31
82	198	48
83	198	101
88	198	42
93	198	49
99	198	45
110	198	32
112	198	57
116	198	166
117	198	54
119	198	86
120	198	35
121	198	140
123	198	52
127	198	66
128	198	183
129	198	108
130	198	73
131	198	18
132	198	87
133	198	74
135	198	71
138	198	63
141	198	16
144	198	62
149	198	228
151	198	44
153	198	51
160	198	88
163	198	65
164	198	44
165	198	67
166	198	124
170	198	36
171	198	80
173	198	30
174	198	135
175	198	113
176	198	90
179	198	60
180	198	64
181	198	82
183	198	101
185	198	53
186	198	57
187	198	155
191	198	117
192	198	37
194	198	62
195	198	110
197	198	53
201	198	50
202	198	60
210	198	75
213	198	36
215	198	67
216	198	94
220	198	49
222	198	51
223	198	20
234	198	80
240	198	30
241	198	45
243	198	5
12	197	41
13	197	65
14	197	100
16	197	46
25	197	42
29	197	34
30	197	42
31	197	43
52	197	105
55	197	54
56	197	48
58	197	29
61	197	33
65	197	19
70	197	87
77	197	105
80	197	95
81	197	73
83	197	57
87	197	58
89	197	86
92	197	74
93	197	51
95	197	70
97	197	48
98	197	65
99	197	47
102	197	44
104	197	27
105	197	33
107	197	68
108	197	57
110	197	30
111	197	99
116	197	22
117	197	66
118	197	126
119	197	87
122	197	91
123	197	62
124	197	37
125	197	44
126	197	49
127	197	40
128	197	39
130	197	73
131	197	68
134	197	57
135	197	154
139	197	38
141	197	144
142	197	49
144	197	57
145	197	64
151	197	52
153	197	73
154	197	62
157	197	48
162	197	74
163	197	28
164	197	63
165	197	76
167	197	73
169	197	62
170	197	48
174	197	27
175	197	58
176	197	113
178	197	71
179	197	73
180	197	44
181	197	219
182	197	92
183	197	56
188	197	168
190	197	70
192	197	45
193	197	26
196	197	39
197	197	36
202	197	48
204	197	44
206	197	42
208	197	37
224	197	38
226	197	48
227	197	55
232	197	57
233	197	63
234	197	43
236	197	37
237	197	61
238	197	41
243	197	43
244	197	86
9	196	38
11	196	7
12	196	163
13	196	54
14	196	42
16	196	27
17	196	42
19	196	72
21	196	48
23	196	69
32	196	103
34	196	68
36	196	59
40	196	59
42	196	79
45	196	76
52	196	62
53	196	65
65	196	37
66	196	60
71	196	76
72	196	93
77	196	27
78	196	14
79	196	18
81	196	68
83	196	39
90	196	54
96	196	103
97	196	47
104	196	89
108	196	52
111	196	65
112	196	84
113	196	42
115	196	28
117	196	73
119	196	57
120	196	110
121	196	75
123	196	56
126	196	102
127	196	81
130	196	30
131	196	36
136	196	79
138	196	51
139	196	196
140	196	73
142	196	197
143	196	58
145	196	65
148	196	51
154	196	54
155	196	20
158	196	27
162	196	65
166	196	101
170	196	76
171	196	67
172	196	57
173	196	85
176	196	62
177	196	79
178	196	16
179	196	41
181	196	37
182	196	13
183	196	19
184	196	150
186	196	40
187	196	140
189	196	76
190	196	136
191	196	87
193	196	40
194	196	54
195	196	112
198	196	122
200	196	103
201	196	64
202	196	17
211	196	62
212	196	56
223	196	70
232	196	121
234	196	47
243	196	2
10	195	60
11	195	47
12	195	79
13	195	75
14	195	114
17	195	38
20	195	98
21	195	13
23	195	57
24	195	96
25	195	70
31	195	73
32	195	79
38	195	64
42	195	83
45	195	49
52	195	18
54	195	23
60	195	73
61	195	63
62	195	37
63	195	42
65	195	62
70	195	13
72	195	29
74	195	65
75	195	42
77	195	38
94	195	39
96	195	90
99	195	57
103	195	66
109	195	54
113	195	122
114	195	23
115	195	78
117	195	136
118	195	89
120	195	119
121	195	73
123	195	70
124	195	71
126	195	46
127	195	24
128	195	89
130	195	44
134	195	98
135	195	111
137	195	24
138	195	83
139	195	150
140	195	5
149	195	65
150	195	184
151	195	44
155	195	52
158	195	100
164	195	52
165	195	41
166	195	34
168	195	7
169	195	138
172	195	85
173	195	40
174	195	147
177	195	39
180	195	32
181	195	96
182	195	119
184	195	71
185	195	119
189	195	60
190	195	66
192	195	22
194	195	107
200	195	37
204	195	46
207	195	53
210	195	54
212	195	28
214	195	84
218	195	41
219	195	62
220	195	112
221	195	19
223	195	52
226	195	47
233	195	63
243	195	97
246	195	81
10	194	29
11	194	51
12	194	54
13	194	115
19	194	32
20	194	18
21	194	27
25	194	42
31	194	27
35	194	26
36	194	57
43	194	26
45	194	45
53	194	45
55	194	47
65	194	44
68	194	75
69	194	65
70	194	51
73	194	108
81	194	46
87	194	41
89	194	26
90	194	59
91	194	44
93	194	69
95	194	57
98	194	44
99	194	39
101	194	54
103	194	31
104	194	180
106	194	44
108	194	18
111	194	117
112	194	23
113	194	126
114	194	91
115	194	35
116	194	95
119	194	259
120	194	117
121	194	176
123	194	62
124	194	40
125	194	29
126	194	69
130	194	49
133	194	35
134	194	118
135	194	22
140	194	53
141	194	47
142	194	54
144	194	68
145	194	69
149	194	67
150	194	11
151	194	92
152	194	131
153	194	168
156	194	47
157	194	54
160	194	55
163	194	39
167	194	66
168	194	62
169	194	101
171	194	58
172	194	77
175	194	55
176	194	31
178	194	33
181	194	47
183	194	186
184	194	26
185	194	68
190	194	64
191	194	45
192	194	30
193	194	72
194	194	71
203	194	160
204	194	214
209	194	27
211	194	136
212	194	109
219	194	41
221	194	76
225	194	59
237	194	67
11	193	15
14	193	36
16	193	58
20	193	37
32	193	97
52	193	130
53	193	63
59	193	156
71	193	55
78	193	140
82	193	36
84	193	53
89	193	137
91	193	88
92	193	116
93	193	48
95	193	73
97	193	8
98	193	68
99	193	85
100	193	43
101	193	55
102	193	130
104	193	47
106	193	94
107	193	49
111	193	29
113	193	52
114	193	144
115	193	122
119	193	85
126	193	44
127	193	33
130	193	59
131	193	43
132	193	149
133	193	7
134	193	34
136	193	228
137	193	96
138	193	95
139	193	54
140	193	116
142	193	38
144	193	19
145	193	84
147	193	87
152	193	82
153	193	56
157	193	84
158	193	82
163	193	90
164	193	57
165	193	44
167	193	19
168	193	79
170	193	92
171	193	47
172	193	26
173	193	119
175	193	68
177	193	18
181	193	49
182	193	121
183	193	48
184	193	94
185	193	54
186	193	87
194	193	129
195	193	141
198	193	44
200	193	43
202	193	79
204	193	22
207	193	44
210	193	96
212	193	118
215	193	51
216	193	45
220	193	23
221	193	49
233	193	64
15	192	61
18	192	60
33	192	55
35	192	65
41	192	30
42	192	151
44	192	57
70	192	76
74	192	63
76	192	64
77	192	89
81	192	47
84	192	32
85	192	88
88	192	219
95	192	77
96	192	65
98	192	65
99	192	83
100	192	278
104	192	73
105	192	14
106	192	125
109	192	52
112	192	92
113	192	179
115	192	75
116	192	61
119	192	31
120	192	132
122	192	140
124	192	38
126	192	101
127	192	85
129	192	179
130	192	60
131	192	38
135	192	95
137	192	83
139	192	46
140	192	42
141	192	63
144	192	32
145	192	145
146	192	53
149	192	21
150	192	60
153	192	58
158	192	34
160	192	110
162	192	59
164	192	68
165	192	142
171	192	75
176	192	67
178	192	121
180	192	72
181	192	118
182	192	68
184	192	92
188	192	70
191	192	137
193	192	62
194	192	56
195	192	54
198	192	85
199	192	57
201	192	60
202	192	26
203	192	69
206	192	47
210	192	97
211	192	67
214	192	96
216	192	36
222	192	40
225	192	40
226	192	65
228	192	28
240	192	72
247	192	87
24	191	46
25	191	138
30	191	101
32	191	79
36	191	57
49	191	68
54	191	54
62	191	26
73	191	87
76	191	109
79	191	22
82	191	98
83	191	26
87	191	102
90	191	61
91	191	115
92	191	173
93	191	68
94	191	34
95	191	53
97	191	85
99	191	40
100	191	79
102	191	130
105	191	145
106	191	36
108	191	52
109	191	65
112	191	21
113	191	60
114	191	55
115	191	78
120	191	50
121	191	50
124	191	34
125	191	34
127	191	151
132	191	52
138	191	84
139	191	126
146	191	77
149	191	43
150	191	66
152	191	60
153	191	70
155	191	44
156	191	133
157	191	9
158	191	38
160	191	21
161	191	65
164	191	33
165	191	109
167	191	48
170	191	134
173	191	40
175	191	58
176	191	34
177	191	105
182	191	96
183	191	79
188	191	84
189	191	53
190	191	45
191	191	139
192	191	46
193	191	57
195	191	122
196	191	74
197	191	38
200	191	36
201	191	103
211	191	36
222	191	100
228	191	187
232	191	25
233	191	67
17	190	69
18	190	31
25	190	87
40	190	107
42	190	41
64	190	20
71	190	66
76	190	166
78	190	72
80	190	96
84	190	42
89	190	106
90	190	82
91	190	14
92	190	86
93	190	173
94	190	79
95	190	47
96	190	165
97	190	22
98	190	80
99	190	72
101	190	29
102	190	115
103	190	101
107	190	50
110	190	50
112	190	253
116	190	107
117	190	98
119	190	66
120	190	78
121	190	48
127	190	141
128	190	81
130	190	33
131	190	56
133	190	19
134	190	53
135	190	165
136	190	46
139	190	98
144	190	65
147	190	54
148	190	23
149	190	53
150	190	30
151	190	92
152	190	33
154	190	72
156	190	45
157	190	44
158	190	33
159	190	63
166	190	106
170	190	74
174	190	67
175	190	50
177	190	85
179	190	82
182	190	41
183	190	84
184	190	65
189	190	81
192	190	35
194	190	73
195	190	79
196	190	64
200	190	76
203	190	88
204	190	43
207	190	65
210	190	40
211	190	54
213	190	72
215	190	57
221	190	74
222	190	64
223	190	85
224	190	82
227	190	16
233	190	52
10	189	30
12	189	83
14	189	52
28	189	51
35	189	21
37	189	68
48	189	72
52	189	61
58	189	4
62	189	54
67	189	76
70	189	34
75	189	61
77	189	37
79	189	83
82	189	35
90	189	37
92	189	107
93	189	60
94	189	95
95	189	47
96	189	189
97	189	127
98	189	49
99	189	60
100	189	70
102	189	27
107	189	36
111	189	167
112	189	36
113	189	77
114	189	134
116	189	58
118	189	86
120	189	68
121	189	64
122	189	52
124	189	57
125	189	58
127	189	71
128	189	83
129	189	49
130	189	51
133	189	48
136	189	89
137	189	36
138	189	29
141	189	69
147	189	95
148	189	61
149	189	68
151	189	104
152	189	77
154	189	59
156	189	78
160	189	20
164	189	75
167	189	53
170	189	31
171	189	59
179	189	42
180	189	59
183	189	51
188	189	62
189	189	120
190	189	103
192	189	40
193	189	96
194	189	34
197	189	53
198	189	132
199	189	41
200	189	100
203	189	95
204	189	21
205	189	13
207	189	21
209	189	69
210	189	90
211	189	89
215	189	64
216	189	20
217	189	16
224	189	90
225	189	81
228	189	47
243	189	53
8	188	80
12	188	45
13	188	30
22	188	56
24	188	39
26	188	35
29	188	59
34	188	44
45	188	40
51	188	32
56	188	49
65	188	89
66	188	40
69	188	57
76	188	73
80	188	53
81	188	80
83	188	45
85	188	35
88	188	27
89	188	78
93	188	82
94	188	63
95	188	187
97	188	68
98	188	30
100	188	36
101	188	197
103	188	106
104	188	65
107	188	57
110	188	66
111	188	120
112	188	91
113	188	94
114	188	104
115	188	139
116	188	119
117	188	83
119	188	150
120	188	90
122	188	113
123	188	21
125	188	128
128	188	47
131	188	47
133	188	60
134	188	58
135	188	52
136	188	112
141	188	104
148	188	51
149	188	60
150	188	173
152	188	56
153	188	89
155	188	47
157	188	68
158	188	81
161	188	85
163	188	25
164	188	129
169	188	27
170	188	151
171	188	74
173	188	50
174	188	60
176	188	48
177	188	89
181	188	25
182	188	60
183	188	85
186	188	147
189	188	88
191	188	75
194	188	96
195	188	150
197	188	26
199	188	6
200	188	100
201	188	57
203	188	34
204	188	54
207	188	52
210	188	39
213	188	30
214	188	47
217	188	13
218	188	27
221	188	94
224	188	26
227	188	27
231	188	52
243	188	60
247	188	66
17	187	83
29	187	48
41	187	222
52	187	34
56	187	71
62	187	52
66	187	54
70	187	64
80	187	21
84	187	50
87	187	54
89	187	70
91	187	26
92	187	151
93	187	124
94	187	148
95	187	149
96	187	109
97	187	74
99	187	24
100	187	67
101	187	60
102	187	123
104	187	95
106	187	24
107	187	115
111	187	53
112	187	73
113	187	70
114	187	57
115	187	94
119	187	172
122	187	54
125	187	45
126	187	139
127	187	41
129	187	109
130	187	117
131	187	13
132	187	69
133	187	16
140	187	74
142	187	41
144	187	37
145	187	46
147	187	96
148	187	23
151	187	50
152	187	71
154	187	86
164	187	107
165	187	120
168	187	33
170	187	52
177	187	118
179	187	105
180	187	19
182	187	50
183	187	45
184	187	31
185	187	26
186	187	94
189	187	22
191	187	50
196	187	75
200	187	62
204	187	51
205	187	32
208	187	62
210	187	73
213	187	76
216	187	16
220	187	27
222	187	93
224	187	68
225	187	18
226	187	49
228	187	30
242	187	84
10	186	29
12	186	125
14	186	21
23	186	41
27	186	49
31	186	98
38	186	18
39	186	62
49	186	35
63	186	43
69	186	23
77	186	49
82	186	52
85	186	39
88	186	77
89	186	57
90	186	48
91	186	183
92	186	79
93	186	85
94	186	196
96	186	53
97	186	56
98	186	109
100	186	84
101	186	118
102	186	90
103	186	137
104	186	172
106	186	70
107	186	40
108	186	73
109	186	69
110	186	75
114	186	48
115	186	103
125	186	39
127	186	59
128	186	65
130	186	84
132	186	89
135	186	41
136	186	120
137	186	31
139	186	60
142	186	147
144	186	31
145	186	121
146	186	169
147	186	70
149	186	50
150	186	138
152	186	106
154	186	70
155	186	44
156	186	51
160	186	147
161	186	57
164	186	34
165	186	85
172	186	47
173	186	63
174	186	112
176	186	65
177	186	50
178	186	21
179	186	164
180	186	26
182	186	38
189	186	55
190	186	60
193	186	147
196	186	91
197	186	106
200	186	67
204	186	19
205	186	47
213	186	89
215	186	58
220	186	99
222	186	45
223	186	110
224	186	117
225	186	161
227	186	101
229	186	58
230	186	69
19	185	112
27	185	57
30	185	48
34	185	68
38	185	108
39	185	17
51	185	66
67	185	93
68	185	56
73	185	78
75	185	66
82	185	58
83	185	26
85	185	101
91	185	62
92	185	42
94	185	136
96	185	65
97	185	65
98	185	188
99	185	95
100	185	92
101	185	121
102	185	92
104	185	82
105	185	47
111	185	58
112	185	125
114	185	76
115	185	119
116	185	81
117	185	102
118	185	83
119	185	82
120	185	76
122	185	46
123	185	79
124	185	34
125	185	133
126	185	87
134	185	99
136	185	22
139	185	99
140	185	146
141	185	51
142	185	22
143	185	119
116	245	60
132	245	73
137	245	46
30	244	54
72	244	40
76	244	35
84	244	55
85	244	30
86	244	45
98	244	56
114	244	67
129	244	33
136	244	22
138	244	41
153	244	35
154	244	16
188	244	50
195	244	94
42	243	49
56	243	54
76	243	43
78	243	63
79	243	73
83	243	42
85	243	74
86	243	112
87	243	31
105	243	17
111	243	42
118	243	44
134	243	28
141	243	34
142	243	101
144	243	18
145	243	23
171	243	40
172	243	61
173	243	25
177	243	16
178	243	95
184	243	54
54	242	47
74	242	50
75	242	52
78	242	22
79	242	78
82	242	49
89	242	21
91	242	47
94	242	83
105	242	18
106	242	66
110	242	52
118	242	66
121	242	115
123	242	170
131	242	59
139	242	17
164	242	30
173	242	14
175	242	97
179	242	49
180	242	24
215	242	43
221	242	51
53	241	60
54	241	52
68	241	37
72	241	50
76	241	49
78	241	87
81	241	17
82	241	61
83	241	87
88	241	64
92	241	36
94	241	22
95	241	122
102	241	30
118	241	80
121	241	84
123	241	61
126	241	17
130	241	65
140	241	48
143	241	23
146	241	62
153	241	13
162	241	60
168	241	84
176	241	52
194	241	17
215	241	58
25	240	55
55	240	56
70	240	202
77	240	54
79	240	54
81	240	47
82	240	71
83	240	87
85	240	57
89	240	49
90	240	34
93	240	37
94	240	68
97	240	34
120	240	62
121	240	70
128	240	51
131	240	65
135	240	63
138	240	35
154	240	82
156	240	22
161	240	59
167	240	52
168	240	99
174	240	60
175	240	48
177	240	78
189	240	75
194	240	72
195	240	38
200	240	34
203	240	80
214	240	74
61	239	39
77	239	55
81	239	76
82	239	107
84	239	60
86	239	66
87	239	16
88	239	12
92	239	62
100	239	37
102	239	62
110	239	71
113	239	90
116	239	91
120	239	35
125	239	39
127	239	21
128	239	80
143	239	73
148	239	85
154	239	29
164	239	84
170	239	78
173	239	49
179	239	188
185	239	66
189	239	67
193	239	52
195	239	66
197	239	24
199	239	62
21	238	56
39	238	47
42	238	11
72	238	38
77	238	65
78	238	63
79	238	90
80	238	128
81	238	50
82	238	74
83	238	88
85	238	96
86	238	60
91	238	29
92	238	23
117	238	88
127	238	52
128	238	66
130	238	88
134	238	47
135	238	29
140	238	40
141	238	80
142	238	41
143	238	58
144	238	30
145	238	14
170	238	22
172	238	97
175	238	43
176	238	145
184	238	62
186	238	70
193	238	74
198	238	47
201	238	36
211	238	75
29	237	23
39	237	26
43	237	82
44	237	91
48	237	12
53	237	44
55	237	93
72	237	40
76	237	125
77	237	22
81	237	29
82	237	60
83	237	121
84	237	109
85	237	65
87	237	67
88	237	77
93	237	47
94	237	15
97	237	55
98	237	64
99	237	40
103	237	66
104	237	69
108	237	65
110	237	34
119	237	40
126	237	43
132	237	46
133	237	67
134	237	35
138	237	30
141	237	34
154	237	51
161	237	72
162	237	71
163	237	61
165	237	120
170	237	36
171	237	26
176	237	38
177	237	40
178	237	26
183	237	28
185	237	66
197	237	66
204	237	90
213	237	5
221	237	34
225	237	62
29	236	48
31	236	46
33	236	18
39	236	26
47	236	237
51	236	28
52	236	31
54	236	52
56	236	92
57	236	56
58	236	82
66	236	64
73	236	109
75	236	79
76	236	34
77	236	69
78	236	41
79	236	74
80	236	116
81	236	132
82	236	26
83	236	128
84	236	182
85	236	111
86	236	26
87	236	69
88	236	89
89	236	107
92	236	30
94	236	48
97	236	77
101	236	49
108	236	94
110	236	45
111	236	22
112	236	31
113	236	110
114	236	67
116	236	70
121	236	109
122	236	78
123	236	42
124	236	57
131	236	50
133	236	29
134	236	48
135	236	76
138	236	47
140	236	102
143	236	32
154	236	106
157	236	84
162	236	44
163	236	34
164	236	48
165	236	112
166	236	59
167	236	46
172	236	26
174	236	73
175	236	76
176	236	49
179	236	59
184	236	64
189	236	74
190	236	70
191	236	62
197	236	75
198	236	49
199	236	60
200	236	68
214	236	44
217	236	68
221	236	43
239	236	36
43	235	48
47	235	23
59	235	49
60	235	37
71	235	50
72	235	65
75	235	42
78	235	63
79	235	73
80	235	97
81	235	53
83	235	121
84	235	133
85	235	258
86	235	96
87	235	79
89	235	23
90	235	44
92	235	55
97	235	47
101	235	53
104	235	27
106	235	20
111	235	48
129	235	63
134	235	45
135	235	48
146	235	23
148	235	52
149	235	41
150	235	60
152	235	37
154	235	46
162	235	39
163	235	41
167	235	142
181	235	16
183	235	58
184	235	20
186	235	71
190	235	33
192	235	57
193	235	70
201	235	81
203	235	44
204	235	63
207	235	55
208	235	106
222	235	8
17	234	87
29	234	65
36	234	44
39	234	92
40	234	31
42	234	72
66	234	153
71	234	78
72	234	99
74	234	37
80	234	72
81	234	75
82	234	78
83	234	99
84	234	96
85	234	104
86	234	27
87	234	62
88	234	57
89	234	36
99	234	61
109	234	52
112	234	145
119	234	32
125	234	81
128	234	73
134	234	49
135	234	53
139	234	85
143	234	47
147	234	57
149	234	77
152	234	82
153	234	47
154	234	88
155	234	25
158	234	28
170	234	33
178	234	51
180	234	84
185	234	82
191	234	56
193	234	114
207	234	45
209	234	31
219	234	57
15	233	63
28	233	40
40	233	42
50	233	39
58	233	42
62	233	35
66	233	133
71	233	20
72	233	64
73	233	54
76	233	51
78	233	58
80	233	108
81	233	25
82	233	54
83	233	108
84	233	69
86	233	26
87	233	66
88	233	22
92	233	58
109	233	61
113	233	35
114	233	85
117	233	67
118	233	17
122	233	37
124	233	44
127	233	26
128	233	62
129	233	17
134	233	41
135	233	92
144	233	49
146	233	37
147	233	139
161	233	40
162	233	22
173	233	22
176	233	73
178	233	42
179	233	38
184	233	59
188	233	51
192	233	13
193	233	34
199	233	32
202	233	73
206	233	49
208	233	66
219	233	49
13	232	19
15	232	52
21	232	23
28	232	75
33	232	47
38	232	42
47	232	54
51	232	59
55	232	62
56	232	48
59	232	57
62	232	56
63	232	85
70	232	80
72	232	74
75	232	52
76	232	50
78	232	82
79	232	90
82	232	72
83	232	61
84	232	122
85	232	65
86	232	26
87	232	87
88	232	62
89	232	61
90	232	35
112	232	117
115	232	67
116	232	27
120	232	37
123	232	81
125	232	78
128	232	137
129	232	77
130	232	49
134	232	69
135	232	25
139	232	57
143	232	82
150	232	62
151	232	63
154	232	95
157	232	42
158	232	54
161	232	25
163	232	57
165	232	71
166	232	59
167	232	241
170	232	43
171	232	104
# chipNumber: 4
# chipName:   G 10 W69
# numHits:    4
9	187	49
17	182	10
21	150	34
11	147	39
# chipNumber: 5
# chipName:   D 9 W69
# numHits:    0
# chipNumber: 6
# chipName:   L 8 W69
# numHits:    45
34	239	15
166	233	11810
41	230	42
50	224	46
53	224	68
22	222	54
28	222	10
44	222	19
56	222	39
44	216	19
53	214	43
20	213	43
36	212	25
35	211	26
53	211	34
22	210	46
39	208	16
54	208	33
20	207	38
10	206	16
63	206	38
234	203	11810
41	202	16
29	201	12
40	201	41
55	201	28
23	199	10
52	198	31
35	196	25
21	195	44
36	192	21
59	192	28
56	191	32
44	190	32
51	190	21
25	189	5
27	189	18
22	188	59
43	188	30
67	187	54
68	187	21
57	184	68
66	184	26
51	183	21
26	164	54
