## [General]
## runNumber:        241
## runTime:       	 7200
## runTimeFrames: 	 0
## pathName:         data/runs/Run_241_181022-16-16
## dateTime:         2018-10-22.18:04:39
## numChips:         7
## shutterTime:      30
## shutterMode:      verylong
## runMode:          0
## fastClock:        0
## externalTrigger:  0
## [Event]
## eventNumber:      8559
## useHvFadc:    	 1
## fadcReadout:    	 1
## szint1ClockInt:	 0
## szint2ClockInt:	 4095
## fadcTriggerClock: 0
# chipNumber: 0
# chipName:   E 6 W69
# numHits:    0
# chipNumber: 1
# chipName:   K 6 W69
# numHits:    174
81	238	26
232	235	65
244	235	39
47	232	61
103	228	26
69	227	16
74	224	22
225	224	51
71	222	50
70	221	70
87	220	49
87	219	55
237	219	52
80	217	49
167	215	21
204	215	37
71	213	9
60	212	57
70	212	38
77	212	47
78	212	46
230	212	89
92	211	37
219	211	54
73	210	48
91	210	30
76	208	45
91	208	93
208	208	23
210	208	13
211	208	59
73	207	95
194	207	18
62	206	87
145	206	44
230	206	33
59	205	58
68	205	44
139	205	57
57	204	42
62	204	71
77	204	26
79	204	90
68	203	77
90	202	54
100	202	33
236	202	59
41	201	41
70	201	26
71	201	69
56	200	19
63	200	30
69	200	62
74	200	36
57	199	42
110	199	125
125	199	37
68	198	61
106	198	52
108	198	23
123	198	52
243	198	45
72	197	43
86	197	34
123	197	90
141	197	69
165	197	54
66	196	19
68	196	52
69	196	53
74	196	8
79	196	36
83	196	92
94	196	47
212	196	58
69	195	31
83	195	26
95	195	49
212	195	78
233	195	30
237	195	82
78	194	14
80	194	58
92	194	15
106	194	46
24	193	47
102	193	17
107	193	80
123	193	33
74	192	46
157	192	27
67	191	45
157	191	34
54	190	44
62	190	40
83	190	32
77	189	68
78	189	17
89	189	40
101	189	41
79	188	74
183	188	35
79	187	84
183	187	24
212	187	57
80	186	27
97	186	50
107	186	54
75	184	61
85	184	43
136	184	67
163	184	56
78	183	79
143	183	42
161	183	51
247	183	79
95	182	6
102	182	18
239	182	48
77	181	43
84	181	89
86	180	67
93	180	39
243	180	58
167	179	42
65	178	55
66	178	56
75	176	22
76	176	41
146	176	93
71	175	16
75	175	26
120	175	32
80	173	72
175	173	42
51	172	33
91	172	79
118	172	70
121	172	61
150	172	26
90	170	34
143	170	49
158	170	25
64	169	36
69	169	24
71	168	23
72	168	64
126	168	75
163	167	12
48	164	54
49	164	53
87	164	24
51	162	52
77	162	29
115	157	27
189	157	17
56	156	43
86	156	50
119	155	37
68	154	15
69	154	38
150	154	44
54	153	34
73	152	33
108	150	20
109	147	56
116	146	33
73	145	30
133	145	42
97	144	40
99	143	32
105	135	59
130	133	39
80	109	39
# chipNumber: 2
# chipName:   H 9 W69
# numHits:    296
156	245	73
152	244	56
106	237	47
142	232	60
139	229	15
165	229	32
147	228	78
148	228	46
110	227	31
117	227	15
127	227	78
146	227	61
145	226	82
146	226	94
118	225	74
123	225	54
116	223	50
154	223	51
155	223	69
128	221	67
137	221	89
147	221	92
154	221	100
162	221	44
113	220	119
137	220	40
154	220	78
115	219	59
141	219	56
146	219	20
173	219	46
174	219	67
127	218	50
140	218	39
162	218	43
120	217	29
135	217	81
156	217	68
157	217	112
142	216	91
157	216	71
140	215	40
144	215	29
162	215	72
126	214	70
142	214	30
144	214	54
157	214	48
164	214	48
169	214	60
148	213	42
136	212	23
138	212	70
161	212	83
106	211	45
137	211	59
149	211	79
160	211	57
139	210	74
149	210	63
150	210	64
159	210	54
110	209	68
158	209	41
160	209	75
118	207	28
131	207	40
140	207	45
149	207	19
162	207	29
114	205	88
157	205	44
120	203	66
145	203	101
147	203	51
155	203	19
168	203	9
169	203	110
155	202	59
157	202	52
139	201	35
157	201	144
123	200	65
139	200	31
157	200	30
158	200	25
140	199	41
158	199	48
100	198	60
102	198	71
127	198	39
169	198	69
101	197	29
102	197	48
122	196	17
137	196	52
163	195	38
117	194	36
130	194	83
126	193	94
129	192	57
160	192	80
135	191	60
160	190	52
130	188	81
96	187	20
110	187	28
98	186	36
130	186	42
98	185	41
148	184	13
149	182	65
137	181	40
144	181	60
150	181	42
137	179	15
129	177	91
148	177	21
142	176	82
167	176	13
136	174	63
126	173	29
160	173	35
141	171	29
108	170	39
138	170	20
138	169	88
157	169	14
153	168	50
157	168	25
123	166	68
134	166	72
146	166	102
132	165	95
121	164	26
136	164	105
121	162	69
144	162	47
154	162	102
240	162	69
242	162	108
138	158	97
138	156	53
137	155	73
138	155	59
228	154	28
122	152	53
135	150	49
124	149	47
94	148	44
145	144	34
119	142	39
140	142	10
121	141	52
122	141	61
116	140	54
132	140	50
241	140	58
132	139	22
129	138	31
123	136	90
120	134	59
129	134	87
234	134	56
233	133	37
123	131	100
234	131	42
121	130	23
123	130	31
136	130	51
135	129	49
150	129	9
114	128	48
244	128	41
248	128	38
114	127	57
119	127	14
245	127	87
224	126	12
245	126	57
228	125	56
236	125	95
237	125	64
245	125	43
246	125	54
126	124	63
234	124	42
244	124	34
244	123	32
241	122	78
242	122	51
125	121	70
132	121	29
239	120	40
240	120	6
243	120	37
240	119	26
242	119	57
114	117	45
224	117	49
235	117	36
102	116	23
129	116	57
231	116	47
244	116	50
242	115	84
104	114	71
119	113	49
244	113	64
119	112	43
232	111	36
239	110	45
241	110	69
118	109	66
119	109	23
239	109	39
104	108	40
108	107	65
235	107	70
131	106	63
136	106	45
241	106	21
242	106	52
237	105	99
241	105	27
242	105	66
121	104	35
123	101	33
238	101	19
113	98	24
236	98	26
237	98	30
104	97	27
120	97	102
121	97	36
123	97	50
236	97	46
103	96	62
101	95	86
102	95	62
102	94	112
103	94	56
101	93	29
120	93	76
108	92	46
110	92	52
112	92	60
129	91	66
109	90	61
112	90	73
133	90	59
121	89	14
239	87	42
112	86	60
113	86	42
116	86	10
121	86	39
110	85	11
131	85	23
120	84	39
131	84	49
108	83	27
112	83	48
123	82	31
114	81	29
121	81	42
117	80	20
126	79	56
115	78	49
126	78	32
110	74	66
114	74	38
101	73	41
105	73	97
126	73	49
122	72	37
123	70	36
130	70	54
115	69	67
120	68	43
244	67	53
101	66	56
244	66	69
110	65	52
101	64	86
108	64	31
110	64	30
111	64	55
106	61	65
113	61	61
106	60	26
111	53	83
112	53	33
104	51	48
102	45	39
103	45	94
# chipNumber: 3
# chipName:   H 10 W69
# numHits:    19427
176	204	83
177	204	33
178	204	46
180	204	94
181	204	23
182	204	89
183	204	100
184	204	134
185	204	156
187	204	104
188	204	137
189	204	27
190	204	92
191	204	250
193	204	51
196	204	145
197	204	60
198	204	180
200	204	88
202	204	22
203	204	37
207	204	82
208	204	67
219	204	54
223	204	61
234	204	78
238	204	50
23	203	12
30	203	72
34	203	29
36	203	80
39	203	24
40	203	59
44	203	48
45	203	77
48	203	46
49	203	91
50	203	62
51	203	74
52	203	51
53	203	15
55	203	115
56	203	59
57	203	18
58	203	156
61	203	19
63	203	23
64	203	169
65	203	126
66	203	43
67	203	73
68	203	145
69	203	51
71	203	214
72	203	71
73	203	197
75	203	51
77	203	75
80	203	76
81	203	102
82	203	47
83	203	112
84	203	107
86	203	50
87	203	77
93	203	38
94	203	18
96	203	134
97	203	69
98	203	59
99	203	32
101	203	136
103	203	88
104	203	159
105	203	52
106	203	111
107	203	83
108	203	34
112	203	92
115	203	58
116	203	59
119	203	51
120	203	74
121	203	52
124	203	84
127	203	24
130	203	89
131	203	83
132	203	22
133	203	56
134	203	41
135	203	85
137	203	56
138	203	72
140	203	52
141	203	34
145	203	12
153	203	12
155	203	105
158	203	74
165	203	17
166	203	20
169	203	41
170	203	80
171	203	24
172	203	115
178	203	73
180	203	41
181	203	26
182	203	112
183	203	76
184	203	156
185	203	57
186	203	100
190	203	83
191	203	24
192	203	29
195	203	53
198	203	37
200	203	154
201	203	68
202	203	28
204	203	33
205	203	93
207	203	218
210	203	78
213	203	11
214	203	46
215	203	80
217	203	3
220	203	75
224	203	36
11	202	94
13	202	53
19	202	77
20	202	44
26	202	85
33	202	94
34	202	33
39	202	73
41	202	62
42	202	44
45	202	65
47	202	99
51	202	31
54	202	90
55	202	109
56	202	69
57	202	57
60	202	49
61	202	101
62	202	52
63	202	123
64	202	78
65	202	213
66	202	48
72	202	127
73	202	54
74	202	39
75	202	40
80	202	17
81	202	59
83	202	29
84	202	135
85	202	79
87	202	39
88	202	79
89	202	94
91	202	78
92	202	129
93	202	127
94	202	85
95	202	158
98	202	77
99	202	50
100	202	100
101	202	61
102	202	40
104	202	115
105	202	63
106	202	41
108	202	11
113	202	93
114	202	29
117	202	115
118	202	110
122	202	64
126	202	71
128	202	58
130	202	220
131	202	64
132	202	114
136	202	22
139	202	59
150	202	62
153	202	41
154	202	60
156	202	71
157	202	56
158	202	83
160	202	25
161	202	91
164	202	48
168	202	69
173	202	57
178	202	43
179	202	55
180	202	58
182	202	115
183	202	100
184	202	116
185	202	103
186	202	43
187	202	60
190	202	198
191	202	57
192	202	184
193	202	97
194	202	89
195	202	85
197	202	22
198	202	164
199	202	31
201	202	82
203	202	82
205	202	65
208	202	52
209	202	39
212	202	41
214	202	43
216	202	48
225	202	49
230	202	15
237	202	70
19	201	95
21	201	116
22	201	138
23	201	45
30	201	38
32	201	62
37	201	93
39	201	55
44	201	153
47	201	43
51	201	66
52	201	58
53	201	111
54	201	55
56	201	102
57	201	48
59	201	34
60	201	28
61	201	48
62	201	116
63	201	220
64	201	29
65	201	93
68	201	170
69	201	95
70	201	31
71	201	70
72	201	133
75	201	51
79	201	67
81	201	124
83	201	23
84	201	74
85	201	50
86	201	43
87	201	19
88	201	157
89	201	54
90	201	152
91	201	139
92	201	77
93	201	77
94	201	45
96	201	46
97	201	54
98	201	23
102	201	171
103	201	150
105	201	25
109	201	57
110	201	79
111	201	45
115	201	90
116	201	61
117	201	27
118	201	125
122	201	70
123	201	73
126	201	67
128	201	49
129	201	86
132	201	38
133	201	83
136	201	26
137	201	34
138	201	81
140	201	101
141	201	91
142	201	22
143	201	50
146	201	117
147	201	123
151	201	45
153	201	70
154	201	61
155	201	103
157	201	29
168	201	44
174	201	25
175	201	35
176	201	214
177	201	60
178	201	31
179	201	21
180	201	106
181	201	78
182	201	167
183	201	30
184	201	126
186	201	102
188	201	134
189	201	80
190	201	31
191	201	104
192	201	53
193	201	133
195	201	19
197	201	69
198	201	99
199	201	94
203	201	29
204	201	137
206	201	48
208	201	67
209	201	110
210	201	52
211	201	22
213	201	183
215	201	80
216	201	59
217	201	61
219	201	62
220	201	83
222	201	46
223	201	41
225	201	27
242	201	86
10	200	37
21	200	14
23	200	50
25	200	193
29	200	76
34	200	36
36	200	181
37	200	137
40	200	56
44	200	90
45	200	116
48	200	34
51	200	25
53	200	149
55	200	15
56	200	223
58	200	71
60	200	34
64	200	82
67	200	35
68	200	86
69	200	93
71	200	57
73	200	70
74	200	42
75	200	76
76	200	50
77	200	86
79	200	103
80	200	65
82	200	76
84	200	77
86	200	67
87	200	27
89	200	58
92	200	97
96	200	61
97	200	79
100	200	94
101	200	69
105	200	72
106	200	54
108	200	63
110	200	83
112	200	40
114	200	43
115	200	157
119	200	109
120	200	144
121	200	38
123	200	93
124	200	69
129	200	217
130	200	82
131	200	25
134	200	44
140	200	93
145	200	48
146	200	70
147	200	85
148	200	61
156	200	64
160	200	62
168	200	54
176	200	20
178	200	167
181	200	131
182	200	74
183	200	87
185	200	128
187	200	188
188	200	154
191	200	34
194	200	48
196	200	22
197	200	47
198	200	48
202	200	85
210	200	43
211	200	40
214	200	72
216	200	45
217	200	94
221	200	46
224	200	52
230	200	74
232	200	66
242	200	47
11	199	42
15	199	85
22	199	15
23	199	45
25	199	34
26	199	13
27	199	52
34	199	60
35	199	58
37	199	131
42	199	22
44	199	66
46	199	87
49	199	67
50	199	59
53	199	169
54	199	65
55	199	117
56	199	51
58	199	55
59	199	49
60	199	55
62	199	129
63	199	116
64	199	106
65	199	73
68	199	69
70	199	98
72	199	101
76	199	59
77	199	39
81	199	25
87	199	103
88	199	57
89	199	44
90	199	29
92	199	26
94	199	174
95	199	132
96	199	128
100	199	53
101	199	19
102	199	68
103	199	63
104	199	32
105	199	116
106	199	78
107	199	38
108	199	46
109	199	40
110	199	57
115	199	99
116	199	98
117	199	112
118	199	57
119	199	97
120	199	33
122	199	63
123	199	51
124	199	76
125	199	79
126	199	79
130	199	78
132	199	28
133	199	52
134	199	125
137	199	16
139	199	42
141	199	8
143	199	152
144	199	68
146	199	45
153	199	9
167	199	58
169	199	96
170	199	59
171	199	96
173	199	158
175	199	28
176	199	122
177	199	26
179	199	29
180	199	83
181	199	245
182	199	52
183	199	14
184	199	61
185	199	79
186	199	93
187	199	51
188	199	175
189	199	95
190	199	34
191	199	52
192	199	13
194	199	125
195	199	73
196	199	41
199	199	58
203	199	63
205	199	54
207	199	61
210	199	8
216	199	14
217	199	80
220	199	24
223	199	58
224	199	70
226	199	103
228	199	72
231	199	91
12	198	59
13	198	93
20	198	27
24	198	47
25	198	23
26	198	94
27	198	34
29	198	27
31	198	51
35	198	95
36	198	73
39	198	144
41	198	47
46	198	26
48	198	19
49	198	33
52	198	7
55	198	8
56	198	66
58	198	40
59	198	43
60	198	39
62	198	56
64	198	88
66	198	62
71	198	56
73	198	70
74	198	46
77	198	32
78	198	66
79	198	88
81	198	54
87	198	123
88	198	85
90	198	60
91	198	26
92	198	51
93	198	64
95	198	29
96	198	84
97	198	74
99	198	201
100	198	82
101	198	96
107	198	48
110	198	49
112	198	131
113	198	27
114	198	67
116	198	54
117	198	33
119	198	26
124	198	50
125	198	18
126	198	125
128	198	38
130	198	47
132	198	30
136	198	166
140	198	75
143	198	60
146	198	227
155	198	23
156	198	33
158	198	82
171	198	84
172	198	24
174	198	197
176	198	141
178	198	38
179	198	35
180	198	47
182	198	36
185	198	60
186	198	86
188	198	159
189	198	131
191	198	87
192	198	26
193	198	46
195	198	93
200	198	43
201	198	70
202	198	104
203	198	40
204	198	40
206	198	67
207	198	68
208	198	55
213	198	104
214	198	101
217	198	53
219	198	42
221	198	40
223	198	46
224	198	62
228	198	31
230	198	59
235	198	76
237	198	51
12	197	83
13	197	50
18	197	47
21	197	26
31	197	102
32	197	53
34	197	65
35	197	40
37	197	36
47	197	31
48	197	183
49	197	60
52	197	48
53	197	70
54	197	49
56	197	75
57	197	185
60	197	64
63	197	35
67	197	73
68	197	78
69	197	50
72	197	152
74	197	27
75	197	15
78	197	41
80	197	54
82	197	163
84	197	48
85	197	71
86	197	12
87	197	20
89	197	45
91	197	17
94	197	31
95	197	117
96	197	35
107	197	31
108	197	24
109	197	95
118	197	24
120	197	48
122	197	27
124	197	19
127	197	60
129	197	28
131	197	11
132	197	21
134	197	63
138	197	64
140	197	26
143	197	50
148	197	83
149	197	29
156	197	12
158	197	76
163	197	71
167	197	112
169	197	145
173	197	100
174	197	230
175	197	105
176	197	83
178	197	63
179	197	173
180	197	149
182	197	45
183	197	114
185	197	171
186	197	189
187	197	116
188	197	74
189	197	70
192	197	124
195	197	43
196	197	84
199	197	156
200	197	82
201	197	74
202	197	79
204	197	75
209	197	79
210	197	29
211	197	86
212	197	63
214	197	92
216	197	97
218	197	162
219	197	26
220	197	154
224	197	29
237	197	74
238	197	20
16	196	82
21	196	55
25	196	86
26	196	91
29	196	59
30	196	36
32	196	63
33	196	53
38	196	42
40	196	64
42	196	40
43	196	100
46	196	68
51	196	127
54	196	28
55	196	71
56	196	83
57	196	57
58	196	19
59	196	49
60	196	135
61	196	51
62	196	22
63	196	37
65	196	87
66	196	56
68	196	46
75	196	62
76	196	51
77	196	71
79	196	52
81	196	143
82	196	42
83	196	107
84	196	43
87	196	49
89	196	242
90	196	131
91	196	105
93	196	128
98	196	8
99	196	19
103	196	79
104	196	54
109	196	73
110	196	43
111	196	106
116	196	42
117	196	31
119	196	26
120	196	42
122	196	18
123	196	74
124	196	30
125	196	73
129	196	54
130	196	50
131	196	44
133	196	60
134	196	59
137	196	46
139	196	82
146	196	54
148	196	77
150	196	90
151	196	28
155	196	64
156	196	33
161	196	178
163	196	74
168	196	92
170	196	52
172	196	40
173	196	73
174	196	95
175	196	29
178	196	187
179	196	137
180	196	98
182	196	20
183	196	59
184	196	104
185	196	76
186	196	174
187	196	130
188	196	37
189	196	113
191	196	55
192	196	92
196	196	22
200	196	113
202	196	71
204	196	59
206	196	72
207	196	41
208	196	29
210	196	66
211	196	46
216	196	35
217	196	107
219	196	32
220	196	62
227	196	82
235	196	45
236	196	54
8	195	128
13	195	16
15	195	53
20	195	92
22	195	25
23	195	27
28	195	37
29	195	69
33	195	71
35	195	125
36	195	82
37	195	100
38	195	56
42	195	26
43	195	10
45	195	65
50	195	96
51	195	21
52	195	35
53	195	34
55	195	52
56	195	78
57	195	59
58	195	47
60	195	10
61	195	52
64	195	26
65	195	74
66	195	21
68	195	45
70	195	78
71	195	59
73	195	82
75	195	21
80	195	27
83	195	132
84	195	39
85	195	87
86	195	75
90	195	30
91	195	67
92	195	92
94	195	40
96	195	88
97	195	40
101	195	37
102	195	190
104	195	61
109	195	48
110	195	67
113	195	7
115	195	88
117	195	56
118	195	69
122	195	19
124	195	16
126	195	42
128	195	95
130	195	94
131	195	121
132	195	58
133	195	39
134	195	92
135	195	17
136	195	77
137	195	37
142	195	22
145	195	47
146	195	85
147	195	36
148	195	66
149	195	43
150	195	73
155	195	59
162	195	64
164	195	39
171	195	49
172	195	92
175	195	53
176	195	263
177	195	67
178	195	100
179	195	45
182	195	140
184	195	103
185	195	107
186	195	113
187	195	105
189	195	50
191	195	77
193	195	129
195	195	45
196	195	25
197	195	52
198	195	49
202	195	64
203	195	69
204	195	41
207	195	87
209	195	63
210	195	20
211	195	76
212	195	47
216	195	48
217	195	40
220	195	6
223	195	62
228	195	106
233	195	55
15	194	89
18	194	61
21	194	36
26	194	55
29	194	27
37	194	49
47	194	55
51	194	66
52	194	36
53	194	61
54	194	49
56	194	136
57	194	19
58	194	74
59	194	55
60	194	32
63	194	54
66	194	63
67	194	65
69	194	26
72	194	21
73	194	75
74	194	103
76	194	96
77	194	51
82	194	101
83	194	28
85	194	59
86	194	50
87	194	134
88	194	42
89	194	107
91	194	72
92	194	69
93	194	36
97	194	71
98	194	57
104	194	85
106	194	45
108	194	38
109	194	42
110	194	77
111	194	10
112	194	66
113	194	35
114	194	24
115	194	46
116	194	42
117	194	37
119	194	144
121	194	35
122	194	100
123	194	62
125	194	63
126	194	83
128	194	33
131	194	82
132	194	27
136	194	48
140	194	13
145	194	39
150	194	60
152	194	55
159	194	62
163	194	115
166	194	108
167	194	96
172	194	25
174	194	74
175	194	27
176	194	68
178	194	46
179	194	76
180	194	105
181	194	94
182	194	85
186	194	61
188	194	59
189	194	70
192	194	57
193	194	21
194	194	60
199	194	94
200	194	27
201	194	34
203	194	87
204	194	67
205	194	180
207	194	81
210	194	57
213	194	90
215	194	16
218	194	79
219	194	130
232	194	23
235	194	75
78	246	71
29	245	13
85	245	67
86	245	73
205	245	57
41	244	56
66	244	42
67	244	70
78	244	98
97	244	80
104	244	22
105	244	26
136	244	79
153	244	49
163	244	52
186	244	55
40	243	96
41	243	66
43	243	77
51	243	77
52	243	54
54	243	42
61	243	60
72	243	39
76	243	49
85	243	35
87	243	22
92	243	46
94	243	92
104	243	64
105	243	22
111	243	55
162	243	45
193	243	32
25	242	48
30	242	19
43	242	95
49	242	42
52	242	40
53	242	36
56	242	67
72	242	98
73	242	55
77	242	51
88	242	58
89	242	79
95	242	51
96	242	95
104	242	86
127	242	50
135	242	44
144	242	91
155	242	33
22	241	83
26	241	32
27	241	108
37	241	11
40	241	18
47	241	57
56	241	22
57	241	92
63	241	84
66	241	12
70	241	117
73	241	54
78	241	39
82	241	34
86	241	39
87	241	81
91	241	49
92	241	59
102	241	22
121	241	49
122	241	62
127	241	44
144	241	71
160	241	31
166	241	48
168	241	26
180	241	24
189	241	68
194	241	9
201	241	98
205	241	56
228	241	54
31	240	59
32	240	41
34	240	42
37	240	40
42	240	58
46	240	31
47	240	64
48	240	54
56	240	22
63	240	54
65	240	31
67	240	72
73	240	51
82	240	20
86	240	45
87	240	46
89	240	35
95	240	34
99	240	39
100	240	29
107	240	46
109	240	87
145	240	66
168	240	37
176	240	48
186	240	55
188	240	83
189	240	27
191	240	62
192	240	71
194	240	44
226	240	72
30	239	51
35	239	48
41	239	17
42	239	162
43	239	53
46	239	67
48	239	39
51	239	72
52	239	24
56	239	136
57	239	36
63	239	85
67	239	44
70	239	26
75	239	52
78	239	29
80	239	24
82	239	66
86	239	14
88	239	124
99	239	99
109	239	47
118	239	23
134	239	37
138	239	93
141	239	57
142	239	47
143	239	60
161	239	10
166	239	85
169	239	56
176	239	64
179	239	19
180	239	124
181	239	55
183	239	31
206	239	54
214	239	43
215	239	79
233	239	69
16	238	83
29	238	78
32	238	34
33	238	41
38	238	54
41	238	65
43	238	43
46	238	94
48	238	77
50	238	75
51	238	65
57	238	53
58	238	62
61	238	127
63	238	50
64	238	45
65	238	55
66	238	48
69	238	24
71	238	32
72	238	34
75	238	56
80	238	32
84	238	71
98	238	72
101	238	30
103	238	51
107	238	87
122	238	21
140	238	104
167	238	63
169	238	19
171	238	51
173	238	51
176	238	58
190	238	71
215	238	21
34	237	68
36	237	26
37	237	103
39	237	42
41	237	71
43	237	30
44	237	54
50	237	42
52	237	20
54	237	83
55	237	28
57	237	62
58	237	56
60	237	85
61	237	73
63	237	35
69	237	95
70	237	31
73	237	55
74	237	59
76	237	15
78	237	60
85	237	26
88	237	7
90	237	74
92	237	92
93	237	267
94	237	36
97	237	57
98	237	51
100	237	33
133	237	81
134	237	42
140	237	35
160	237	101
173	237	49
179	237	34
183	237	56
184	237	64
185	237	30
191	237	65
192	237	22
198	237	84
202	237	121
215	237	71
216	237	92
17	236	31
19	236	79
20	236	63
26	236	73
29	236	60
33	236	30
34	236	75
37	236	69
39	236	40
40	236	66
41	236	102
50	236	54
58	236	65
59	236	38
61	236	63
62	236	97
64	236	94
66	236	64
67	236	160
68	236	61
69	236	98
70	236	44
71	236	102
73	236	95
76	236	71
78	236	83
79	236	19
81	236	119
87	236	81
88	236	67
92	236	61
94	236	67
96	236	118
97	236	56
98	236	63
99	236	36
101	236	88
103	236	35
104	236	76
107	236	33
116	236	10
139	236	76
149	236	134
157	236	114
159	236	51
164	236	45
177	236	22
178	236	58
190	236	80
192	236	45
202	236	57
24	235	10
25	235	54
27	235	95
32	235	38
34	235	55
36	235	41
37	235	52
38	235	86
45	235	46
46	235	54
49	235	55
50	235	29
54	235	54
57	235	61
59	235	8
60	235	27
63	235	24
65	235	81
66	235	42
67	235	62
68	235	63
71	235	32
72	235	15
73	235	136
76	235	167
78	235	23
84	235	32
87	235	34
88	235	54
90	235	48
92	235	28
95	235	27
97	235	70
98	235	20
99	235	29
101	235	27
106	235	94
107	235	51
109	235	36
116	235	47
121	235	18
123	235	69
124	235	80
128	235	49
142	235	62
154	235	55
158	235	106
161	235	47
163	235	40
164	235	59
167	235	41
169	235	42
176	235	47
177	235	56
178	235	17
181	235	55
183	235	65
189	235	68
190	235	117
191	235	78
194	235	43
195	235	18
202	235	94
203	235	2
209	235	63
22	234	46
24	234	130
28	234	47
34	234	124
35	234	37
37	234	130
40	234	30
41	234	54
47	234	165
52	234	46
56	234	52
57	234	74
60	234	51
65	234	54
66	234	49
67	234	46
68	234	44
69	234	14
70	234	36
72	234	69
73	234	23
78	234	39
82	234	67
86	234	92
90	234	63
91	234	74
94	234	44
95	234	41
97	234	97
101	234	36
102	234	187
104	234	55
106	234	35
115	234	55
121	234	34
122	234	59
132	234	45
135	234	44
137	234	26
147	234	86
148	234	42
149	234	70
155	234	36
158	234	96
165	234	52
166	234	92
180	234	65
182	234	40
183	234	70
186	234	80
201	234	26
203	234	49
204	234	84
205	234	48
208	234	74
20	233	67
22	233	53
28	233	74
30	233	39
31	233	68
32	233	68
33	233	6
38	233	23
40	233	170
45	233	54
46	233	87
50	233	34
52	233	129
54	233	68
55	233	26
58	233	43
59	233	103
61	233	34
64	233	80
67	233	58
70	233	48
73	233	51
74	233	15
75	233	3
76	233	62
77	233	60
79	233	38
84	233	71
86	233	38
89	233	66
92	233	91
99	233	73
102	233	31
103	233	55
104	233	50
114	233	82
133	233	27
134	233	55
143	233	28
148	233	44
149	233	51
152	233	43
154	233	33
161	233	47
169	233	43
175	233	138
182	233	31
183	233	97
185	233	38
189	233	68
190	233	90
192	233	27
195	233	24
198	233	78
202	233	85
203	233	60
207	233	59
209	233	55
228	233	84
238	233	55
28	232	100
29	232	49
30	232	138
31	232	106
32	232	129
34	232	65
37	232	23
38	232	47
40	232	64
41	232	37
42	232	40
44	232	39
47	232	67
53	232	22
55	232	37
60	232	37
62	232	105
64	232	33
66	232	57
69	232	119
71	232	68
72	232	118
73	232	98
77	232	53
81	232	49
88	232	42
89	232	51
90	232	119
93	232	43
94	232	62
98	232	79
101	232	52
103	232	96
108	232	94
110	232	35
113	232	61
114	232	26
117	232	39
128	232	59
134	232	52
136	232	50
150	232	23
162	232	35
165	232	41
179	232	23
191	232	40
197	232	49
207	232	82
208	232	31
235	232	68
10	231	92
23	231	29
32	231	53
37	231	28
39	231	137
42	231	42
43	231	60
44	231	37
48	231	64
49	231	24
50	231	142
51	231	45
56	231	84
57	231	28
58	231	19
64	231	68
65	231	85
66	231	60
69	231	37
71	231	43
72	231	78
73	231	123
74	231	92
75	231	68
76	231	23
77	231	68
78	231	51
79	231	112
83	231	74
84	231	63
85	231	47
86	231	36
87	231	54
91	231	60
93	231	61
94	231	34
96	231	37
97	231	17
98	231	44
103	231	119
104	231	34
109	231	68
110	231	49
113	231	71
114	231	139
118	231	102
131	231	77
133	231	47
137	231	67
153	231	71
156	231	51
159	231	20
161	231	67
162	231	74
163	231	63
164	231	82
170	231	23
171	231	28
172	231	54
174	231	63
175	231	50
176	231	74
178	231	33
179	231	50
185	231	39
190	231	13
193	231	81
202	231	52
203	231	54
205	231	43
243	231	81
23	230	88
26	230	69
31	230	44
32	230	67
34	230	73
36	230	109
37	230	14
38	230	22
41	230	35
45	230	20
46	230	9
49	230	22
50	230	167
52	230	125
55	230	171
56	230	71
59	230	15
60	230	26
62	230	17
63	230	197
64	230	55
66	230	51
67	230	48
68	230	140
69	230	70
70	230	61
71	230	91
72	230	66
73	230	43
74	230	62
78	230	55
79	230	47
82	230	57
83	230	13
84	230	98
85	230	41
89	230	106
91	230	33
92	230	15
95	230	37
96	230	58
97	230	47
98	230	60
100	230	42
101	230	78
104	230	29
105	230	40
106	230	106
107	230	98
108	230	82
115	230	22
117	230	68
118	230	81
121	230	34
126	230	81
136	230	58
137	230	34
139	230	108
146	230	60
151	230	31
155	230	20
157	230	100
158	230	55
159	230	69
161	230	32
164	230	139
167	230	101
173	230	48
174	230	75
177	230	57
178	230	69
181	230	124
183	230	4
184	230	54
186	230	74
193	230	58
197	230	123
211	230	57
212	230	46
221	230	45
18	229	48
19	229	72
20	229	55
21	229	42
22	229	30
24	229	73
26	229	85
28	229	37
30	229	38
31	229	58
42	229	100
44	229	48
45	229	94
46	229	37
50	229	31
52	229	106
54	229	51
55	229	17
57	229	82
59	229	61
60	229	115
61	229	40
62	229	87
63	229	88
67	229	61
68	229	36
69	229	109
70	229	59
76	229	113
82	229	50
84	229	34
85	229	184
86	229	80
87	229	60
88	229	69
89	229	80
90	229	82
92	229	65
96	229	35
99	229	48
100	229	57
105	229	99
108	229	76
110	229	20
111	229	42
114	229	32
121	229	67
125	229	32
133	229	53
139	229	57
148	229	27
151	229	79
159	229	64
170	229	135
172	229	96
173	229	102
174	229	54
175	229	92
180	229	53
181	229	64
183	229	25
186	229	18
192	229	80
196	229	57
197	229	155
198	229	55
200	229	57
202	229	123
203	229	56
205	229	54
27	228	20
28	228	59
29	228	112
31	228	55
34	228	45
35	228	38
37	228	75
39	228	70
40	228	103
41	228	119
42	228	44
43	228	107
44	228	35
46	228	93
47	228	37
50	228	26
51	228	57
54	228	36
56	228	121
58	228	34
59	228	227
63	228	25
68	228	77
73	228	22
76	228	68
78	228	50
79	228	60
81	228	70
82	228	58
84	228	85
85	228	199
88	228	17
89	228	70
90	228	35
92	228	127
93	228	70
94	228	69
95	228	81
97	228	22
98	228	50
99	228	75
100	228	49
101	228	17
102	228	62
103	228	13
104	228	77
105	228	73
109	228	122
110	228	58
113	228	69
114	228	52
115	228	5
122	228	136
125	228	60
128	228	47
130	228	35
132	228	26
133	228	67
151	228	61
152	228	80
155	228	62
156	228	79
161	228	57
163	228	74
168	228	57
170	228	4
171	228	50
173	228	45
176	228	80
177	228	97
181	228	100
184	228	54
185	228	35
189	228	41
191	228	43
200	228	22
205	228	77
215	228	89
27	227	25
29	227	29
30	227	49
31	227	38
32	227	32
33	227	68
34	227	90
35	227	98
36	227	86
37	227	39
38	227	56
40	227	27
43	227	55
44	227	81
45	227	48
47	227	68
48	227	80
49	227	249
53	227	31
54	227	63
58	227	83
60	227	61
65	227	37
66	227	50
68	227	74
72	227	43
73	227	193
79	227	60
80	227	59
81	227	52
84	227	47
85	227	96
86	227	95
87	227	54
92	227	72
93	227	48
96	227	49
98	227	40
100	227	32
102	227	60
103	227	33
105	227	49
106	227	6
109	227	36
110	227	59
113	227	53
114	227	37
115	227	56
144	227	17
147	227	22
153	227	42
155	227	49
159	227	28
164	227	61
170	227	83
182	227	17
186	227	16
192	227	59
193	227	79
195	227	38
196	227	46
198	227	57
199	227	13
201	227	49
203	227	63
204	227	126
207	227	26
210	227	102
16	226	74
17	226	40
22	226	51
28	226	65
30	226	49
32	226	67
34	226	40
35	226	20
36	226	36
37	226	32
39	226	30
43	226	48
45	226	66
47	226	110
49	226	51
50	226	134
51	226	7
52	226	26
53	226	41
54	226	21
58	226	91
59	226	55
61	226	70
62	226	127
63	226	66
64	226	40
65	226	11
68	226	107
69	226	156
72	226	129
73	226	86
76	226	36
79	226	48
80	226	154
81	226	78
85	226	86
86	226	50
87	226	46
89	226	31
90	226	52
95	226	92
97	226	42
98	226	67
99	226	38
100	226	54
102	226	57
109	226	49
112	226	69
114	226	23
118	226	92
120	226	208
121	226	37
124	226	49
128	226	60
132	226	42
138	226	56
145	226	86
146	226	52
150	226	57
160	226	143
171	226	40
173	226	49
181	226	70
183	226	55
194	226	193
195	226	29
197	226	57
199	226	38
201	226	34
206	226	14
210	226	89
18	225	32
21	225	56
25	225	40
29	225	44
31	225	48
32	225	136
33	225	144
35	225	50
38	225	100
39	225	75
40	225	109
42	225	43
44	225	51
46	225	93
47	225	18
49	225	116
51	225	83
54	225	129
55	225	45
57	225	30
59	225	68
60	225	50
61	225	100
63	225	60
64	225	121
66	225	46
71	225	68
72	225	35
77	225	50
80	225	24
83	225	52
85	225	63
87	225	68
88	225	46
89	225	75
92	225	85
98	225	38
100	225	54
102	225	55
106	225	111
107	225	79
108	225	80
109	225	68
110	225	83
118	225	66
138	225	62
140	225	52
144	225	43
146	225	56
150	225	23
152	225	41
153	225	46
154	225	25
158	225	131
165	225	70
169	225	91
171	225	46
174	225	102
175	225	56
177	225	23
179	225	36
193	225	38
198	225	18
200	225	70
207	225	84
10	224	26
15	224	65
16	224	37
25	224	58
26	224	66
27	224	42
29	224	29
30	224	70
31	224	51
32	224	140
33	224	50
42	224	112
43	224	70
48	224	54
49	224	78
51	224	18
52	224	68
53	224	139
56	224	99
61	224	94
62	224	44
67	224	48
68	224	49
69	224	56
71	224	107
73	224	34
74	224	33
76	224	42
77	224	52
78	224	35
79	224	85
82	224	45
84	224	15
87	224	122
89	224	102
90	224	102
91	224	22
94	224	51
95	224	56
96	224	41
98	224	70
100	224	77
101	224	30
104	224	51
106	224	100
107	224	28
109	224	57
112	224	40
118	224	76
124	224	19
125	224	36
126	224	96
138	224	46
141	224	65
142	224	36
143	224	55
144	224	47
146	224	29
149	224	19
150	224	30
155	224	59
156	224	43
157	224	18
162	224	26
164	224	129
165	224	76
168	224	57
169	224	18
171	224	48
175	224	47
178	224	100
183	224	87
184	224	58
186	224	110
187	224	39
189	224	24
191	224	41
193	224	100
198	224	93
200	224	95
201	224	93
202	224	32
204	224	85
206	224	48
218	224	37
243	224	51
14	223	63
15	223	57
18	223	26
21	223	70
29	223	44
35	223	35
36	223	57
39	223	71
40	223	12
41	223	84
43	223	98
46	223	26
47	223	93
48	223	93
49	223	25
53	223	132
55	223	35
56	223	94
58	223	26
59	223	127
60	223	110
61	223	38
63	223	31
64	223	103
65	223	95
66	223	97
69	223	122
70	223	44
71	223	97
72	223	38
73	223	54
74	223	30
75	223	98
78	223	59
80	223	85
81	223	96
82	223	136
83	223	70
85	223	28
86	223	17
87	223	22
90	223	43
91	223	137
92	223	67
93	223	71
100	223	70
101	223	31
104	223	145
105	223	64
106	223	156
107	223	16
110	223	17
121	223	42
125	223	19
136	223	45
137	223	135
141	223	10
144	223	62
152	223	41
154	223	58
155	223	68
157	223	79
161	223	46
162	223	47
167	223	45
170	223	51
172	223	26
182	223	45
187	223	60
198	223	60
199	223	108
201	223	75
206	223	42
207	223	54
211	223	30
219	223	71
30	222	52
33	222	64
35	222	88
36	222	100
37	222	37
38	222	55
39	222	59
41	222	117
44	222	213
47	222	48
48	222	54
49	222	152
50	222	52
51	222	29
52	222	143
54	222	32
58	222	106
59	222	125
61	222	52
63	222	103
64	222	104
65	222	101
66	222	67
68	222	8
70	222	75
73	222	59
74	222	124
77	222	75
78	222	189
80	222	146
81	222	87
82	222	149
84	222	30
88	222	49
89	222	51
93	222	42
97	222	65
98	222	52
100	222	61
101	222	70
102	222	19
104	222	7
107	222	165
108	222	33
114	222	80
117	222	46
118	222	24
119	222	59
121	222	73
135	222	44
142	222	15
148	222	95
151	222	79
152	222	66
153	222	53
154	222	25
163	222	87
165	222	82
167	222	76
169	222	54
174	222	100
175	222	121
176	222	141
179	222	115
181	222	22
183	222	43
185	222	75
192	222	86
194	222	25
196	222	124
198	222	70
206	222	127
216	222	94
12	221	52
15	221	65
23	221	21
28	221	23
32	221	67
37	221	65
38	221	59
40	221	36
41	221	3
42	221	181
43	221	95
44	221	72
45	221	121
46	221	130
49	221	48
50	221	103
52	221	76
54	221	92
55	221	119
56	221	8
60	221	95
62	221	29
63	221	68
64	221	105
65	221	35
69	221	40
70	221	15
72	221	29
74	221	220
80	221	153
82	221	49
83	221	206
84	221	76
85	221	71
86	221	49
87	221	13
88	221	58
90	221	234
91	221	44
92	221	25
94	221	93
97	221	63
98	221	25
100	221	130
101	221	47
113	221	47
115	221	42
123	221	69
125	221	31
126	221	50
136	221	49
137	221	59
139	221	63
140	221	105
143	221	49
150	221	40
151	221	46
156	221	16
160	221	28
161	221	25
165	221	34
166	221	35
169	221	60
170	221	61
171	221	67
172	221	32
174	221	38
180	221	66
181	221	67
186	221	145
191	221	57
192	221	47
194	221	132
195	221	43
203	221	54
213	221	66
217	221	29
14	220	90
18	220	31
28	220	23
29	220	58
30	220	78
37	220	66
38	220	90
42	220	22
43	220	36
44	220	54
46	220	103
47	220	206
48	220	81
49	220	57
50	220	43
55	220	28
56	220	39
58	220	82
59	220	41
60	220	106
61	220	44
62	220	93
63	220	40
64	220	115
65	220	43
67	220	35
71	220	47
72	220	87
73	220	100
74	220	66
75	220	73
76	220	197
78	220	69
79	220	103
87	220	15
88	220	31
89	220	298
90	220	71
91	220	46
92	220	221
93	220	51
99	220	76
100	220	32
106	220	95
108	220	60
109	220	77
110	220	22
115	220	61
116	220	97
117	220	61
118	220	64
129	220	57
132	220	73
133	220	50
139	220	68
147	220	26
151	220	50
154	220	79
160	220	49
162	220	63
163	220	120
170	220	58
173	220	55
176	220	20
184	220	68
187	220	106
188	220	133
189	220	87
190	220	102
191	220	54
193	220	26
194	220	84
196	220	47
198	220	138
202	220	74
203	220	80
205	220	22
225	220	57
24	219	71
25	219	76
27	219	79
31	219	67
32	219	63
34	219	125
36	219	69
37	219	101
38	219	109
39	219	57
41	219	53
43	219	39
44	219	77
45	219	22
46	219	165
47	219	9
48	219	77
49	219	213
50	219	112
51	219	44
52	219	52
53	219	72
55	219	59
56	219	46
57	219	79
58	219	62
59	219	99
63	219	62
64	219	74
65	219	11
66	219	192
67	219	36
70	219	170
71	219	32
74	219	46
75	219	66
77	219	25
79	219	68
80	219	125
82	219	55
83	219	70
86	219	48
87	219	47
89	219	47
90	219	27
96	219	156
104	219	58
105	219	26
107	219	65
108	219	65
109	219	75
111	219	106
112	219	32
115	219	40
119	219	82
129	219	106
132	219	23
133	219	22
142	219	57
147	219	50
159	219	9
162	219	113
163	219	57
166	219	66
171	219	40
181	219	50
184	219	40
185	219	47
186	219	41
190	219	76
193	219	54
196	219	87
197	219	105
199	219	99
203	219	28
214	219	48
16	218	79
22	218	19
23	218	54
25	218	74
33	218	70
37	218	24
38	218	39
39	218	47
42	218	77
45	218	65
48	218	97
49	218	49
51	218	14
52	218	116
55	218	48
56	218	69
59	218	244
60	218	42
61	218	95
62	218	218
64	218	58
65	218	77
69	218	68
70	218	116
71	218	47
72	218	76
76	218	45
77	218	77
78	218	120
81	218	69
82	218	75
84	218	103
85	218	25
86	218	77
89	218	65
90	218	58
91	218	28
93	218	32
94	218	91
96	218	60
97	218	50
99	218	16
101	218	11
102	218	17
103	218	57
104	218	17
107	218	40
112	218	46
114	218	60
115	218	37
120	218	38
127	218	63
128	218	117
131	218	35
133	218	37
134	218	29
140	218	75
141	218	57
142	218	68
148	218	16
154	218	72
157	218	82
159	218	161
160	218	33
161	218	67
162	218	55
163	218	158
165	218	57
167	218	75
168	218	121
173	218	62
179	218	50
181	218	24
182	218	52
183	218	20
184	218	77
185	218	126
186	218	60
188	218	71
189	218	140
190	218	85
192	218	107
194	218	94
196	218	48
197	218	32
200	218	89
211	218	44
23	217	54
27	217	29
28	217	113
31	217	70
34	217	66
37	217	62
39	217	54
42	217	63
47	217	96
48	217	271
49	217	112
55	217	29
56	217	62
57	217	52
58	217	45
59	217	17
60	217	117
61	217	60
62	217	124
63	217	49
64	217	90
66	217	66
67	217	28
68	217	135
69	217	69
70	217	49
71	217	81
73	217	31
74	217	112
75	217	59
78	217	67
79	217	143
80	217	74
81	217	67
82	217	133
83	217	36
84	217	146
85	217	73
86	217	68
87	217	20
88	217	24
89	217	80
90	217	38
92	217	13
93	217	84
94	217	153
95	217	46
97	217	25
98	217	82
99	217	62
101	217	18
102	217	37
103	217	57
104	217	26
108	217	21
109	217	86
113	217	77
115	217	52
116	217	49
118	217	54
119	217	36
124	217	27
125	217	15
127	217	26
128	217	38
129	217	8
131	217	68
132	217	47
133	217	57
134	217	75
135	217	75
137	217	70
139	217	40
144	217	19
145	217	104
146	217	49
150	217	22
160	217	20
163	217	21
167	217	70
175	217	42
176	217	39
180	217	40
181	217	76
182	217	75
186	217	39
188	217	42
189	217	142
190	217	85
191	217	99
192	217	97
193	217	107
194	217	57
195	217	21
196	217	63
198	217	50
203	217	46
211	217	32
222	217	65
18	216	24
22	216	68
23	216	47
24	216	22
25	216	94
26	216	60
28	216	69
30	216	111
31	216	73
36	216	37
38	216	134
39	216	129
41	216	66
42	216	62
44	216	78
45	216	48
46	216	14
48	216	96
49	216	77
50	216	35
51	216	75
52	216	26
54	216	110
55	216	81
57	216	194
58	216	36
59	216	65
60	216	167
61	216	82
62	216	131
63	216	75
64	216	60
68	216	117
69	216	60
70	216	168
71	216	157
73	216	28
75	216	223
76	216	103
79	216	160
80	216	90
83	216	37
85	216	27
87	216	152
92	216	51
93	216	140
98	216	71
99	216	29
100	216	86
102	216	122
106	216	45
111	216	20
112	216	36
116	216	62
119	216	52
122	216	71
127	216	67
135	216	65
143	216	22
146	216	57
147	216	42
149	216	46
150	216	80
153	216	25
155	216	59
160	216	76
162	216	39
163	216	54
164	216	106
165	216	50
167	216	22
172	216	62
173	216	173
175	216	45
179	216	49
181	216	15
184	216	26
185	216	34
186	216	104
187	216	63
188	216	119
190	216	135
192	216	233
193	216	47
194	216	93
195	216	79
197	216	53
198	216	88
204	216	33
213	216	71
16	215	46
27	215	43
32	215	74
33	215	58
34	215	65
35	215	104
39	215	51
41	215	72
42	215	77
43	215	21
44	215	42
45	215	103
46	215	131
47	215	92
48	215	140
49	215	86
50	215	41
51	215	55
52	215	28
53	215	92
55	215	14
57	215	95
58	215	146
59	215	27
60	215	109
61	215	37
63	215	33
65	215	55
66	215	155
68	215	69
69	215	36
70	215	55
71	215	60
72	215	83
73	215	98
75	215	91
76	215	69
77	215	38
78	215	50
79	215	172
80	215	180
81	215	130
82	215	173
84	215	47
85	215	126
88	215	41
89	215	49
90	215	61
91	215	41
93	215	52
94	215	54
95	215	75
96	215	134
97	215	31
101	215	150
102	215	29
105	215	32
106	215	79
107	215	82
113	215	37
117	215	105
120	215	75
122	215	64
126	215	115
127	215	42
128	215	18
130	215	54
131	215	75
135	215	50
136	215	46
138	215	60
141	215	106
142	215	70
149	215	114
150	215	83
154	215	75
155	215	12
160	215	78
164	215	51
166	215	54
167	215	71
169	215	56
174	215	54
176	215	6
180	215	62
181	215	106
183	215	41
184	215	35
185	215	76
186	215	97
187	215	54
188	215	219
189	215	57
190	215	136
191	215	99
192	215	132
194	215	70
196	215	35
199	215	46
200	215	41
201	215	49
202	215	47
204	215	27
205	215	61
209	215	88
214	215	25
14	214	59
17	214	93
20	214	77
23	214	116
27	214	49
28	214	27
29	214	93
33	214	37
34	214	33
35	214	18
38	214	79
39	214	38
40	214	41
42	214	72
43	214	58
44	214	16
47	214	232
48	214	88
49	214	52
52	214	59
53	214	86
56	214	72
57	214	30
58	214	44
59	214	54
60	214	34
63	214	41
65	214	127
68	214	37
70	214	86
71	214	21
73	214	46
74	214	81
78	214	93
79	214	100
81	214	82
86	214	43
92	214	110
93	214	98
94	214	103
95	214	24
99	214	42
105	214	20
107	214	72
112	214	22
113	214	56
114	214	45
117	214	71
120	214	95
121	214	95
122	214	49
124	214	53
125	214	43
127	214	3
130	214	49
131	214	139
132	214	25
134	214	28
136	214	69
138	214	79
148	214	35
150	214	33
155	214	48
156	214	16
159	214	94
165	214	129
166	214	49
168	214	55
177	214	28
180	214	35
181	214	94
183	214	83
184	214	41
187	214	87
189	214	134
190	214	262
191	214	228
192	214	112
193	214	69
195	214	70
196	214	34
200	214	88
202	214	98
203	214	29
204	214	54
208	214	73
213	214	52
215	214	80
219	214	64
228	214	21
20	213	52
23	213	40
26	213	69
28	213	186
29	213	30
35	213	44
37	213	55
38	213	35
44	213	10
45	213	60
49	213	109
52	213	96
53	213	56
55	213	14
56	213	51
57	213	19
58	213	47
59	213	114
62	213	82
63	213	43
64	213	77
65	213	90
66	213	97
67	213	101
70	213	43
71	213	43
73	213	67
76	213	88
77	213	208
78	213	152
80	213	46
81	213	46
85	213	77
86	213	91
87	213	69
88	213	22
90	213	143
91	213	50
92	213	64
93	213	44
94	213	93
96	213	77
98	213	23
102	213	84
103	213	106
104	213	74
105	213	41
107	213	70
108	213	53
109	213	69
110	213	73
113	213	46
114	213	68
115	213	108
117	213	65
118	213	47
120	213	29
121	213	29
123	213	95
124	213	67
125	213	78
129	213	20
130	213	34
132	213	51
133	213	40
134	213	79
144	213	38
153	213	63
158	213	97
161	213	45
165	213	66
167	213	75
168	213	92
173	213	55
175	213	62
176	213	44
180	213	113
184	213	25
187	213	99
188	213	96
189	213	52
190	213	43
191	213	86
192	213	149
193	213	120
194	213	135
195	213	39
197	213	41
198	213	3
199	213	31
200	213	38
204	213	50
208	213	27
211	213	73
215	213	101
220	213	22
20	212	66
21	212	53
24	212	65
26	212	48
27	212	55
28	212	68
29	212	48
30	212	49
34	212	33
35	212	149
36	212	130
43	212	90
45	212	100
46	212	73
48	212	59
50	212	86
51	212	60
53	212	57
54	212	125
55	212	37
56	212	135
57	212	52
58	212	131
59	212	141
62	212	103
63	212	103
65	212	20
66	212	56
67	212	60
68	212	33
70	212	59
71	212	99
72	212	166
73	212	154
76	212	75
78	212	52
79	212	75
80	212	52
81	212	21
82	212	87
83	212	57
84	212	74
85	212	83
87	212	44
89	212	127
91	212	70
92	212	124
93	212	27
95	212	82
96	212	22
98	212	108
100	212	46
103	212	100
104	212	103
106	212	19
109	212	41
110	212	158
114	212	89
115	212	182
116	212	75
117	212	18
118	212	6
120	212	62
123	212	140
124	212	187
130	212	11
132	212	165
133	212	28
135	212	44
136	212	32
138	212	45
140	212	37
141	212	52
143	212	29
144	212	100
146	212	61
152	212	74
153	212	44
155	212	67
156	212	18
159	212	59
170	212	56
171	212	141
176	212	28
177	212	27
183	212	24
184	212	109
185	212	89
186	212	66
187	212	106
188	212	106
189	212	98
190	212	119
191	212	112
192	212	208
193	212	62
194	212	195
195	212	100
196	212	49
197	212	117
198	212	42
199	212	51
200	212	47
201	212	5
202	212	103
203	212	66
205	212	41
212	212	19
218	212	45
220	212	62
15	211	82
18	211	23
19	211	51
21	211	47
26	211	50
29	211	69
30	211	6
31	211	34
36	211	24
38	211	51
40	211	71
41	211	39
42	211	46
43	211	56
44	211	52
45	211	141
47	211	65
48	211	57
52	211	71
53	211	142
54	211	48
56	211	29
57	211	99
59	211	152
60	211	90
61	211	78
63	211	39
65	211	128
66	211	56
67	211	77
69	211	152
71	211	126
72	211	70
73	211	25
75	211	141
76	211	98
77	211	80
78	211	140
79	211	54
80	211	35
81	211	59
83	211	59
84	211	119
85	211	131
86	211	87
88	211	27
89	211	72
90	211	43
91	211	48
93	211	20
94	211	42
97	211	21
98	211	55
99	211	101
101	211	14
102	211	40
108	211	109
109	211	131
110	211	41
112	211	80
113	211	29
115	211	37
117	211	64
122	211	122
123	211	34
124	211	47
125	211	62
126	211	52
127	211	65
129	211	87
130	211	128
133	211	66
134	211	45
136	211	31
144	211	101
145	211	123
146	211	57
152	211	80
153	211	26
156	211	46
157	211	91
160	211	70
161	211	38
165	211	34
166	211	90
167	211	52
168	211	37
173	211	75
175	211	69
177	211	58
179	211	58
181	211	96
182	211	56
183	211	28
184	211	45
186	211	125
187	211	136
188	211	285
189	211	36
190	211	106
191	211	75
192	211	121
193	211	192
194	211	77
195	211	78
196	211	250
197	211	51
198	211	93
199	211	59
200	211	76
209	211	32
217	211	14
218	211	65
219	211	76
10	210	68
17	210	56
19	210	104
22	210	110
26	210	68
28	210	86
29	210	139
30	210	38
32	210	160
33	210	61
39	210	42
41	210	71
42	210	83
45	210	48
47	210	156
48	210	98
49	210	85
50	210	41
51	210	56
53	210	82
54	210	126
56	210	114
57	210	229
58	210	119
59	210	54
61	210	47
64	210	94
66	210	39
67	210	163
68	210	73
69	210	236
70	210	62
71	210	55
72	210	20
73	210	59
74	210	87
75	210	147
76	210	377
77	210	25
78	210	93
79	210	76
80	210	136
81	210	87
83	210	76
84	210	43
85	210	192
86	210	13
87	210	60
88	210	57
90	210	73
91	210	57
96	210	70
97	210	98
98	210	42
103	210	95
105	210	109
106	210	56
110	210	35
113	210	52
116	210	67
118	210	89
119	210	96
120	210	21
124	210	98
125	210	26
126	210	14
127	210	59
128	210	27
129	210	36
130	210	32
132	210	120
133	210	36
135	210	121
136	210	82
137	210	41
143	210	26
144	210	50
150	210	58
153	210	15
158	210	20
160	210	41
163	210	79
164	210	39
165	210	78
166	210	55
168	210	58
171	210	68
172	210	90
177	210	74
178	210	35
179	210	23
180	210	22
181	210	74
182	210	57
183	210	107
186	210	94
187	210	109
188	210	78
189	210	39
190	210	51
191	210	89
192	210	86
193	210	161
194	210	46
195	210	29
196	210	108
197	210	16
199	210	57
200	210	34
201	210	5
202	210	85
203	210	45
207	210	75
209	210	25
211	210	40
214	210	73
218	210	10
220	210	51
221	210	186
224	210	23
227	210	78
14	209	29
18	209	31
19	209	72
22	209	79
28	209	15
30	209	110
31	209	43
34	209	40
35	209	69
36	209	13
38	209	139
39	209	79
40	209	19
42	209	100
46	209	47
49	209	116
50	209	62
51	209	44
52	209	179
53	209	147
54	209	70
56	209	71
57	209	150
58	209	33
61	209	87
62	209	165
63	209	77
64	209	49
66	209	194
67	209	59
68	209	170
69	209	164
70	209	37
71	209	155
72	209	36
73	209	75
75	209	99
76	209	106
77	209	36
78	209	196
81	209	23
83	209	40
86	209	101
87	209	144
88	209	61
91	209	29
92	209	19
96	209	75
97	209	28
98	209	46
99	209	109
100	209	41
101	209	61
103	209	38
104	209	23
105	209	70
106	209	54
110	209	146
111	209	67
112	209	23
114	209	86
115	209	14
116	209	36
119	209	84
125	209	98
126	209	123
127	209	39
129	209	48
130	209	64
131	209	58
132	209	116
134	209	91
136	209	84
138	209	44
140	209	82
141	209	32
148	209	72
149	209	36
151	209	90
154	209	35
160	209	55
166	209	45
170	209	56
171	209	24
172	209	79
174	209	66
179	209	86
180	209	67
181	209	75
182	209	54
184	209	44
185	209	151
187	209	57
188	209	79
189	209	41
190	209	135
191	209	54
192	209	102
193	209	59
194	209	58
195	209	14
197	209	42
198	209	36
200	209	40
201	209	80
202	209	36
209	209	17
215	209	47
217	209	83
224	209	83
231	209	78
236	209	57
12	208	94
24	208	35
25	208	40
27	208	43
29	208	40
30	208	55
31	208	122
32	208	62
36	208	77
37	208	112
38	208	51
40	208	43
41	208	36
43	208	51
46	208	50
47	208	108
50	208	60
51	208	56
53	208	34
55	208	114
56	208	83
57	208	49
60	208	169
61	208	28
62	208	63
63	208	72
64	208	20
65	208	126
66	208	5
67	208	131
68	208	107
69	208	57
71	208	40
72	208	59
73	208	98
75	208	27
78	208	27
79	208	37
80	208	49
82	208	40
83	208	61
84	208	49
85	208	77
86	208	73
87	208	150
89	208	131
90	208	193
92	208	40
94	208	214
95	208	133
98	208	98
100	208	129
103	208	41
109	208	85
112	208	67
113	208	50
114	208	61
117	208	63
119	208	46
122	208	48
123	208	93
124	208	31
125	208	171
126	208	43
128	208	38
129	208	68
130	208	60
134	208	59
136	208	110
138	208	34
142	208	78
147	208	21
148	208	34
149	208	86
151	208	22
160	208	82
162	208	61
166	208	103
167	208	51
168	208	111
171	208	45
173	208	46
177	208	65
180	208	58
182	208	73
184	208	181
185	208	151
186	208	71
187	208	158
188	208	270
189	208	91
190	208	27
191	208	160
192	208	158
193	208	41
194	208	92
195	208	214
196	208	121
197	208	95
198	208	26
199	208	101
205	208	63
206	208	49
209	208	87
210	208	140
212	208	37
213	208	80
223	208	101
17	207	52
18	207	80
21	207	64
27	207	142
31	207	81
34	207	20
35	207	31
37	207	20
38	207	52
39	207	54
40	207	43
42	207	39
44	207	103
46	207	70
50	207	97
52	207	54
54	207	74
55	207	75
56	207	78
57	207	57
58	207	45
60	207	127
61	207	37
62	207	125
63	207	75
64	207	112
66	207	30
67	207	83
68	207	57
71	207	75
72	207	85
74	207	46
75	207	55
76	207	79
84	207	132
85	207	6
87	207	17
89	207	45
90	207	224
91	207	83
93	207	181
94	207	49
95	207	29
97	207	78
98	207	30
102	207	128
103	207	83
104	207	15
108	207	74
109	207	75
111	207	140
112	207	120
115	207	63
116	207	17
117	207	114
118	207	83
120	207	71
124	207	181
125	207	130
127	207	102
128	207	135
129	207	92
130	207	15
133	207	28
134	207	142
135	207	74
136	207	211
137	207	32
141	207	35
142	207	176
144	207	55
146	207	62
148	207	76
153	207	50
154	207	49
155	207	15
161	207	61
162	207	33
170	207	55
173	207	90
176	207	107
177	207	18
178	207	21
179	207	99
181	207	117
183	207	108
184	207	118
185	207	99
186	207	106
187	207	170
188	207	61
189	207	265
190	207	131
191	207	82
193	207	54
195	207	134
196	207	38
197	207	121
199	207	67
202	207	60
205	207	132
209	207	95
211	207	57
212	207	22
218	207	82
219	207	49
220	207	45
223	207	76
224	207	15
16	206	46
25	206	60
30	206	94
34	206	79
35	206	66
38	206	45
40	206	17
42	206	165
45	206	22
46	206	77
47	206	83
48	206	41
50	206	83
51	206	121
52	206	66
53	206	83
54	206	74
55	206	69
56	206	118
58	206	25
59	206	60
61	206	57
63	206	109
64	206	92
65	206	120
66	206	154
67	206	48
68	206	52
69	206	55
70	206	84
71	206	128
73	206	25
74	206	107
75	206	87
76	206	72
77	206	118
80	206	40
83	206	74
85	206	43
89	206	16
90	206	103
91	206	59
92	206	45
94	206	132
98	206	70
99	206	97
100	206	79
101	206	59
102	206	22
103	206	45
104	206	52
108	206	83
109	206	81
111	206	55
112	206	70
113	206	91
117	206	11
118	206	52
119	206	51
120	206	110
121	206	85
124	206	83
127	206	56
128	206	59
134	206	19
136	206	55
138	206	48
142	206	64
143	206	95
146	206	49
150	206	208
151	206	30
156	206	25
159	206	38
160	206	55
161	206	61
162	206	34
163	206	13
166	206	31
168	206	17
172	206	16
174	206	76
175	206	47
176	206	43
177	206	101
179	206	26
180	206	119
182	206	32
183	206	78
184	206	70
185	206	173
186	206	130
187	206	116
188	206	239
189	206	201
190	206	115
191	206	126
192	206	131
193	206	141
194	206	50
196	206	14
197	206	52
198	206	101
199	206	131
200	206	56
203	206	120
214	206	110
14	205	62
16	205	100
17	205	38
18	205	109
31	205	32
36	205	72
37	205	68
38	205	64
39	205	41
40	205	120
43	205	28
46	205	18
47	205	51
49	205	99
50	205	51
51	205	46
52	205	115
53	205	72
54	205	83
55	205	115
57	205	78
58	205	49
60	205	31
61	205	30
64	205	63
66	205	57
69	205	62
70	205	159
72	205	74
76	205	92
77	205	61
79	205	201
81	205	79
82	205	130
83	205	186
84	205	57
87	205	76
88	205	60
92	205	41
93	205	83
97	205	41
98	205	173
100	205	25
101	205	88
102	205	148
103	205	19
104	205	61
105	205	85
107	205	50
108	205	75
109	205	81
113	205	103
116	205	124
117	205	20
118	205	20
119	205	94
120	205	51
121	205	65
125	205	125
127	205	61
131	205	82
132	205	96
133	205	71
134	205	86
136	205	94
138	205	79
142	205	38
145	205	67
146	205	74
148	205	90
149	205	60
150	205	26
155	205	60
158	205	60
166	205	48
168	205	70
169	205	54
170	205	43
171	205	47
172	205	116
173	205	43
175	205	68
176	205	18
179	205	77
180	205	107
181	205	24
182	205	54
184	205	69
185	205	96
186	205	42
187	205	318
188	205	159
189	205	87
190	205	196
191	205	39
192	205	204
193	205	105
194	205	54
197	205	43
199	205	133
201	205	18
202	205	182
203	205	39
204	205	217
205	205	179
206	205	40
207	205	65
208	205	103
209	205	75
211	205	33
212	205	38
213	205	39
214	205	44
215	205	55
219	205	63
222	205	94
224	205	41
229	205	101
17	204	37
20	204	85
21	204	63
22	204	45
28	204	22
36	204	41
40	204	56
44	204	44
46	204	36
48	204	36
49	204	77
50	204	150
52	204	74
53	204	58
54	204	118
55	204	170
56	204	55
57	204	206
58	204	179
59	204	58
61	204	109
62	204	43
63	204	135
64	204	39
69	204	43
70	204	49
72	204	64
74	204	131
75	204	38
78	204	37
79	204	27
80	204	47
81	204	92
82	204	34
83	204	28
84	204	54
85	204	121
86	204	174
87	204	103
88	204	67
90	204	63
92	204	89
95	204	39
97	204	52
98	204	120
99	204	49
100	204	83
101	204	117
102	204	44
104	204	35
105	204	89
106	204	64
109	204	48
110	204	75
111	204	62
113	204	16
114	204	69
115	204	69
116	204	124
118	204	74
119	204	79
120	204	83
121	204	108
124	204	33
125	204	49
126	204	31
129	204	21
130	204	114
131	204	174
133	204	84
137	204	99
138	204	17
142	204	45
143	204	87
144	204	36
145	204	39
147	204	44
149	204	132
153	204	130
155	204	38
158	204	127
165	204	65
168	204	114
169	204	81
170	204	36
174	204	42
# chipNumber: 4
# chipName:   G 10 W69
# numHits:    627
95	241	37
78	238	31
13	231	21
52	230	46
76	226	81
57	225	45
54	224	73
28	216	62
34	216	43
41	214	50
46	214	24
98	211	35
139	210	30
76	209	79
77	209	25
90	209	68
31	207	72
153	207	64
110	205	36
72	204	73
82	204	37
90	204	62
163	204	101
47	203	47
43	202	48
44	202	60
98	201	56
99	201	18
81	200	26
67	199	51
38	198	25
64	197	47
10	196	48
93	196	73
11	195	51
120	195	41
155	195	27
126	194	26
242	194	70
99	193	24
80	192	43
154	192	63
83	191	88
91	191	21
82	190	72
92	190	66
66	189	99
164	189	53
126	188	37
72	187	75
143	187	60
220	187	48
59	186	27
71	186	46
99	186	60
148	186	32
74	185	27
95	185	60
148	185	44
160	185	37
84	184	49
90	183	29
91	183	39
144	183	49
148	183	19
68	182	58
144	182	35
145	182	5
147	182	43
148	182	44
149	182	101
155	182	75
157	182	61
73	181	65
132	181	56
140	181	51
149	181	63
153	181	19
155	181	44
167	181	78
230	181	32
68	180	30
77	180	26
153	180	46
176	180	76
71	179	19
72	179	19
77	179	22
176	179	99
60	178	62
81	178	59
163	178	70
135	177	59
244	177	38
106	176	94
128	176	60
151	176	11
160	176	10
179	176	74
88	175	7
137	175	29
146	175	73
154	175	41
173	175	58
84	174	36
87	174	15
88	174	108
118	174	39
147	174	16
148	174	92
87	173	56
88	173	47
104	173	81
147	173	66
89	172	121
96	172	73
132	172	43
143	172	38
150	172	57
84	171	32
89	171	33
152	171	55
169	171	24
172	171	33
101	170	66
108	170	59
109	170	18
111	170	62
136	170	64
153	170	45
154	170	49
223	170	84
224	170	43
100	169	36
109	169	82
111	169	50
134	169	44
137	169	54
154	169	58
216	169	70
241	169	60
93	168	45
106	168	81
107	168	100
218	168	68
226	168	73
228	168	62
242	168	23
78	167	21
139	167	49
142	167	44
217	167	87
239	167	44
143	166	36
163	166	57
169	166	62
234	166	109
236	166	56
65	165	49
73	165	89
108	165	60
109	165	34
113	165	29
138	165	53
220	165	31
223	165	43
225	165	31
227	165	19
98	164	21
109	164	22
129	164	45
144	164	52
205	164	36
206	164	49
225	164	97
229	164	49
230	164	124
72	163	36
85	163	39
102	163	53
116	163	64
146	163	54
216	163	13
218	163	17
221	163	25
223	163	32
224	163	44
226	163	113
227	163	58
230	163	39
231	163	69
58	162	80
85	162	31
221	162	71
222	162	20
224	162	102
225	162	12
226	162	86
228	162	76
231	162	81
77	161	89
85	161	62
217	161	35
221	161	18
222	161	73
223	161	70
224	161	83
225	161	90
229	161	103
230	161	77
112	160	74
118	160	60
166	160	65
205	160	101
206	160	2
207	160	26
215	160	48
219	160	24
222	160	56
224	160	39
226	160	76
227	160	65
228	160	89
229	160	62
230	160	88
231	160	44
232	160	54
234	160	24
235	160	51
92	159	107
93	159	66
210	159	38
215	159	71
221	159	45
223	159	61
224	159	94
225	159	59
226	159	26
227	159	9
228	159	25
229	159	59
230	159	106
231	159	52
233	159	39
235	159	53
239	159	64
69	158	53
74	158	19
94	158	40
143	158	46
159	158	66
212	158	12
219	158	65
221	158	50
224	158	54
225	158	79
226	158	95
227	158	33
229	158	52
230	158	79
231	158	21
232	158	39
234	158	52
91	157	37
214	157	45
216	157	63
217	157	100
219	157	24
221	157	14
222	157	108
223	157	91
224	157	90
225	157	53
226	157	79
227	157	118
228	157	93
230	157	83
231	157	16
232	157	91
233	157	4
179	156	30
184	156	74
214	156	45
216	156	63
217	156	55
220	156	88
223	156	125
224	156	109
225	156	83
226	156	107
227	156	84
228	156	162
229	156	48
230	156	60
231	156	56
232	156	112
233	156	64
234	156	96
235	156	51
50	155	74
80	155	102
88	155	53
213	155	29
214	155	33
219	155	12
221	155	115
222	155	33
223	155	89
224	155	77
225	155	110
226	155	113
227	155	88
228	155	54
232	155	85
233	155	119
234	155	51
236	155	37
237	155	27
238	155	17
111	154	56
213	154	10
214	154	73
215	154	14
216	154	67
218	154	73
219	154	74
221	154	40
222	154	142
224	154	53
225	154	62
227	154	93
228	154	102
230	154	54
235	154	22
236	154	49
239	154	81
81	153	16
89	153	78
211	153	51
214	153	27
217	153	103
218	153	104
222	153	140
223	153	44
224	153	34
225	153	128
228	153	48
229	153	66
230	153	111
232	153	49
233	153	39
234	153	42
237	153	107
240	153	74
98	152	51
105	152	81
111	152	88
219	152	85
220	152	63
221	152	88
223	152	160
224	152	69
225	152	76
226	152	38
227	152	129
228	152	92
230	152	91
231	152	80
233	152	79
236	152	53
85	151	49
205	151	85
211	151	34
213	151	22
214	151	54
216	151	29
217	151	98
220	151	65
222	151	78
223	151	109
224	151	53
225	151	108
226	151	15
228	151	58
229	151	33
231	151	104
233	151	69
80	150	53
87	150	94
97	150	47
216	150	137
221	150	102
224	150	122
226	150	97
227	150	75
234	150	20
237	150	31
238	150	57
240	150	109
241	150	77
86	149	21
213	149	68
214	149	32
219	149	81
220	149	62
221	149	45
224	149	78
225	149	46
226	149	112
227	149	11
228	149	64
229	149	111
230	149	101
231	149	30
235	149	55
237	149	68
239	149	25
240	149	52
241	149	89
86	148	111
97	148	20
108	148	109
216	148	46
219	148	28
223	148	39
224	148	62
225	148	16
227	148	88
228	148	65
230	148	91
234	148	81
236	148	85
237	148	27
239	148	54
71	147	65
82	147	28
85	147	41
118	147	29
206	147	33
209	147	49
212	147	70
217	147	70
220	147	77
221	147	55
222	147	100
223	147	50
226	147	63
230	147	68
232	147	65
237	147	27
94	146	45
95	146	33
97	146	51
101	146	32
204	146	79
209	146	43
217	146	56
222	146	49
226	146	14
229	146	29
230	146	82
233	146	50
78	145	77
83	145	41
87	145	73
102	145	65
106	145	71
211	145	52
212	145	101
218	145	73
219	145	84
220	145	58
221	145	47
222	145	82
225	145	54
227	145	39
228	145	107
231	145	51
97	144	58
106	144	73
221	144	93
222	144	89
223	144	23
224	144	66
227	144	38
232	144	105
233	144	9
241	144	41
76	143	63
79	143	34
98	143	33
103	143	33
212	143	37
216	143	41
221	143	67
228	143	15
86	142	73
90	142	40
96	142	16
107	142	59
121	142	55
214	142	59
226	142	95
231	142	20
236	142	48
237	142	39
83	141	62
84	141	31
102	141	25
221	141	58
223	141	78
226	141	35
232	141	21
100	140	70
105	140	35
221	140	96
230	140	88
95	139	64
108	139	26
119	139	71
226	139	49
102	138	70
221	138	40
230	138	90
108	137	55
94	136	70
227	136	26
236	136	63
203	135	52
18	134	51
78	133	39
91	133	46
95	133	34
100	133	49
102	133	41
215	133	39
88	132	21
103	132	81
104	132	45
93	131	70
103	131	102
211	131	62
82	130	66
85	130	76
90	130	64
203	130	5
211	130	68
82	129	29
90	129	17
97	129	48
86	128	73
97	128	44
99	128	36
112	128	72
196	128	42
100	127	52
196	126	34
202	126	66
84	125	85
199	125	41
84	124	54
203	124	59
91	123	67
114	123	25
198	123	48
202	123	67
203	123	53
205	123	60
115	122	62
199	122	67
75	121	51
96	121	54
116	121	83
199	121	26
204	121	28
199	120	54
103	119	43
193	112	58
188	109	42
192	109	85
101	108	65
184	107	46
190	106	54
116	104	22
190	104	22
182	99	23
184	99	97
184	98	85
185	98	67
179	92	64
116	87	91
115	83	54
68	82	3
124	80	29
115	79	25
106	78	77
112	74	69
134	74	24
135	74	34
104	72	42
124	69	65
146	69	85
120	58	11
121	58	48
120	57	170
121	57	127
122	57	43
133	57	62
120	56	90
124	56	34
122	54	33
122	53	91
123	51	52
122	50	65
130	48	35
148	48	65
155	46	106
154	45	43
152	43	55
153	42	48
134	40	58
138	38	53
160	16	78
173	15	63
141	13	76
143	13	36
143	7	33
# chipNumber: 5
# chipName:   D 9 W69
# numHits:    108
55	238	73
63	232	25
51	221	14
64	220	22
28	215	94
23	214	35
33	214	47
78	214	21
25	213	29
33	213	33
42	211	25
34	210	40
49	209	50
57	209	71
49	208	42
43	207	25
69	206	59
52	204	60
43	203	51
32	202	26
36	201	43
45	200	61
48	200	32
52	200	48
41	199	10
50	199	19
37	198	25
63	198	32
32	197	29
53	196	15
57	196	33
58	196	35
61	195	51
62	194	70
67	194	43
82	194	34
41	193	27
61	193	30
64	193	45
24	192	20
24	191	26
37	191	24
41	191	15
66	191	20
69	190	23
37	189	108
66	189	16
69	189	148
60	188	8
38	187	73
46	187	48
53	187	29
67	187	36
31	186	135
53	186	45
30	185	11
35	185	22
37	184	17
35	183	34
71	183	61
28	182	30
52	182	25
30	181	98
45	181	22
46	180	17
49	178	54
65	178	55
33	177	38
51	177	28
34	175	66
21	174	22
33	174	34
38	174	23
69	174	61
44	172	48
45	172	53
50	172	24
65	171	59
68	171	34
33	170	24
36	169	27
48	167	50
58	165	74
34	164	62
14	163	19
59	159	34
34	158	42
35	158	57
48	158	23
25	156	30
62	144	16
25	133	50
69	132	10
37	125	35
57	120	6
63	114	23
65	114	8
11	110	90
32	97	25
37	89	35
43	88	32
31	85	2
13	76	30
46	76	27
41	56	34
29	44	29
47	39	22
41	5	37
# chipNumber: 6
# chipName:   L 8 W69
# numHits:    230
49	239	20
50	237	52
36	236	38
166	233	11810
75	221	31
71	220	35
241	218	49
243	218	56
245	218	20
96	217	64
241	217	13
242	215	19
243	215	32
244	215	21
242	213	16
243	213	46
242	212	10
245	212	85
134	210	30
217	210	21
129	209	81
139	208	15
209	208	16
144	205	50
194	205	19
143	204	53
190	204	45
194	204	57
195	204	74
196	204	21
197	204	40
247	204	48
193	203	36
194	203	95
195	203	66
234	203	11810
195	202	74
141	201	48
180	201	32
150	200	57
152	198	37
155	198	27
156	198	65
152	197	37
156	197	34
157	197	21
152	196	51
157	196	143
152	195	40
156	195	19
154	194	23
155	194	19
156	194	28
154	193	29
156	193	92
161	193	42
153	192	36
154	192	44
155	192	26
157	192	25
159	192	52
165	192	19
151	191	33
164	191	16
170	191	17
156	190	82
158	190	33
162	190	9
151	189	23
152	189	12
157	189	11
163	189	65
164	189	38
201	189	55
159	188	113
163	188	12
174	188	23
175	188	56
156	187	47
159	187	72
166	187	51
156	186	55
158	186	69
151	185	45
156	185	58
158	185	67
164	185	40
159	184	32
150	183	33
151	183	27
158	183	14
161	183	9
165	183	39
168	183	56
182	183	30
162	182	25
169	182	91
168	181	25
169	181	46
170	181	33
171	181	24
159	180	95
172	180	37
173	180	34
170	179	4
175	179	33
160	178	26
161	178	40
166	178	5
170	178	58
172	178	31
174	178	34
182	178	49
184	178	31
187	178	39
188	178	57
199	178	17
188	177	84
175	176	9
183	176	68
195	176	50
173	175	40
187	175	57
189	175	54
193	175	34
194	175	32
179	174	17
191	174	35
193	174	30
197	174	60
198	174	23
177	173	12
181	173	16
186	173	70
188	173	27
189	173	25
191	173	16
207	173	41
179	171	25
186	171	20
192	171	44
215	171	42
187	170	48
188	170	28
205	169	11
199	168	76
200	168	18
204	167	38
228	167	35
199	166	24
204	166	10
193	165	31
200	165	37
208	165	22
207	164	27
222	164	39
195	163	36
219	163	13
207	162	35
209	162	57
217	162	94
219	162	21
231	162	14
213	161	87
225	161	38
202	160	20
207	160	32
213	160	50
214	160	39
217	160	78
221	160	30
211	159	15
213	159	72
214	159	53
215	159	94
219	159	57
198	158	13
207	158	17
208	158	13
212	158	39
222	158	30
207	157	23
209	157	47
224	157	11
219	156	29
236	156	65
220	155	24
234	155	19
235	155	39
215	154	30
222	154	50
224	154	142
237	154	43
229	153	29
231	153	22
232	153	23
238	153	37
243	153	19
218	152	55
223	152	15
228	152	22
230	152	30
235	152	40
238	152	29
240	152	11
247	152	45
218	151	17
241	151	17
224	150	35
229	150	93
230	150	96
241	150	42
243	150	33
220	149	23
226	148	31
235	148	25
217	147	35
224	147	18
225	147	65
234	147	28
217	146	40
226	146	45
227	146	50
244	145	30
245	144	20
224	142	31
228	138	15
239	138	20
243	123	22
245	123	8
