## [General]
## runNumber:        241
## runTime:       	 7200
## runTimeFrames: 	 0
## pathName:         data/runs/Run_241_181022-16-16
## dateTime:         2018-10-22.17:15:59
## numChips:         7
## shutterTime:      30
## shutterMode:      verylong
## runMode:          0
## fastClock:        0
## externalTrigger:  0
## [Event]
## eventNumber:      4710
## useHvFadc:    	 1
## fadcReadout:    	 1
## szint1ClockInt:	 0
## szint2ClockInt:	 0
## fadcTriggerClock: 0
# chipNumber: 0
# chipName:   E 6 W69
# numHits:    0
# chipNumber: 1
# chipName:   K 6 W69
# numHits:    0
# chipNumber: 2
# chipName:   H 9 W69
# numHits:    1
246	138	69
# chipNumber: 3
# chipName:   H 10 W69
# numHits:    17413
101	215	61
103	215	73
111	215	66
113	215	88
114	215	76
116	215	67
125	215	87
132	215	66
133	215	87
135	215	44
142	215	78
143	215	141
144	215	49
147	215	64
148	215	36
151	215	73
153	215	12
163	215	39
164	215	38
165	215	71
173	215	39
178	215	84
179	215	100
180	215	14
190	215	18
191	215	113
192	215	47
193	215	56
199	215	22
203	215	65
207	215	79
210	215	84
220	215	20
239	215	39
22	214	42
30	214	72
32	214	40
34	214	41
35	214	27
38	214	51
39	214	28
41	214	62
42	214	75
49	214	146
50	214	62
51	214	167
52	214	137
53	214	13
54	214	50
55	214	67
56	214	102
61	214	54
63	214	18
66	214	52
68	214	133
69	214	43
71	214	55
73	214	127
74	214	32
79	214	16
84	214	102
87	214	9
88	214	66
89	214	74
91	214	64
93	214	64
97	214	39
103	214	33
105	214	117
106	214	68
107	214	59
109	214	48
111	214	90
117	214	71
118	214	75
120	214	39
127	214	79
131	214	44
132	214	55
133	214	50
136	214	66
138	214	49
139	214	50
142	214	49
152	214	20
162	214	60
164	214	35
165	214	71
175	214	112
183	214	16
189	214	45
196	214	70
198	214	31
201	214	76
203	214	37
205	214	85
210	214	86
211	214	46
213	214	54
215	214	38
217	214	37
230	214	53
26	213	56
28	213	44
30	213	85
38	213	71
46	213	137
47	213	69
51	213	22
55	213	42
61	213	40
64	213	119
71	213	52
72	213	82
77	213	18
79	213	45
83	213	47
87	213	137
98	213	46
100	213	76
101	213	42
103	213	58
104	213	52
105	213	45
109	213	22
112	213	45
113	213	48
115	213	71
116	213	38
117	213	81
119	213	120
124	213	70
130	213	40
133	213	67
135	213	33
136	213	50
137	213	32
139	213	75
143	213	51
144	213	45
148	213	48
149	213	77
150	213	29
152	213	95
155	213	82
156	213	27
162	213	55
167	213	10
171	213	49
176	213	43
184	213	27
186	213	64
191	213	43
195	213	93
196	213	37
197	213	82
201	213	48
202	213	149
217	213	77
218	213	65
228	213	70
25	212	33
27	212	46
28	212	125
34	212	63
35	212	135
37	212	33
38	212	88
43	212	24
47	212	58
56	212	84
60	212	39
61	212	37
63	212	106
68	212	71
69	212	78
71	212	32
76	212	81
79	212	16
80	212	130
82	212	62
84	212	53
85	212	105
91	212	44
93	212	140
94	212	156
95	212	21
98	212	56
117	212	49
119	212	90
127	212	183
130	212	121
135	212	54
136	212	72
139	212	80
140	212	123
141	212	97
145	212	84
147	212	65
148	212	14
153	212	106
154	212	104
157	212	161
159	212	13
160	212	91
162	212	74
163	212	23
169	212	85
170	212	37
172	212	117
173	212	46
181	212	30
192	212	71
193	212	51
194	212	68
197	212	120
198	212	88
199	212	38
200	212	57
202	212	25
203	212	106
205	212	56
206	212	114
212	212	41
213	212	78
217	212	88
218	212	69
229	212	57
244	212	28
18	211	68
27	211	62
48	211	37
49	211	87
51	211	40
53	211	74
55	211	58
60	211	88
61	211	48
62	211	48
63	211	70
64	211	61
71	211	88
72	211	55
73	211	102
75	211	36
77	211	29
79	211	47
81	211	24
84	211	76
90	211	67
91	211	24
92	211	65
93	211	22
94	211	54
95	211	61
98	211	68
101	211	32
109	211	87
117	211	88
118	211	55
119	211	65
121	211	70
122	211	64
126	211	66
134	211	78
135	211	57
137	211	45
138	211	61
142	211	156
155	211	50
157	211	66
169	211	98
171	211	27
172	211	25
180	211	33
192	211	64
194	211	75
197	211	27
200	211	48
202	211	140
208	211	46
213	211	92
218	211	37
229	211	60
15	210	33
25	210	99
26	210	28
27	210	55
32	210	84
34	210	30
49	210	12
52	210	37
53	210	54
54	210	68
56	210	74
63	210	101
68	210	31
70	210	65
71	210	17
72	210	43
73	210	106
74	210	45
76	210	115
79	210	139
82	210	64
88	210	30
90	210	37
91	210	26
92	210	77
94	210	36
99	210	104
102	210	67
103	210	54
106	210	58
109	210	97
110	210	103
111	210	22
112	210	47
115	210	50
121	210	88
124	210	24
127	210	124
131	210	70
133	210	33
135	210	74
139	210	52
140	210	69
141	210	28
142	210	136
146	210	26
153	210	29
154	210	45
163	210	75
164	210	27
166	210	24
169	210	28
180	210	29
181	210	36
199	210	54
201	210	44
202	210	76
205	210	62
206	210	60
210	210	29
212	210	155
213	210	57
216	210	121
217	210	62
221	210	47
222	210	143
223	210	73
233	210	66
16	209	45
17	209	25
36	209	65
39	209	33
40	209	61
44	209	35
48	209	70
53	209	101
57	209	62
59	209	25
60	209	11
62	209	20
68	209	83
69	209	37
71	209	21
73	209	41
74	209	120
75	209	59
76	209	68
79	209	26
81	209	60
83	209	36
84	209	95
85	209	58
89	209	37
93	209	106
94	209	207
95	209	67
102	209	40
103	209	67
105	209	16
106	209	54
108	209	52
109	209	148
110	209	74
111	209	30
112	209	47
115	209	82
116	209	65
120	209	79
121	209	39
122	209	36
124	209	68
125	209	49
130	209	68
131	209	52
133	209	62
135	209	36
142	209	156
146	209	28
147	209	84
148	209	64
150	209	100
152	209	10
153	209	84
157	209	75
158	209	80
162	209	68
164	209	49
166	209	37
168	209	51
169	209	48
179	209	76
184	209	37
187	209	20
189	209	40
201	209	128
210	209	13
211	209	73
212	209	57
215	209	128
216	209	66
219	209	51
223	209	55
224	209	16
21	208	54
39	208	50
40	208	14
43	208	63
44	208	102
46	208	36
48	208	38
49	208	107
50	208	89
54	208	5
56	208	34
62	208	23
63	208	46
64	208	101
65	208	97
67	208	21
68	208	26
69	208	57
71	208	64
72	208	69
74	208	31
76	208	65
77	208	40
80	208	33
83	208	9
84	208	43
85	208	68
87	208	34
90	208	69
93	208	22
95	208	52
101	208	59
105	208	66
106	208	34
107	208	66
113	208	66
114	208	129
115	208	52
118	208	31
121	208	53
128	208	40
132	208	51
135	208	103
136	208	78
138	208	56
139	208	99
140	208	79
141	208	34
143	208	18
144	208	59
145	208	3
146	208	28
147	208	91
151	208	49
152	208	29
153	208	24
154	208	28
156	208	119
164	208	89
168	208	55
169	208	33
177	208	37
180	208	57
188	208	27
189	208	38
191	208	60
193	208	46
194	208	60
196	208	93
198	208	11
199	208	66
204	208	71
206	208	43
207	208	63
208	208	63
210	208	54
213	208	36
214	208	59
215	208	14
217	208	57
235	208	66
14	207	23
22	207	14
27	207	58
31	207	33
34	207	29
37	207	88
40	207	104
44	207	33
48	207	139
49	207	123
50	207	81
54	207	77
56	207	54
61	207	60
65	207	110
66	207	46
67	207	20
68	207	21
69	207	28
71	207	45
73	207	63
74	207	112
76	207	19
78	207	91
81	207	135
83	207	49
89	207	20
90	207	35
91	207	65
94	207	64
96	207	87
98	207	47
100	207	46
101	207	45
105	207	38
107	207	55
110	207	71
111	207	82
112	207	74
113	207	48
114	207	139
115	207	78
120	207	42
122	207	86
124	207	47
126	207	139
128	207	99
131	207	100
136	207	74
141	207	97
142	207	12
144	207	11
147	207	90
149	207	94
151	207	173
153	207	54
154	207	142
155	207	45
156	207	29
161	207	143
176	207	34
181	207	59
188	207	48
195	207	66
203	207	60
205	207	66
206	207	71
207	207	64
213	207	69
214	207	12
215	207	18
218	207	71
222	207	143
233	207	18
236	207	76
26	206	45
29	206	44
33	206	80
36	206	67
44	206	70
45	206	17
47	206	88
49	206	69
51	206	23
52	206	25
59	206	107
60	206	51
61	206	115
62	206	52
63	206	73
64	206	52
66	206	79
68	206	116
74	206	83
76	206	18
78	206	78
79	206	125
81	206	63
82	206	55
84	206	51
87	206	18
88	206	70
91	206	78
92	206	41
94	206	75
96	206	37
98	206	98
100	206	55
108	206	74
109	206	84
114	206	86
117	206	48
120	206	52
121	206	55
122	206	19
124	206	62
125	206	43
132	206	23
134	206	81
135	206	33
137	206	67
138	206	118
140	206	70
141	206	9
143	206	74
144	206	36
147	206	22
149	206	98
151	206	22
152	206	141
153	206	177
154	206	71
160	206	74
161	206	41
163	206	17
169	206	44
176	206	26
187	206	57
188	206	73
191	206	59
192	206	82
193	206	76
200	206	49
202	206	115
203	206	52
208	206	45
209	206	47
211	206	109
213	206	54
216	206	62
217	206	181
220	206	69
236	206	54
22	205	24
23	205	31
26	205	19
33	205	32
34	205	92
35	205	62
36	205	70
40	205	85
43	205	142
44	205	140
46	205	21
47	205	43
50	205	155
52	205	27
55	205	56
56	205	22
57	205	17
60	205	41
61	205	91
63	205	20
65	205	55
66	205	76
67	205	29
68	205	71
69	205	33
71	205	55
74	205	66
79	205	16
81	205	92
83	205	173
84	205	41
85	205	28
87	205	63
88	205	58
89	205	32
90	205	95
95	205	55
96	205	46
97	205	26
101	205	62
103	205	52
104	205	110
106	205	38
108	205	11
109	205	101
114	205	76
116	205	75
119	205	35
125	205	84
126	205	34
128	205	75
132	205	48
133	205	169
137	205	63
140	205	65
142	205	109
143	205	45
144	205	167
146	205	57
147	205	18
150	205	46
151	205	56
152	205	79
155	205	28
158	205	74
161	205	69
162	205	49
163	205	36
166	205	97
174	205	56
176	205	30
179	205	25
186	205	34
190	205	68
191	205	68
193	205	62
196	205	80
198	205	15
200	205	66
202	205	69
203	205	46
204	205	96
206	205	62
213	205	72
217	205	7
220	205	54
223	205	29
224	205	63
21	204	48
27	204	97
33	204	48
34	204	81
43	204	85
44	204	27
45	204	42
47	204	40
48	204	41
52	204	87
56	204	15
62	204	52
63	204	42
64	204	13
65	204	36
66	204	49
73	204	66
74	204	109
75	204	74
77	204	20
78	204	41
83	204	33
86	204	142
87	204	28
88	204	78
89	204	66
90	204	51
94	204	40
95	204	34
97	204	102
99	204	88
100	204	41
103	204	104
104	204	194
105	204	28
106	204	67
109	204	68
110	204	70
111	204	54
112	204	50
114	204	25
116	204	30
117	204	53
118	204	62
121	204	96
126	204	48
128	204	45
129	204	96
130	204	52
131	204	39
132	204	116
135	204	57
139	204	30
141	204	49
146	204	69
148	204	119
149	204	34
153	204	52
159	204	64
160	204	130
163	204	105
166	204	52
172	204	85
174	204	45
182	204	45
195	204	81
196	204	52
202	204	65
204	204	52
206	204	77
207	204	62
209	204	62
210	204	30
212	204	65
215	204	59
220	204	114
221	204	57
228	204	86
238	204	77
239	204	42
245	204	63
20	203	17
30	203	49
32	203	112
33	203	23
35	203	19
40	203	54
44	203	14
50	203	51
51	203	87
52	203	48
53	203	53
55	203	117
56	203	16
60	203	165
62	203	18
63	203	17
64	203	127
69	203	42
71	203	174
75	203	60
76	203	76
77	203	54
78	203	108
81	203	72
88	203	197
91	203	70
92	203	34
93	203	39
98	203	71
99	203	147
101	203	66
103	203	61
107	203	45
109	203	41
110	203	62
111	203	97
112	203	83
114	203	169
120	203	79
121	203	71
124	203	23
126	203	34
127	203	11
128	203	71
129	203	84
131	203	45
132	203	49
133	203	8
134	203	81
138	203	54
141	203	147
142	203	115
144	203	31
145	203	90
147	203	67
150	203	49
152	203	54
154	203	13
155	203	53
156	203	35
160	203	70
162	203	74
167	203	106
168	203	42
170	203	24
191	203	50
196	203	83
197	203	74
199	203	43
200	203	71
202	203	46
206	203	15
207	203	89
210	203	82
212	203	34
214	203	52
217	203	42
219	203	58
237	203	69
245	203	27
17	202	14
19	202	24
26	202	59
28	202	53
29	202	42
32	202	91
33	202	178
34	202	101
35	202	130
36	202	74
38	202	160
40	202	68
41	202	51
42	202	61
46	202	62
50	202	54
51	202	45
52	202	59
53	202	30
59	202	95
64	202	36
65	202	75
66	202	66
68	202	59
71	202	63
73	202	46
75	202	38
79	202	24
81	202	101
82	202	21
83	202	87
86	202	63
87	202	125
88	202	56
91	202	214
97	202	46
98	202	15
102	202	22
103	202	89
104	202	101
105	202	159
108	202	32
109	202	100
110	202	45
112	202	51
115	202	51
116	202	142
118	202	57
119	202	54
123	202	220
128	202	52
133	202	24
134	202	86
140	202	48
143	202	76
144	202	49
145	202	39
146	202	105
147	202	77
148	202	51
152	202	28
153	202	47
154	202	68
155	202	38
158	202	103
164	202	33
168	202	92
173	202	141
174	202	66
191	202	24
193	202	34
200	202	42
204	202	75
210	202	38
211	202	55
216	202	129
219	202	60
221	202	39
222	202	67
225	202	14
242	202	71
9	201	32
25	201	14
28	201	84
29	201	152
31	201	54
32	201	143
33	201	67
34	201	148
35	201	66
38	201	84
39	201	57
40	201	58
41	201	36
45	201	34
48	201	27
49	201	111
50	201	102
52	201	98
53	201	52
60	201	89
62	201	77
69	201	120
70	201	83
71	201	90
72	201	34
73	201	222
74	201	41
75	201	60
76	201	64
80	201	91
85	201	22
87	201	78
97	201	76
98	201	27
99	201	141
100	201	80
101	201	44
104	201	16
107	201	26
114	201	15
115	201	54
116	201	52
121	201	72
128	201	52
129	201	116
130	201	142
131	201	47
135	201	84
137	201	25
139	201	72
141	201	43
146	201	63
148	201	66
152	201	67
154	201	122
155	201	42
156	201	55
161	201	73
163	201	56
165	201	96
167	201	40
174	201	28
176	201	49
180	201	84
186	201	34
194	201	1
199	201	103
201	201	142
203	201	73
204	201	67
209	201	27
212	201	125
214	201	78
215	201	42
217	201	85
219	201	35
221	201	108
222	201	25
224	201	19
226	201	93
227	201	87
230	201	65
237	201	111
247	201	36
15	200	88
19	200	29
25	200	88
26	200	36
27	200	53
28	200	125
29	200	96
31	200	45
33	200	53
34	200	46
35	200	153
37	200	58
39	200	25
40	200	34
42	200	84
44	200	42
45	200	134
46	200	115
49	200	113
50	200	80
56	200	37
57	200	48
59	200	46
61	200	65
62	200	99
68	200	47
71	200	49
73	200	65
75	200	77
78	200	46
84	200	59
85	200	89
86	200	66
87	200	17
95	200	50
96	200	62
97	200	90
99	200	37
101	200	76
102	200	111
106	200	75
109	200	186
112	200	30
114	200	70
116	200	97
122	200	51
123	200	222
124	200	36
127	200	35
128	200	29
129	200	63
130	200	56
135	200	88
136	200	34
140	200	37
141	200	38
142	200	37
147	200	44
148	200	37
151	200	63
152	200	100
153	200	46
155	200	70
158	200	67
159	200	17
161	200	20
165	200	53
166	200	21
168	200	60
169	200	70
171	200	49
174	200	104
175	200	51
184	200	44
191	200	56
192	200	65
194	200	52
195	200	87
197	200	30
200	200	85
203	200	125
204	200	67
209	200	110
212	200	137
213	200	110
216	200	39
218	200	58
229	200	78
230	200	59
231	200	140
243	200	76
247	200	85
14	199	84
17	199	76
24	199	30
25	199	78
28	199	29
30	199	106
34	199	86
36	199	47
38	199	127
40	199	58
41	199	32
42	199	61
44	199	128
48	199	50
49	199	70
50	199	75
53	199	84
57	199	49
59	199	51
60	199	34
61	199	35
62	199	51
64	199	56
65	199	59
66	199	43
67	199	70
68	199	69
70	199	62
71	199	92
72	199	24
73	199	49
75	199	74
77	199	24
81	199	46
89	199	17
90	199	30
94	199	73
95	199	69
99	199	38
104	199	53
105	199	88
106	199	77
108	199	92
111	199	56
112	199	37
113	199	73
115	199	131
119	199	100
122	199	53
126	199	48
128	199	209
131	199	32
133	199	62
135	199	72
136	199	85
139	199	30
140	199	52
141	199	40
144	199	44
145	199	50
148	199	89
153	199	79
155	199	34
156	199	52
157	199	73
159	199	37
162	199	125
165	199	20
166	199	44
169	199	102
170	199	55
171	199	33
176	199	55
179	199	63
187	199	118
189	199	35
197	199	60
198	199	48
199	199	20
200	199	22
204	199	10
205	199	24
210	199	82
211	199	52
212	199	142
213	199	65
215	199	52
216	199	14
217	199	87
229	199	24
232	199	93
236	199	49
243	199	53
244	199	43
247	199	47
14	198	70
24	198	48
26	198	106
36	198	48
43	198	41
46	198	103
49	198	97
50	198	105
52	198	35
56	198	23
57	198	156
58	198	76
59	198	53
61	198	95
62	198	74
63	198	70
71	198	20
73	198	93
75	198	88
77	198	62
78	198	157
82	198	22
86	198	81
87	198	68
88	198	134
89	198	66
90	198	34
92	198	122
94	198	77
96	198	83
97	198	36
100	198	86
101	198	95
102	198	147
110	198	52
113	198	66
116	198	44
117	198	48
122	198	68
124	198	40
129	198	77
130	198	202
133	198	109
136	198	83
138	198	106
139	198	24
141	198	16
142	198	43
146	198	43
147	198	33
148	198	146
153	198	105
155	198	47
157	198	38
158	198	100
159	198	33
160	198	131
161	198	17
162	198	52
163	198	33
164	198	28
168	198	48
169	198	121
174	198	53
177	198	30
189	198	93
190	198	128
194	198	87
195	198	58
196	198	45
200	198	87
201	198	59
210	198	77
217	198	45
231	198	19
233	198	27
241	198	43
16	197	50
17	197	49
23	197	50
30	197	52
31	197	110
34	197	76
38	197	68
42	197	71
43	197	16
44	197	52
51	197	95
52	197	102
53	197	59
54	197	39
56	197	70
64	197	50
69	197	88
70	197	42
71	197	42
72	197	51
73	197	15
74	197	179
75	197	35
76	197	15
77	197	123
78	197	33
79	197	63
80	197	120
83	197	26
84	197	65
85	197	184
86	197	117
87	197	180
91	197	58
92	197	163
93	197	108
94	197	32
96	197	60
98	197	98
100	197	68
101	197	95
102	197	70
103	197	65
106	197	63
107	197	70
108	197	81
109	197	79
110	197	113
112	197	79
114	197	37
115	197	65
116	197	64
117	197	15
121	197	70
122	197	59
124	197	27
127	197	34
128	197	67
130	197	27
131	197	23
132	197	55
133	197	77
135	197	22
138	197	45
139	197	160
140	197	73
141	197	53
144	197	57
145	197	90
146	197	57
150	197	24
153	197	59
156	197	64
157	197	75
158	197	92
166	197	51
170	197	161
172	197	68
189	197	29
191	197	45
192	197	184
195	197	16
200	197	64
201	197	66
202	197	60
205	197	17
208	197	52
212	197	56
217	197	67
218	197	39
224	197	198
229	197	59
232	197	38
235	197	82
236	197	14
12	196	58
19	196	57
29	196	59
30	196	41
34	196	58
35	196	116
36	196	70
39	196	63
42	196	45
45	196	73
46	196	16
48	196	106
49	196	49
55	196	106
56	196	54
61	196	92
62	196	63
66	196	41
70	196	96
71	196	78
73	196	49
77	196	55
78	196	47
84	196	100
85	196	52
87	196	68
89	196	28
90	196	66
92	196	52
93	196	25
94	196	120
95	196	45
98	196	57
99	196	104
101	196	102
103	196	62
104	196	128
106	196	87
111	196	74
113	196	62
114	196	105
115	196	76
118	196	54
125	196	58
127	196	45
130	196	59
135	196	80
136	196	97
137	196	115
138	196	40
139	196	127
140	196	46
141	196	79
144	196	21
145	196	131
147	196	45
148	196	129
150	196	94
154	196	75
156	196	148
157	196	98
160	196	65
161	196	45
164	196	72
166	196	80
167	196	34
168	196	45
169	196	79
170	196	67
183	196	35
188	196	80
191	196	47
192	196	45
193	196	112
197	196	47
198	196	33
202	196	51
206	196	75
211	196	68
213	196	47
214	196	105
216	196	53
218	196	66
219	196	142
223	196	47
230	196	34
231	196	33
238	196	49
242	196	41
19	195	28
26	195	55
29	195	23
31	195	82
32	195	77
33	195	62
34	195	48
35	195	50
37	195	77
38	195	63
42	195	22
43	195	50
45	195	94
50	195	7
53	195	49
55	195	22
56	195	37
59	195	54
60	195	135
62	195	27
65	195	103
69	195	27
70	195	71
71	195	54
72	195	66
78	195	67
82	195	40
83	195	46
84	195	42
87	195	65
91	195	51
92	195	122
93	195	26
94	195	17
96	195	125
97	195	62
98	195	14
99	195	123
100	195	59
102	195	31
106	195	71
107	195	109
110	195	69
119	195	104
123	195	64
125	195	45
126	195	74
128	195	51
139	195	42
140	195	63
142	195	9
143	195	62
144	195	69
149	195	65
151	195	132
155	195	139
156	195	169
157	195	49
159	195	74
161	195	90
163	195	28
164	195	74
165	195	42
170	195	46
182	195	57
190	195	36
191	195	17
194	195	39
196	195	117
199	195	56
204	195	117
210	195	83
214	195	74
216	195	82
226	195	116
232	195	78
234	195	70
238	195	37
9	194	54
10	194	48
15	194	57
17	194	14
18	194	71
24	194	25
30	194	67
32	194	31
33	194	204
34	194	74
35	194	63
37	194	45
38	194	27
39	194	44
41	194	45
42	194	44
43	194	112
44	194	92
45	194	71
48	194	45
49	194	191
53	194	105
56	194	84
57	194	22
58	194	46
59	194	66
60	194	39
62	194	54
63	194	34
64	194	51
65	194	57
66	194	64
69	194	38
72	194	103
73	194	57
74	194	18
75	194	65
78	194	68
80	194	39
82	194	33
86	194	103
88	194	34
95	194	31
97	194	27
98	194	45
99	194	85
102	194	45
106	194	27
113	194	56
116	194	68
117	194	81
118	194	114
125	194	106
127	194	63
128	194	69
132	194	52
135	194	49
136	194	237
137	194	7
138	194	104
141	194	75
142	194	56
143	194	119
144	194	41
147	194	105
149	194	84
150	194	91
151	194	165
152	194	55
153	194	54
154	194	20
155	194	83
156	194	34
157	194	80
160	194	65
166	194	51
167	194	58
168	194	55
170	194	90
172	194	82
174	194	76
175	194	27
177	194	88
183	194	109
184	194	64
186	194	79
187	194	57
200	194	57
201	194	110
204	194	44
206	194	56
207	194	34
210	194	26
215	194	66
216	194	88
217	194	88
228	194	43
230	194	71
232	194	62
233	194	59
10	193	31
15	193	49
19	193	57
24	193	42
27	193	34
28	193	79
31	193	29
32	193	72
33	193	177
35	193	118
36	193	92
38	193	111
41	193	100
44	193	51
52	193	62
54	193	56
56	193	62
60	193	87
62	193	49
63	193	40
64	193	90
66	193	115
67	193	69
70	193	14
75	193	85
76	193	41
80	193	61
81	193	3
83	193	90
84	193	89
85	193	29
86	193	82
87	193	103
88	193	17
90	193	55
93	193	100
94	193	78
96	193	80
98	193	9
102	193	34
103	193	26
104	193	81
107	193	87
108	193	89
113	193	95
115	193	38
116	193	86
119	193	57
120	193	27
121	193	113
132	193	31
134	193	59
135	193	22
139	193	37
146	193	54
147	193	31
148	193	128
149	193	57
151	193	73
152	193	82
156	193	48
159	193	66
165	193	105
167	193	69
168	193	49
169	193	149
174	193	101
178	193	78
180	193	25
181	193	23
184	193	23
188	193	65
189	193	34
197	193	34
202	193	51
206	193	18
211	193	93
213	193	40
214	193	52
218	193	109
220	193	66
221	193	59
224	193	170
226	193	14
229	193	36
233	193	51
235	193	49
236	193	37
241	193	31
8	192	110
10	192	42
11	192	50
18	192	34
23	192	44
24	192	78
25	192	34
28	192	56
30	192	64
31	192	26
32	192	70
34	192	81
35	192	79
37	192	51
38	192	45
39	192	35
41	192	75
42	192	38
46	192	32
48	192	62
51	192	88
53	192	58
55	192	102
56	192	64
59	192	32
65	192	116
67	192	45
69	192	61
73	192	56
74	192	54
75	192	60
76	192	138
77	192	41
81	192	89
82	192	103
84	192	51
85	192	79
86	192	51
88	192	157
92	192	178
93	192	144
94	192	17
97	192	31
98	192	76
100	192	60
101	192	23
103	192	65
104	192	124
105	192	69
108	192	49
109	192	77
111	192	62
112	192	44
113	192	31
114	192	70
115	192	66
116	192	46
122	192	77
125	192	60
126	192	83
131	192	77
133	192	55
134	192	49
135	192	115
136	192	92
137	192	152
144	192	45
149	192	93
151	192	83
153	192	89
154	192	52
157	192	69
164	192	51
167	192	244
173	192	97
178	192	32
186	192	20
194	192	15
196	192	92
198	192	53
203	192	55
206	192	110
207	192	36
208	192	23
211	192	17
212	192	29
213	192	59
218	192	39
219	192	77
222	192	100
224	192	85
225	192	38
226	192	67
227	192	36
235	192	92
236	192	51
10	191	34
13	191	55
22	191	29
24	191	63
25	191	41
27	191	35
28	191	67
29	191	32
30	191	66
31	191	90
32	191	72
37	191	60
38	191	33
39	191	41
42	191	149
43	191	82
44	191	69
51	191	23
54	191	36
55	191	45
56	191	56
57	191	121
67	191	40
70	191	27
74	191	94
75	191	88
76	191	14
81	191	132
82	191	20
83	191	27
85	191	141
87	191	50
88	191	66
89	191	69
92	191	71
94	191	51
95	191	74
96	191	85
98	191	65
101	191	111
102	191	37
103	191	26
104	191	117
105	191	17
106	191	168
107	191	67
109	191	112
111	191	67
113	191	129
114	191	41
115	191	21
118	191	68
120	191	92
126	191	115
128	191	99
132	191	90
133	191	38
136	191	76
137	191	36
139	191	65
141	191	156
144	191	85
145	191	51
147	191	56
149	191	60
151	191	31
154	191	75
155	191	40
156	191	108
159	191	58
160	191	94
161	191	21
163	191	65
164	191	39
166	191	36
167	191	52
169	191	50
176	191	42
178	191	46
180	191	64
186	191	57
189	191	12
190	191	38
193	191	82
195	191	18
199	191	66
201	191	26
205	191	69
208	191	73
215	191	127
216	191	135
220	191	62
223	191	52
225	191	39
226	191	86
227	191	70
231	191	41
236	191	15
20	190	43
22	190	47
25	190	44
27	190	74
28	190	66
29	190	53
31	190	179
33	190	28
36	190	42
39	190	56
41	190	84
45	190	61
46	190	32
51	190	39
52	190	16
55	190	100
56	190	96
59	190	51
61	190	64
66	190	38
67	190	18
68	190	92
72	190	130
74	190	65
76	190	84
77	190	54
78	190	151
79	190	109
82	190	61
84	190	56
86	190	37
87	190	122
88	190	81
89	190	103
91	190	96
93	190	53
95	190	69
97	190	49
98	190	54
100	190	65
103	190	70
104	190	58
105	190	26
110	190	77
113	190	54
115	190	106
116	190	128
119	190	113
121	190	79
124	190	115
125	190	15
126	190	89
127	190	49
128	190	24
131	190	59
132	190	25
133	190	39
141	190	86
148	190	33
150	190	98
151	190	17
152	190	44
155	190	18
156	190	66
162	190	172
163	190	47
164	190	106
166	190	36
167	190	131
176	190	47
182	190	45
184	190	35
187	190	56
190	190	59
191	190	19
193	190	45
197	190	22
198	190	57
203	190	165
205	190	45
206	190	37
207	190	28
209	190	38
210	190	91
220	190	95
221	190	81
222	190	90
232	190	56
234	190	55
19	189	92
20	189	114
25	189	73
31	189	56
33	189	59
34	189	63
38	189	37
46	189	91
47	189	43
49	189	33
50	189	133
51	189	30
55	189	75
58	189	62
59	189	46
61	189	14
62	189	79
63	189	84
65	189	27
67	189	128
68	189	173
69	189	38
70	189	47
71	189	78
74	189	25
76	189	32
79	189	18
80	189	145
81	189	88
82	189	48
83	189	23
86	189	67
88	189	66
89	189	43
90	189	91
91	189	50
93	189	71
95	189	75
101	189	59
103	189	11
105	189	95
108	189	63
109	189	153
110	189	95
114	189	52
115	189	150
116	189	52
119	189	58
125	189	67
131	189	63
133	189	39
134	189	81
137	189	37
140	189	54
141	189	105
142	189	148
143	189	92
145	189	131
146	189	44
148	189	101
151	189	61
154	189	117
156	189	41
162	189	94
163	189	105
164	189	60
168	189	55
170	189	165
185	189	31
196	189	48
198	189	166
202	189	27
209	189	59
210	189	87
211	189	158
218	189	205
219	189	185
221	189	183
229	189	57
237	189	60
13	188	55
17	188	75
18	188	54
20	188	58
21	188	65
24	188	71
29	188	70
30	188	54
36	188	110
37	188	98
41	188	97
42	188	69
43	188	43
44	188	75
45	188	45
47	188	52
48	188	41
49	188	80
50	188	135
55	188	28
57	188	40
58	188	49
61	188	44
62	188	22
65	188	125
67	188	62
68	188	36
70	188	82
72	188	52
73	188	115
74	188	254
75	188	64
76	188	120
77	188	35
78	188	58
80	188	46
82	188	59
86	188	75
88	188	23
89	188	147
90	188	39
92	188	56
93	188	54
95	188	100
96	188	9
97	188	112
98	188	56
100	188	128
101	188	91
104	188	60
105	188	42
106	188	40
108	188	73
109	188	49
110	188	62
111	188	67
113	188	62
114	188	6
115	188	122
116	188	100
117	188	34
120	188	21
122	188	73
124	188	25
129	188	50
135	188	47
136	188	52
138	188	69
141	188	82
143	188	83
147	188	105
149	188	62
151	188	39
152	188	13
153	188	171
155	188	127
158	188	69
160	188	72
162	188	142
163	188	45
165	188	56
167	188	43
169	188	29
170	188	75
171	188	42
180	188	60
188	188	57
189	188	91
190	188	39
191	188	115
193	188	66
197	188	81
198	188	73
200	188	96
202	188	96
206	188	35
207	188	41
209	188	100
210	188	20
215	188	46
218	188	89
219	188	59
221	188	42
224	188	80
225	188	18
235	188	22
237	188	133
243	188	48
14	187	48
20	187	101
31	187	32
32	187	20
35	187	80
36	187	52
37	187	20
38	187	58
39	187	67
40	187	53
41	187	36
45	187	152
46	187	26
47	187	63
50	187	32
51	187	48
53	187	70
54	187	146
55	187	77
56	187	29
59	187	40
62	187	51
63	187	132
68	187	36
70	187	96
71	187	22
74	187	124
76	187	30
77	187	62
81	187	201
83	187	52
85	187	79
91	187	51
92	187	42
93	187	47
94	187	49
95	187	52
96	187	103
97	187	77
98	187	83
99	187	86
100	187	123
101	187	25
103	187	46
104	187	122
105	187	37
107	187	38
108	187	61
109	187	55
111	187	24
114	187	35
116	187	57
117	187	41
119	187	61
121	187	62
123	187	53
126	187	96
127	187	56
132	187	40
135	187	66
136	187	66
142	187	114
143	187	36
144	187	7
145	187	92
147	187	23
148	187	100
149	187	20
150	187	68
153	187	34
154	187	168
157	187	22
158	187	22
159	187	117
160	187	44
161	187	69
162	187	60
163	187	62
168	187	30
169	187	61
174	187	25
187	187	47
189	187	61
195	187	5
197	187	22
198	187	49
199	187	74
200	187	121
206	187	85
207	187	71
211	187	105
212	187	41
213	187	19
215	187	19
218	187	52
220	187	147
221	187	6
222	187	69
227	187	33
229	187	107
232	187	19
236	187	30
18	186	73
24	186	38
27	186	57
28	186	93
29	186	87
30	186	91
33	186	42
39	186	52
44	186	76
48	186	16
49	186	20
51	186	62
52	186	169
56	186	126
57	186	37
61	186	66
65	186	47
66	186	128
67	186	142
70	186	44
71	186	26
72	186	10
76	186	152
77	186	98
79	186	22
80	186	64
83	186	120
84	186	111
85	186	59
86	186	19
90	186	43
92	186	76
94	186	112
96	186	91
97	186	42
98	186	79
99	186	22
100	186	83
101	186	122
102	186	60
103	186	23
104	186	82
105	186	18
106	186	54
107	186	40
109	186	66
111	186	55
114	186	35
115	186	51
119	186	70
120	186	36
121	186	99
125	186	14
127	186	76
130	186	17
131	186	93
133	186	51
135	186	65
139	186	69
140	186	65
143	186	42
145	186	81
146	186	154
147	186	34
148	186	178
149	186	108
151	186	147
152	186	24
153	186	175
155	186	76
158	186	148
159	186	60
161	186	20
163	186	110
164	186	113
172	186	135
181	186	67
186	186	65
187	186	100
191	186	72
194	186	67
198	186	73
200	186	68
201	186	44
203	186	215
207	186	63
215	186	59
216	186	54
218	186	18
224	186	97
225	186	77
226	186	69
232	186	94
238	186	30
241	186	79
12	185	54
14	185	47
29	185	33
33	185	39
35	185	67
36	185	245
40	185	61
45	185	34
49	185	32
50	185	71
56	185	49
58	185	32
60	185	38
61	185	36
66	185	90
67	185	48
71	185	50
75	185	92
77	185	38
78	185	40
82	185	59
83	185	63
85	185	60
87	185	68
89	185	51
91	185	151
93	185	95
94	185	43
95	185	60
96	185	54
97	185	55
99	185	28
100	185	11
101	185	56
103	185	31
104	185	27
105	185	28
107	185	76
108	185	30
113	185	166
114	185	58
115	185	65
117	185	115
118	185	48
120	185	11
122	185	55
125	185	62
126	185	51
127	185	95
128	185	88
130	185	19
131	185	31
135	185	117
136	185	42
137	185	62
139	185	63
141	185	28
142	185	146
144	185	125
146	185	26
148	185	62
149	185	36
150	185	92
151	185	168
152	185	195
154	185	58
161	185	60
162	185	147
164	185	50
165	185	54
168	185	21
171	185	33
172	185	133
181	185	84
185	185	91
189	185	27
192	185	119
193	185	66
199	185	45
204	185	122
206	185	110
208	185	98
209	185	51
211	185	54
221	185	52
223	185	57
228	185	73
233	185	18
22	184	65
28	184	65
32	184	109
38	184	92
39	184	173
40	184	62
43	184	88
44	184	43
45	184	29
46	184	23
48	184	18
49	184	68
51	184	41
54	184	136
57	184	72
60	184	65
61	184	40
62	184	49
64	184	39
65	184	23
66	184	55
67	184	52
68	184	72
70	184	156
73	184	26
74	184	75
75	184	123
76	184	105
80	184	70
81	184	22
83	184	89
84	184	73
85	184	97
86	184	20
87	184	69
92	184	89
93	184	79
101	184	90
102	184	173
105	184	76
106	184	62
107	184	17
108	184	70
109	184	85
114	184	34
118	184	91
120	184	70
121	184	29
123	184	38
128	184	53
133	184	28
138	184	117
141	184	54
142	184	57
144	184	90
148	184	64
149	184	47
151	184	102
152	184	36
157	184	172
160	184	65
163	184	73
164	184	109
165	184	35
172	184	58
179	184	102
180	184	52
184	184	57
185	184	27
189	184	38
190	184	46
191	184	28
192	184	180
193	184	81
194	184	20
198	184	76
199	184	54
201	184	10
202	184	149
205	184	52
213	184	25
214	184	41
215	184	121
216	184	70
217	184	48
218	184	73
219	184	51
220	184	71
221	184	51
222	184	46
223	184	39
224	184	80
226	184	40
227	184	55
228	184	71
234	184	46
236	184	26
239	184	35
243	184	44
12	183	30
18	183	21
21	183	48
22	183	65
31	183	76
34	183	66
38	183	60
39	183	67
40	183	45
44	183	48
45	183	46
46	183	37
47	183	50
49	183	40
51	183	32
52	183	51
54	183	54
55	183	27
56	183	80
57	183	113
61	183	73
66	183	112
67	183	61
68	183	82
72	183	13
73	183	114
74	183	34
75	183	113
79	183	93
80	183	72
81	183	43
83	183	47
85	183	49
86	183	57
89	183	81
92	183	55
93	183	101
94	183	131
95	183	66
97	183	116
98	183	64
102	183	60
107	183	73
108	183	77
109	183	78
110	183	16
112	183	90
120	183	59
121	183	112
122	183	82
128	183	72
129	183	19
130	183	116
131	183	59
132	183	71
133	183	82
134	183	90
137	183	109
138	183	96
139	183	33
140	183	103
142	183	44
143	183	62
144	183	42
145	183	251
147	183	44
149	183	29
150	183	66
151	183	117
153	183	115
154	183	23
156	183	45
157	183	121
158	183	79
160	183	86
162	183	48
163	183	166
164	183	65
166	183	94
170	183	104
171	183	61
172	183	84
174	183	54
176	183	141
181	183	182
182	183	79
188	183	93
191	183	56
194	183	57
195	183	17
201	183	34
204	183	53
206	183	74
210	183	62
212	183	63
213	183	84
214	183	74
219	183	40
221	183	78
222	183	58
223	183	15
224	183	148
232	183	100
239	183	57
18	182	54
21	182	30
31	182	13
37	182	44
42	182	26
44	182	83
46	182	53
49	182	71
54	182	66
56	182	36
65	182	111
67	182	57
68	182	101
70	182	31
72	182	42
73	182	49
76	182	88
79	182	71
84	182	25
88	182	37
89	182	80
90	182	28
91	182	56
92	182	52
97	182	98
98	182	25
100	182	63
104	182	48
105	182	165
116	182	22
118	182	15
119	182	75
121	182	44
122	182	60
125	182	68
127	182	42
131	182	44
132	182	188
133	182	73
134	182	48
136	182	49
138	182	103
139	182	119
140	182	67
141	182	58
142	182	89
143	182	50
144	182	102
145	182	53
146	182	130
147	182	108
148	182	44
150	182	131
151	182	64
152	182	8
154	182	93
155	182	45
156	182	53
160	182	77
161	182	92
162	182	62
167	182	41
170	182	46
175	182	27
177	182	70
180	182	19
182	182	62
190	182	38
193	182	151
195	182	65
201	182	48
202	182	40
203	182	28
206	182	78
208	182	42
210	182	45
220	182	41
222	182	58
226	182	49
232	182	88
235	182	86
245	182	16
24	181	40
34	181	47
37	181	19
44	181	34
48	181	107
49	181	24
50	181	36
53	181	30
59	181	26
62	181	68
66	181	20
67	181	93
71	181	52
72	181	11
77	181	28
80	181	69
86	181	53
89	181	54
90	181	52
91	181	37
92	181	90
99	181	88
100	181	113
101	181	17
106	181	62
107	181	68
108	181	17
109	181	87
110	181	65
111	181	116
114	181	79
115	181	54
117	181	40
118	181	70
119	181	49
123	181	55
128	181	47
132	181	25
135	181	55
138	181	102
140	181	63
141	181	117
142	181	25
143	181	103
144	181	38
145	181	54
146	181	132
147	181	123
149	181	85
150	181	41
151	181	102
152	181	232
153	181	42
154	181	73
158	181	64
160	181	34
161	181	49
162	181	12
163	181	103
165	181	62
166	181	226
167	181	57
171	181	26
173	181	4
176	181	52
177	181	35
179	181	75
180	181	37
184	181	8
188	181	60
189	181	29
191	181	84
192	181	140
194	181	45
195	181	28
196	181	99
198	181	51
199	181	115
204	181	25
205	181	88
207	181	58
208	181	129
209	181	62
212	181	27
213	181	55
214	181	49
216	181	15
217	181	62
219	181	42
220	181	80
233	181	51
234	181	84
235	181	61
236	181	56
13	180	31
34	180	97
41	180	42
44	180	45
47	180	59
51	180	17
55	180	46
56	180	53
57	180	8
58	180	81
59	180	75
60	180	92
61	180	70
62	180	137
65	180	12
67	180	62
74	180	52
79	180	17
80	180	61
81	180	59
82	180	27
87	180	79
89	180	87
90	180	45
93	180	24
96	180	73
97	180	66
99	180	32
101	180	18
104	180	54
106	180	34
107	180	95
108	180	50
109	180	33
112	180	103
116	180	40
120	180	52
121	180	43
122	180	81
123	180	21
126	180	87
127	180	45
134	180	73
135	180	31
136	180	62
138	180	107
139	180	143
140	180	55
141	180	23
142	180	73
143	180	63
144	180	74
145	180	114
146	180	58
147	180	184
148	180	103
149	180	112
150	180	139
151	180	72
152	180	37
153	180	142
154	180	59
156	180	26
158	180	57
160	180	70
164	180	45
165	180	67
167	180	33
171	180	111
174	180	7
175	180	102
177	180	44
182	180	73
184	180	62
185	180	43
188	180	12
190	180	17
192	180	104
196	180	68
198	180	110
209	180	90
214	180	13
215	180	54
218	180	157
224	180	45
228	180	32
240	180	47
244	180	31
12	179	50
18	179	14
26	179	68
31	179	96
33	179	59
36	179	72
37	179	29
38	179	65
39	179	14
49	179	77
51	179	145
53	179	30
54	179	43
55	179	143
57	179	104
59	179	75
60	179	101
61	179	88
63	179	42
64	179	82
70	179	25
71	179	57
83	179	105
84	179	30
89	179	37
90	179	38
95	179	32
96	179	87
100	179	116
101	179	81
105	179	51
106	179	26
109	179	43
110	179	52
112	179	53
116	179	54
117	179	53
120	179	53
123	179	120
125	179	71
126	179	25
131	179	12
132	179	91
133	179	169
135	179	67
136	179	65
143	179	139
145	179	42
146	179	75
147	179	58
149	179	68
150	179	112
152	179	65
153	179	57
59	244	53
69	244	23
127	244	62
142	244	26
41	243	58
61	243	19
104	243	57
112	243	52
115	243	36
126	243	52
127	243	27
131	243	56
135	243	49
179	243	40
61	242	73
73	242	70
91	242	93
109	242	26
120	242	37
126	242	24
140	242	78
142	242	64
144	242	83
149	242	29
44	241	47
62	241	31
70	241	46
71	241	45
78	241	69
84	241	92
105	241	48
110	241	79
121	241	40
138	241	71
74	240	40
80	240	42
93	240	51
95	240	39
98	240	65
99	240	77
106	240	41
108	240	52
109	240	37
121	240	35
131	240	7
138	240	74
41	239	57
45	239	39
65	239	40
67	239	30
68	239	106
69	239	64
82	239	46
97	239	37
103	239	64
105	239	36
108	239	103
111	239	49
118	239	39
119	239	52
122	239	33
126	239	54
130	239	44
139	239	29
142	239	66
172	239	38
173	239	59
198	239	71
214	239	90
215	239	32
11	238	51
25	238	75
35	238	47
45	238	33
46	238	100
63	238	35
78	238	22
81	238	29
82	238	51
83	238	48
86	238	30
109	238	14
114	238	24
120	238	65
123	238	74
124	238	47
152	238	26
174	238	56
214	238	75
64	237	65
69	237	33
82	237	42
92	237	85
97	237	16
98	237	44
102	237	48
104	237	61
105	237	43
119	237	5
123	237	38
125	237	44
130	237	25
131	237	44
137	237	41
145	237	59
173	237	65
187	237	27
217	237	105
44	236	47
46	236	67
58	236	66
62	236	34
70	236	53
84	236	191
85	236	36
86	236	31
91	236	15
93	236	16
94	236	44
103	236	152
105	236	62
108	236	64
123	236	68
125	236	80
128	236	70
131	236	70
137	236	41
140	236	105
146	236	57
152	236	56
161	236	23
164	236	44
177	236	45
182	236	41
195	236	53
201	236	17
49	235	57
61	235	21
63	235	37
68	235	29
73	235	98
74	235	68
77	235	62
80	235	32
82	235	23
91	235	48
94	235	65
100	235	54
108	235	82
110	235	20
115	235	46
123	235	44
127	235	70
129	235	52
131	235	15
138	235	63
144	235	39
146	235	81
170	235	45
201	235	52
33	234	46
35	234	103
42	234	44
43	234	36
44	234	44
46	234	60
59	234	67
62	234	16
75	234	67
77	234	11
82	234	69
91	234	101
93	234	95
107	234	64
109	234	39
113	234	25
118	234	114
122	234	61
123	234	67
124	234	29
127	234	25
130	234	93
131	234	62
132	234	49
137	234	72
140	234	46
141	234	98
157	234	71
161	234	85
175	234	45
182	234	38
188	234	26
189	234	37
192	234	53
210	234	29
223	234	43
45	233	51
46	233	25
57	233	108
59	233	68
61	233	36
67	233	103
70	233	74
77	233	48
78	233	25
82	233	62
90	233	60
95	233	48
103	233	78
110	233	71
118	233	57
119	233	50
127	233	97
129	233	66
138	233	67
140	233	52
146	233	60
153	233	35
157	233	19
162	233	41
207	233	49
209	233	94
213	233	31
238	233	27
28	232	51
32	232	26
46	232	26
49	232	39
59	232	50
74	232	95
75	232	77
77	232	64
79	232	67
84	232	27
90	232	161
94	232	90
95	232	89
97	232	73
98	232	42
102	232	61
103	232	61
119	232	38
126	232	72
127	232	92
128	232	113
130	232	60
132	232	42
133	232	66
137	232	32
141	232	56
152	232	30
180	232	50
181	232	69
202	232	45
21	231	66
23	231	28
27	231	93
32	231	39
47	231	55
48	231	28
70	231	13
76	231	46
81	231	53
87	231	18
89	231	53
94	231	35
97	231	54
99	231	64
106	231	21
109	231	57
113	231	21
114	231	78
119	231	42
124	231	40
127	231	29
129	231	68
134	231	32
139	231	68
144	231	79
154	231	26
155	231	60
222	231	58
32	230	57
33	230	84
35	230	47
46	230	25
47	230	81
48	230	50
53	230	55
61	230	67
62	230	29
63	230	77
68	230	97
74	230	49
75	230	79
84	230	54
85	230	11
86	230	70
89	230	49
92	230	49
93	230	21
96	230	37
106	230	14
108	230	16
109	230	104
112	230	54
125	230	17
126	230	57
128	230	46
129	230	29
157	230	51
160	230	70
164	230	37
166	230	64
168	230	53
182	230	121
205	230	80
27	229	78
29	229	29
32	229	32
43	229	26
47	229	12
48	229	57
59	229	33
61	229	106
63	229	66
70	229	62
74	229	76
75	229	60
76	229	64
78	229	73
79	229	95
82	229	125
88	229	71
90	229	67
98	229	55
106	229	41
109	229	50
111	229	35
117	229	45
123	229	48
131	229	29
132	229	147
136	229	93
138	229	40
139	229	130
142	229	32
144	229	38
193	229	79
207	229	77
208	229	91
25	228	11
34	228	18
37	228	140
39	228	48
47	228	114
48	228	30
50	228	40
59	228	93
61	228	92
63	228	34
64	228	46
68	228	41
70	228	58
71	228	50
77	228	64
81	228	164
84	228	66
88	228	28
92	228	35
95	228	26
98	228	63
113	228	59
124	228	56
137	228	70
138	228	61
139	228	81
145	228	19
148	228	56
151	228	112
153	228	60
172	228	36
173	228	51
175	228	130
185	228	47
200	228	58
222	228	35
30	227	97
34	227	42
44	227	104
52	227	68
61	227	65
62	227	90
67	227	76
72	227	94
77	227	26
83	227	21
84	227	68
88	227	13
89	227	68
96	227	74
97	227	101
105	227	44
107	227	69
117	227	74
121	227	42
125	227	12
134	227	132
135	227	38
140	227	34
141	227	87
142	227	69
148	227	89
154	227	37
163	227	56
168	227	57
207	227	48
209	227	7
212	227	52
30	226	49
35	226	26
49	226	79
60	226	20
68	226	19
70	226	93
71	226	51
72	226	29
75	226	32
79	226	69
80	226	57
81	226	73
92	226	126
93	226	74
95	226	37
96	226	72
97	226	112
105	226	98
106	226	25
109	226	36
111	226	63
122	226	33
127	226	48
128	226	41
129	226	55
130	226	23
131	226	87
132	226	80
137	226	34
150	226	44
151	226	44
152	226	130
163	226	51
164	226	55
195	226	40
200	226	44
205	226	39
208	226	77
209	226	117
216	226	77
232	226	68
32	225	72
38	225	42
40	225	54
42	225	40
47	225	40
48	225	25
51	225	65
55	225	49
56	225	17
57	225	33
60	225	60
61	225	35
63	225	61
73	225	17
77	225	32
80	225	134
85	225	38
90	225	47
96	225	47
100	225	82
101	225	64
102	225	89
103	225	68
114	225	40
115	225	37
119	225	67
123	225	52
124	225	21
125	225	125
126	225	29
127	225	69
142	225	43
145	225	20
146	225	39
149	225	47
151	225	95
160	225	41
181	225	73
194	225	62
205	225	21
206	225	89
209	225	76
213	225	19
227	225	40
11	224	47
19	224	6
31	224	44
37	224	65
38	224	23
43	224	24
46	224	56
54	224	49
55	224	21
60	224	42
62	224	86
65	224	57
71	224	3
75	224	45
77	224	62
79	224	45
80	224	180
82	224	19
83	224	60
84	224	28
88	224	37
89	224	40
93	224	50
98	224	63
99	224	73
101	224	17
108	224	107
123	224	51
124	224	39
126	224	85
140	224	55
144	224	22
148	224	94
151	224	101
158	224	40
161	224	52
165	224	17
199	224	81
200	224	72
206	224	41
207	224	55
216	224	41
217	224	58
221	224	55
222	224	83
223	224	42
227	224	86
11	223	47
15	223	27
27	223	27
47	223	55
57	223	72
60	223	131
61	223	82
70	223	54
71	223	60
72	223	144
73	223	55
76	223	52
77	223	105
79	223	16
86	223	50
100	223	71
101	223	51
104	223	47
113	223	26
115	223	71
118	223	30
123	223	34
125	223	62
128	223	66
129	223	44
131	223	78
136	223	68
137	223	32
144	223	40
154	223	29
155	223	31
156	223	167
157	223	83
160	223	23
163	223	45
164	223	45
165	223	58
170	223	9
175	223	41
203	223	45
215	223	67
221	223	26
223	223	63
224	223	29
24	222	54
27	222	39
29	222	171
39	222	79
40	222	84
41	222	43
42	222	25
49	222	59
54	222	45
55	222	63
56	222	82
60	222	48
67	222	75
70	222	48
74	222	84
78	222	29
79	222	69
85	222	126
90	222	15
91	222	130
92	222	79
93	222	45
96	222	43
100	222	26
104	222	79
105	222	56
110	222	11
115	222	57
117	222	54
122	222	124
125	222	26
128	222	47
129	222	38
131	222	58
133	222	74
134	222	70
138	222	66
142	222	71
145	222	26
153	222	60
155	222	48
156	222	81
169	222	29
170	222	84
186	222	22
198	222	63
199	222	58
200	222	57
201	222	68
202	222	22
203	222	106
210	222	114
211	222	100
212	222	69
213	222	54
214	222	63
215	222	12
221	222	59
226	222	51
26	221	42
29	221	32
30	221	76
35	221	36
39	221	52
40	221	53
42	221	40
54	221	47
56	221	65
59	221	57
60	221	47
67	221	36
69	221	48
71	221	30
78	221	115
79	221	33
88	221	89
90	221	31
103	221	77
104	221	51
105	221	31
106	221	70
108	221	33
111	221	79
114	221	31
121	221	20
125	221	62
133	221	70
139	221	53
143	221	100
144	221	46
146	221	21
148	221	56
160	221	71
165	221	20
168	221	100
172	221	54
190	221	46
197	221	5
199	221	90
200	221	113
203	221	55
204	221	44
208	221	73
214	221	41
215	221	129
228	221	84
24	220	76
30	220	52
31	220	25
33	220	51
39	220	75
42	220	22
43	220	37
44	220	30
48	220	100
54	220	20
57	220	21
65	220	77
69	220	70
70	220	148
84	220	63
90	220	52
93	220	47
106	220	66
109	220	58
114	220	75
120	220	48
121	220	39
125	220	34
129	220	80
131	220	81
133	220	79
135	220	48
136	220	19
144	220	67
152	220	52
157	220	44
158	220	19
159	220	78
161	220	69
164	220	81
167	220	48
169	220	44
186	220	66
198	220	85
204	220	57
206	220	26
208	220	77
209	220	98
216	220	69
11	219	57
29	219	18
30	219	94
31	219	57
32	219	97
33	219	119
41	219	56
47	219	24
48	219	66
54	219	63
56	219	29
57	219	81
58	219	61
59	219	47
60	219	18
61	219	81
62	219	15
64	219	31
67	219	114
69	219	43
72	219	74
73	219	32
75	219	36
78	219	61
79	219	30
80	219	69
81	219	67
82	219	35
90	219	28
92	219	53
94	219	42
95	219	72
97	219	26
98	219	106
106	219	54
111	219	68
113	219	76
116	219	101
123	219	62
127	219	38
130	219	57
131	219	108
132	219	49
135	219	31
136	219	145
143	219	53
153	219	86
159	219	13
162	219	46
163	219	25
165	219	26
168	219	66
169	219	32
186	219	35
188	219	29
194	219	32
200	219	62
204	219	51
205	219	138
207	219	23
208	219	94
212	219	12
216	219	72
217	219	8
218	219	16
221	219	52
236	219	66
23	218	36
26	218	77
32	218	54
33	218	101
34	218	52
36	218	41
38	218	55
39	218	70
42	218	36
51	218	81
58	218	47
65	218	50
73	218	19
77	218	112
82	218	35
89	218	46
90	218	13
91	218	17
96	218	52
98	218	67
107	218	51
110	218	94
115	218	97
116	218	47
122	218	71
126	218	73
132	218	82
136	218	93
137	218	31
140	218	28
141	218	73
143	218	77
146	218	49
148	218	138
149	218	74
150	218	22
158	218	72
161	218	83
176	218	58
194	218	45
195	218	81
198	218	30
199	218	79
202	218	67
203	218	46
205	218	139
208	218	71
209	218	73
213	218	48
216	218	27
220	218	91
9	217	41
23	217	31
24	217	36
25	217	39
30	217	69
31	217	25
32	217	179
34	217	45
35	217	27
36	217	40
38	217	38
39	217	10
41	217	17
44	217	29
52	217	93
60	217	68
63	217	68
69	217	13
72	217	139
75	217	68
76	217	46
79	217	51
82	217	54
85	217	21
88	217	136
90	217	66
92	217	77
96	217	87
99	217	76
105	217	56
106	217	116
109	217	28
110	217	69
112	217	36
113	217	65
115	217	73
117	217	49
118	217	49
122	217	46
126	217	133
133	217	30
135	217	32
136	217	35
137	217	52
140	217	41
143	217	41
144	217	44
145	217	139
147	217	42
150	217	42
153	217	49
154	217	77
157	217	53
159	217	18
174	217	39
176	217	36
177	217	84
178	217	10
191	217	50
193	217	70
194	217	23
199	217	104
202	217	28
208	217	73
209	217	83
212	217	37
217	217	57
223	217	41
18	216	62
19	216	20
25	216	43
26	216	87
30	216	69
37	216	57
38	216	26
39	216	130
40	216	19
45	216	56
52	216	111
53	216	51
57	216	62
58	216	19
59	216	73
62	216	44
65	216	84
66	216	40
68	216	35
69	216	76
76	216	16
79	216	60
81	216	59
83	216	30
86	216	14
87	216	48
88	216	84
89	216	59
93	216	28
96	216	45
98	216	52
100	216	37
104	216	153
105	216	25
107	216	55
108	216	84
110	216	74
113	216	46
114	216	160
115	216	95
116	216	54
128	216	41
131	216	61
134	216	79
143	216	162
144	216	23
145	216	64
147	216	47
152	216	49
153	216	91
155	216	77
158	216	140
159	216	30
160	216	39
161	216	13
162	216	48
163	216	86
164	216	90
181	216	28
191	216	95
194	216	67
195	216	46
196	216	67
198	216	46
199	216	66
201	216	84
203	216	26
204	216	33
209	216	68
211	216	75
212	216	93
215	216	48
11	215	30
27	215	86
33	215	84
35	215	57
46	215	34
48	215	43
50	215	57
51	215	98
55	215	62
56	215	21
59	215	44
62	215	41
64	215	21
68	215	27
69	215	25
71	215	83
72	215	74
75	215	89
78	215	48
80	215	49
81	215	44
83	215	32
86	215	115
92	215	30
95	215	41
98	215	29
# chipNumber: 4
# chipName:   G 10 W69
# numHits:    10
160	176	13
23	167	51
187	155	13
15	153	54
18	152	65
16	151	20
13	124	49
13	122	89
13	121	105
20	115	40
# chipNumber: 5
# chipName:   D 9 W69
# numHits:    13
23	27	70
27	27	57
28	23	36
39	21	24
16	20	49
16	18	43
112	18	37
86	17	37
108	17	71
108	16	45
10	15	25
65	13	19
42	12	37
# chipNumber: 6
# chipName:   L 8 W69
# numHits:    10
25	236	12
166	233	11810
21	231	54
15	226	29
35	226	35
33	219	25
13	216	26
14	216	34
234	203	11810
25	196	16
