## [General]
## runNumber:        241
## runTime:       	 7200
## runTimeFrames: 	 0
## pathName:         data/runs/Run_241_181022-16-16
## dateTime:         2018-10-22.17:37:40
## numChips:         7
## shutterTime:      30
## shutterMode:      verylong
## runMode:          0
## fastClock:        0
## externalTrigger:  0
## [Event]
## eventNumber:      6438
## useHvFadc:    	 1
## fadcReadout:    	 1
## szint1ClockInt:	 0
## szint2ClockInt:	 0
## fadcTriggerClock: 0
# chipNumber: 0
# chipName:   E 6 W69
# numHits:    101
92	183	60
86	165	28
68	160	57
67	157	56
78	147	65
68	145	32
74	145	46
84	142	75
91	142	30
45	141	25
83	141	11
28	139	40
51	139	32
72	139	31
67	138	47
76	138	32
79	138	55
81	138	60
77	137	25
79	137	34
80	137	49
79	136	51
63	134	33
90	134	37
88	133	9
70	130	42
70	129	56
86	129	34
13	128	55
66	128	85
80	128	70
81	128	19
74	127	49
90	127	8
77	126	63
90	126	21
60	125	32
72	125	38
74	125	38
85	124	48
79	122	65
80	122	26
55	121	72
87	120	21
74	119	49
107	119	52
76	118	41
100	118	37
83	117	18
45	116	49
77	116	21
79	116	67
88	116	63
89	116	18
100	116	29
46	115	37
68	115	78
86	115	73
88	115	38
93	115	33
68	114	33
95	114	25
100	114	27
121	113	7
60	111	47
72	111	72
74	110	43
122	110	34
39	108	30
62	108	32
93	108	39
96	107	40
71	106	57
54	104	17
55	104	54
46	103	48
54	103	56
64	103	24
50	102	58
85	102	17
94	100	60
101	95	10
48	93	44
103	93	44
89	92	61
74	90	23
78	90	53
33	89	49
96	84	47
97	84	37
72	82	81
83	82	25
68	80	54
87	76	15
94	76	42
100	76	26
101	76	59
56	74	59
61	74	26
56	71	20
21	60	51
# chipNumber: 1
# chipName:   K 6 W69
# numHits:    113
118	163	35
120	163	21
118	162	13
101	161	54
117	159	57
122	159	36
116	154	65
107	153	75
111	153	25
127	153	52
125	152	58
126	152	50
125	151	29
126	151	58
130	151	54
142	151	42
133	150	58
119	149	40
130	149	62
144	146	109
120	145	69
134	145	48
144	145	33
147	145	45
134	144	29
163	144	42
131	143	25
132	143	29
142	143	51
155	142	44
96	141	65
96	140	48
111	140	52
122	139	55
131	139	13
134	139	67
116	138	66
118	138	90
116	137	81
129	137	27
131	137	77
84	136	59
90	136	47
91	136	50
119	136	44
133	136	57
140	136	65
163	136	66
114	135	20
116	135	48
131	135	38
134	135	79
137	135	21
141	135	113
121	133	16
132	133	91
117	132	70
126	132	45
115	131	38
118	131	49
120	131	39
126	131	67
118	130	58
121	130	93
136	130	53
138	129	18
121	128	52
111	127	39
104	126	18
123	126	19
127	126	54
142	126	30
125	125	49
137	125	12
149	125	54
131	123	36
112	122	67
131	122	57
116	121	74
134	121	57
148	121	37
88	119	28
116	119	46
125	118	23
130	118	58
144	118	76
147	118	23
145	117	47
99	116	12
128	116	14
132	116	45
100	115	56
114	115	18
120	115	61
121	114	38
94	113	97
95	113	21
120	113	67
148	112	47
113	111	31
148	111	38
149	111	45
124	110	83
148	110	111
150	110	24
140	109	89
144	108	67
145	108	20
112	107	46
144	107	95
131	101	34
120	100	40
121	98	56
# chipNumber: 2
# chipName:   H 9 W69
# numHits:    313
130	243	66
83	241	29
80	240	58
110	240	49
111	240	51
128	240	67
89	238	60
133	238	42
112	237	26
123	235	66
124	235	46
109	234	61
123	234	42
135	234	34
89	233	53
92	233	76
117	233	34
122	233	8
90	232	54
102	232	23
135	229	37
142	228	42
142	227	37
107	226	30
126	226	15
149	226	61
75	225	26
99	225	37
120	225	33
132	225	64
63	224	33
115	224	68
125	224	41
79	223	66
91	223	41
112	223	17
121	223	63
122	223	54
131	222	66
85	221	33
83	220	33
143	220	41
109	217	59
112	217	87
113	217	70
114	217	88
127	217	41
129	217	61
116	215	34
95	214	38
97	214	41
118	214	64
118	213	66
135	213	69
92	212	3
158	212	33
113	211	70
120	211	45
131	211	92
134	211	25
113	210	35
114	210	32
120	210	84
134	210	34
143	210	56
86	209	57
132	209	44
133	208	57
91	207	48
112	207	59
119	207	54
123	207	42
125	206	43
98	205	38
111	204	59
85	203	72
86	203	4
87	203	107
123	203	35
126	203	16
144	203	66
117	202	65
133	202	17
79	201	87
91	201	49
143	200	28
111	199	47
68	198	44
125	198	52
144	198	76
105	197	33
124	195	13
143	195	35
113	194	74
124	194	42
82	193	34
112	193	28
102	192	72
107	192	34
114	192	75
123	192	61
94	188	57
120	188	37
116	187	30
75	186	90
92	186	12
104	186	23
111	185	82
116	185	22
132	185	33
144	185	45
173	184	44
113	183	61
94	182	63
121	182	76
107	181	27
116	180	16
125	180	35
140	179	80
105	178	51
100	177	74
125	177	64
138	175	69
139	175	57
103	174	23
102	173	102
119	171	63
118	169	48
124	166	67
60	165	46
104	153	69
192	143	40
195	143	70
205	142	39
215	141	57
202	138	87
216	138	67
182	137	62
213	137	73
196	136	97
198	136	65
200	136	34
215	136	19
212	135	30
197	134	23
202	134	63
208	134	44
209	134	30
244	134	62
200	133	61
210	133	5
221	133	50
237	133	86
239	133	84
203	132	48
204	132	78
210	132	97
191	131	17
201	131	67
205	131	45
207	131	112
211	131	43
236	131	45
178	130	27
181	130	37
196	130	94
204	130	55
214	130	23
218	130	47
236	130	52
245	130	70
238	129	79
244	129	57
247	129	1
248	129	59
191	128	84
205	128	47
210	128	30
245	128	45
183	127	42
192	127	47
195	127	79
196	127	81
200	127	49
202	127	49
210	127	51
223	127	59
189	126	77
195	126	60
204	126	45
230	126	55
195	125	78
199	125	66
210	124	73
214	124	84
240	124	24
192	123	47
194	123	49
198	123	54
200	123	51
203	123	45
239	123	70
245	123	51
191	122	21
198	122	54
203	122	45
208	122	56
217	122	85
244	122	58
175	121	46
182	121	59
188	121	66
195	121	50
203	121	62
212	121	63
215	121	76
229	121	97
190	120	64
195	120	17
203	120	28
246	120	59
189	119	33
190	119	26
216	119	90
239	119	58
244	119	31
245	119	41
191	118	61
198	118	26
199	118	33
203	118	20
230	118	86
187	117	55
197	117	27
199	117	60
212	117	126
213	117	51
178	116	14
186	116	41
201	116	31
205	116	71
211	115	47
232	115	112
193	114	42
196	114	22
221	114	22
239	114	63
241	114	40
192	113	58
194	113	103
197	113	16
202	113	59
208	113	57
234	113	22
240	113	56
241	113	36
211	112	96
234	112	40
240	112	49
243	112	70
194	111	25
236	111	45
237	111	55
239	111	103
240	111	41
202	110	44
215	110	18
247	110	35
197	109	33
212	109	25
213	109	62
230	109	51
197	108	58
198	108	63
199	108	47
221	108	27
231	108	104
232	108	23
166	107	15
195	107	22
233	107	36
239	107	59
240	107	28
200	106	19
216	106	38
226	105	85
200	104	93
213	103	57
214	103	89
199	102	27
235	102	58
245	102	36
212	101	38
243	101	7
234	100	50
239	100	52
234	96	31
188	95	86
244	95	60
245	93	95
245	92	52
224	86	52
240	86	57
223	84	59
224	83	74
225	82	31
236	82	41
224	80	83
210	76	63
242	59	27
244	57	38
245	57	83
245	37	73
# chipNumber: 3
# chipName:   H 10 W69
# numHits:    22568
184	213	69
187	213	72
188	213	55
189	213	62
201	213	67
204	213	48
212	213	59
218	213	75
235	213	44
19	212	53
30	212	40
34	212	59
35	212	18
36	212	21
38	212	73
41	212	71
43	212	38
44	212	207
46	212	55
48	212	107
49	212	54
53	212	23
54	212	16
61	212	62
63	212	68
64	212	74
67	212	28
68	212	26
71	212	62
72	212	100
73	212	54
74	212	95
75	212	54
76	212	114
79	212	127
81	212	99
83	212	57
85	212	51
87	212	41
88	212	22
89	212	50
90	212	40
91	212	21
95	212	28
96	212	62
97	212	110
99	212	134
100	212	113
101	212	105
106	212	38
108	212	127
111	212	62
113	212	92
116	212	59
119	212	27
122	212	54
123	212	56
124	212	81
126	212	18
127	212	30
128	212	25
129	212	74
132	212	113
133	212	66
134	212	124
135	212	56
136	212	62
138	212	54
139	212	95
141	212	69
142	212	103
143	212	148
144	212	35
145	212	59
146	212	141
147	212	136
149	212	96
150	212	24
151	212	67
153	212	91
154	212	24
156	212	74
157	212	87
158	212	62
159	212	129
160	212	40
162	212	139
164	212	32
166	212	163
167	212	54
168	212	25
169	212	91
170	212	70
171	212	73
172	212	49
173	212	66
174	212	67
178	212	119
179	212	24
180	212	72
183	212	42
187	212	78
198	212	42
200	212	102
202	212	61
224	212	47
19	211	78
20	211	102
21	211	108
30	211	20
31	211	73
32	211	43
33	211	80
38	211	83
39	211	57
40	211	66
41	211	168
42	211	56
43	211	38
44	211	73
48	211	94
50	211	140
51	211	86
53	211	72
54	211	51
58	211	54
63	211	14
64	211	18
66	211	62
67	211	85
72	211	41
73	211	74
74	211	66
76	211	88
79	211	103
80	211	58
81	211	59
85	211	102
87	211	45
88	211	51
91	211	19
92	211	28
93	211	100
95	211	84
96	211	122
97	211	33
100	211	129
103	211	52
106	211	85
107	211	60
108	211	36
109	211	130
110	211	57
111	211	40
112	211	55
113	211	62
114	211	76
116	211	47
120	211	79
121	211	133
122	211	15
123	211	43
125	211	65
128	211	44
129	211	89
132	211	56
133	211	128
134	211	38
135	211	173
136	211	43
138	211	75
139	211	42
140	211	16
141	211	97
142	211	33
143	211	49
145	211	19
146	211	106
147	211	34
148	211	90
149	211	78
150	211	47
151	211	59
152	211	110
153	211	156
154	211	77
155	211	29
157	211	103
158	211	84
159	211	66
160	211	36
162	211	60
163	211	56
164	211	56
166	211	170
167	211	87
170	211	61
173	211	9
179	211	68
196	211	59
199	211	20
202	211	56
15	210	65
26	210	49
31	210	56
33	210	127
35	210	71
37	210	21
38	210	155
39	210	21
41	210	134
42	210	99
46	210	31
47	210	55
49	210	188
55	210	84
58	210	39
62	210	61
63	210	50
64	210	32
68	210	12
69	210	105
70	210	38
72	210	67
74	210	16
76	210	61
80	210	74
84	210	160
86	210	62
87	210	128
88	210	54
90	210	49
92	210	29
95	210	63
99	210	96
100	210	60
101	210	50
104	210	103
105	210	147
108	210	55
111	210	66
112	210	124
113	210	153
117	210	29
121	210	70
122	210	85
123	210	58
124	210	117
127	210	48
129	210	101
130	210	31
131	210	46
133	210	59
134	210	178
135	210	109
136	210	170
137	210	168
139	210	103
140	210	217
141	210	124
142	210	83
143	210	6
144	210	12
145	210	32
146	210	91
147	210	81
148	210	111
151	210	45
152	210	110
153	210	68
155	210	156
156	210	106
157	210	90
162	210	130
163	210	59
164	210	67
165	210	61
167	210	22
170	210	32
174	210	69
176	210	126
178	210	65
180	210	29
185	210	78
189	210	58
196	210	48
203	210	51
223	210	24
16	209	6
22	209	59
24	209	70
26	209	73
27	209	67
28	209	84
29	209	33
31	209	145
32	209	29
34	209	60
39	209	59
40	209	31
42	209	8
43	209	105
45	209	45
46	209	40
48	209	25
49	209	21
53	209	61
54	209	302
56	209	22
57	209	44
60	209	24
62	209	86
64	209	28
65	209	53
68	209	92
69	209	64
70	209	16
71	209	25
72	209	29
74	209	81
76	209	72
82	209	31
84	209	61
88	209	93
89	209	129
90	209	154
94	209	74
95	209	79
96	209	78
100	209	93
107	209	16
111	209	18
112	209	16
119	209	73
123	209	55
125	209	71
126	209	59
128	209	62
129	209	96
130	209	36
131	209	134
133	209	74
134	209	41
135	209	172
137	209	96
138	209	146
141	209	29
142	209	87
143	209	72
144	209	194
145	209	114
146	209	60
148	209	147
149	209	100
150	209	103
151	209	57
153	209	17
154	209	114
155	209	62
156	209	48
158	209	150
160	209	39
162	209	53
164	209	72
165	209	45
166	209	54
170	209	7
174	209	32
177	209	51
179	209	22
180	209	75
187	209	15
194	209	97
198	209	100
205	209	83
210	209	24
218	209	74
225	209	48
243	209	74
11	208	67
14	208	66
15	208	44
16	208	70
22	208	57
28	208	63
29	208	48
30	208	84
31	208	33
32	208	129
33	208	35
34	208	134
36	208	155
40	208	43
41	208	17
42	208	31
43	208	34
49	208	76
53	208	76
56	208	22
58	208	60
61	208	30
63	208	48
68	208	37
69	208	35
70	208	169
71	208	58
72	208	73
74	208	19
80	208	106
82	208	19
83	208	63
84	208	39
90	208	25
91	208	49
94	208	130
96	208	46
99	208	31
100	208	73
101	208	67
103	208	70
104	208	24
106	208	58
107	208	40
108	208	20
110	208	54
113	208	3
114	208	25
116	208	87
118	208	45
119	208	61
122	208	54
124	208	21
125	208	67
126	208	21
127	208	39
130	208	54
131	208	34
135	208	235
138	208	103
139	208	24
140	208	96
141	208	152
142	208	145
143	208	67
144	208	55
145	208	168
146	208	136
149	208	58
150	208	50
151	208	190
152	208	51
153	208	127
154	208	70
156	208	21
159	208	134
162	208	121
164	208	108
165	208	56
167	208	49
168	208	30
170	208	163
171	208	50
172	208	61
174	208	35
176	208	144
178	208	74
179	208	112
182	208	72
189	208	104
199	208	72
214	208	9
217	208	27
223	208	51
226	208	90
245	208	61
19	207	71
20	207	53
21	207	4
27	207	56
30	207	49
32	207	131
33	207	101
34	207	55
35	207	57
37	207	31
40	207	51
41	207	62
43	207	16
45	207	43
46	207	7
48	207	42
49	207	70
52	207	107
53	207	69
55	207	54
56	207	83
57	207	22
61	207	97
62	207	115
63	207	19
65	207	65
66	207	26
68	207	68
69	207	56
71	207	34
80	207	90
81	207	46
82	207	40
88	207	57
93	207	45
96	207	65
98	207	28
102	207	53
104	207	40
105	207	14
108	207	86
110	207	67
111	207	90
113	207	62
114	207	90
121	207	42
123	207	54
124	207	43
125	207	53
127	207	36
128	207	51
129	207	52
130	207	78
133	207	19
134	207	122
135	207	75
136	207	46
138	207	61
139	207	84
141	207	106
142	207	51
143	207	71
144	207	79
145	207	156
146	207	81
147	207	158
148	207	254
150	207	45
151	207	59
152	207	113
153	207	139
154	207	76
155	207	29
159	207	72
160	207	134
162	207	43
163	207	35
166	207	34
170	207	23
171	207	59
173	207	46
174	207	81
175	207	76
179	207	28
180	207	65
181	207	30
189	207	46
191	207	100
194	207	85
198	207	52
199	207	58
217	207	28
223	207	83
237	207	16
13	206	36
14	206	41
16	206	38
24	206	61
27	206	52
28	206	49
30	206	45
31	206	48
36	206	151
37	206	85
39	206	137
40	206	86
50	206	34
51	206	61
52	206	48
53	206	32
54	206	27
58	206	44
59	206	41
60	206	48
61	206	7
65	206	96
67	206	25
68	206	21
69	206	77
73	206	93
75	206	75
85	206	14
86	206	51
88	206	62
92	206	53
94	206	29
95	206	39
98	206	48
101	206	27
103	206	46
104	206	77
108	206	68
109	206	63
110	206	74
111	206	132
112	206	38
113	206	77
118	206	88
120	206	73
123	206	41
124	206	60
125	206	66
126	206	83
128	206	236
129	206	51
133	206	108
134	206	63
135	206	54
137	206	29
138	206	45
139	206	88
140	206	119
141	206	63
142	206	58
144	206	40
147	206	82
148	206	179
149	206	162
150	206	43
151	206	48
152	206	68
153	206	37
155	206	181
156	206	76
158	206	55
159	206	82
161	206	129
165	206	45
171	206	106
172	206	54
173	206	114
175	206	30
176	206	48
178	206	115
179	206	58
182	206	92
186	206	43
187	206	118
188	206	58
189	206	46
190	206	36
197	206	69
200	206	29
205	206	68
210	206	117
213	206	35
217	206	29
221	206	126
222	206	63
223	206	20
19	205	62
23	205	23
25	205	23
26	205	167
28	205	46
29	205	45
30	205	166
31	205	32
32	205	130
33	205	65
34	205	37
36	205	11
37	205	82
38	205	81
39	205	45
41	205	53
45	205	22
47	205	70
55	205	57
58	205	50
62	205	46
63	205	48
65	205	42
66	205	104
69	205	34
70	205	37
71	205	67
74	205	33
79	205	50
80	205	81
87	205	17
88	205	17
89	205	92
92	205	68
98	205	68
102	205	48
107	205	48
108	205	53
109	205	51
112	205	28
113	205	33
114	205	52
115	205	80
118	205	50
119	205	35
122	205	130
124	205	79
125	205	121
126	205	173
127	205	56
133	205	34
134	205	14
136	205	71
137	205	45
138	205	57
140	205	176
141	205	88
142	205	67
143	205	39
144	205	41
145	205	165
146	205	98
148	205	62
149	205	76
152	205	46
153	205	48
155	205	51
156	205	81
157	205	181
159	205	107
160	205	68
161	205	77
164	205	61
166	205	84
167	205	49
171	205	171
173	205	87
175	205	63
176	205	36
178	205	23
185	205	126
187	205	30
189	205	31
197	205	23
198	205	51
208	205	74
210	205	51
215	205	46
216	205	108
218	205	39
224	205	24
235	205	20
17	204	27
27	204	83
28	204	149
29	204	102
30	204	54
32	204	71
33	204	29
34	204	67
36	204	25
37	204	67
38	204	62
39	204	39
41	204	194
42	204	98
44	204	115
45	204	24
46	204	137
47	204	137
49	204	53
50	204	2
51	204	134
53	204	76
55	204	51
56	204	63
59	204	40
61	204	93
62	204	33
65	204	64
66	204	65
69	204	46
70	204	1
72	204	49
74	204	62
76	204	9
78	204	108
80	204	46
81	204	76
85	204	14
86	204	131
89	204	36
92	204	109
94	204	62
98	204	21
101	204	46
102	204	80
110	204	37
112	204	91
114	204	43
115	204	102
117	204	84
121	204	57
122	204	43
123	204	47
124	204	72
127	204	105
128	204	121
129	204	129
130	204	73
131	204	59
132	204	71
133	204	86
134	204	79
135	204	67
136	204	121
137	204	41
140	204	63
141	204	233
142	204	133
143	204	94
144	204	70
145	204	17
147	204	250
148	204	79
149	204	49
153	204	124
155	204	101
156	204	66
159	204	84
161	204	64
164	204	90
165	204	16
172	204	23
174	204	101
176	204	80
178	204	31
180	204	48
185	204	64
192	204	41
208	204	93
220	204	53
223	204	71
18	203	97
26	203	45
29	203	49
36	203	53
37	203	85
38	203	77
39	203	44
40	203	32
41	203	25
42	203	38
48	203	95
52	203	63
53	203	64
54	203	37
55	203	62
56	203	39
57	203	49
58	203	193
61	203	34
64	203	52
67	203	47
70	203	105
71	203	130
73	203	99
74	203	115
77	203	46
79	203	72
81	203	18
83	203	46
84	203	105
94	203	17
96	203	40
98	203	134
101	203	45
102	203	52
103	203	8
107	203	23
112	203	23
114	203	60
115	203	55
116	203	42
125	203	93
126	203	73
128	203	213
129	203	45
130	203	58
131	203	25
132	203	167
134	203	32
136	203	49
137	203	61
139	203	90
140	203	84
141	203	106
142	203	123
143	203	91
144	203	35
146	203	70
147	203	140
150	203	49
153	203	54
155	203	30
158	203	108
159	203	76
160	203	115
164	203	169
165	203	32
166	203	8
167	203	37
168	203	25
171	203	66
172	203	13
173	203	42
176	203	64
179	203	29
183	203	43
186	203	54
189	203	46
198	203	73
200	203	51
203	203	64
211	203	113
214	203	55
216	203	13
218	203	74
220	203	25
224	203	36
18	202	86
22	202	53
29	202	59
30	202	95
32	202	60
33	202	68
34	202	80
35	202	46
36	202	141
39	202	51
40	202	70
53	202	55
56	202	60
57	202	31
59	202	58
60	202	16
61	202	30
63	202	63
64	202	77
65	202	176
67	202	72
68	202	19
69	202	56
70	202	55
71	202	209
72	202	177
74	202	27
76	202	69
78	202	41
79	202	32
81	202	53
84	202	69
87	202	144
93	202	74
100	202	128
101	202	37
102	202	50
103	202	130
106	202	95
107	202	29
109	202	60
110	202	78
111	202	59
112	202	57
115	202	58
116	202	85
119	202	28
120	202	39
122	202	78
124	202	140
125	202	61
128	202	132
129	202	126
131	202	74
132	202	117
133	202	126
135	202	40
136	202	234
138	202	194
140	202	32
141	202	63
142	202	228
143	202	65
144	202	14
145	202	95
146	202	64
147	202	58
148	202	50
149	202	66
150	202	110
151	202	115
153	202	54
154	202	51
156	202	41
157	202	33
158	202	46
161	202	54
163	202	47
164	202	69
166	202	37
168	202	104
171	202	63
174	202	76
175	202	24
177	202	87
178	202	75
182	202	22
183	202	49
185	202	20
186	202	94
189	202	29
190	202	93
194	202	47
195	202	56
202	202	93
203	202	24
204	202	30
208	202	66
211	202	49
218	202	50
220	202	32
224	202	69
16	201	46
21	201	57
26	201	36
28	201	63
29	201	68
30	201	40
35	201	28
36	201	97
40	201	34
41	201	34
46	201	73
48	201	37
49	201	26
51	201	132
56	201	159
59	201	24
60	201	141
64	201	46
65	201	104
69	201	58
71	201	28
76	201	22
81	201	81
83	201	46
85	201	107
88	201	61
89	201	30
92	201	61
94	201	54
95	201	120
97	201	32
99	201	100
103	201	68
104	201	203
105	201	170
106	201	20
108	201	78
109	201	67
111	201	72
112	201	89
113	201	80
115	201	19
119	201	96
123	201	105
125	201	45
126	201	47
128	201	244
130	201	104
132	201	168
134	201	67
136	201	7
138	201	71
139	201	46
140	201	69
141	201	276
142	201	51
144	201	119
146	201	33
147	201	49
149	201	51
150	201	56
152	201	37
154	201	118
160	201	117
161	201	22
162	201	16
163	201	54
164	201	47
165	201	57
167	201	17
168	201	99
170	201	69
172	201	52
174	201	72
175	201	58
178	201	60
181	201	99
185	201	161
186	201	31
194	201	62
197	201	45
208	201	72
209	201	79
210	201	29
213	201	82
216	201	100
217	201	142
218	201	124
219	201	46
220	201	77
222	201	71
238	201	55
19	200	33
26	200	138
27	200	39
28	200	66
29	200	91
31	200	74
34	200	22
35	200	56
37	200	65
39	200	74
43	200	116
44	200	26
45	200	86
50	200	55
55	200	76
56	200	51
58	200	113
59	200	114
61	200	58
65	200	82
68	200	64
69	200	113
70	200	52
71	200	24
72	200	66
73	200	49
75	200	51
77	200	39
82	200	157
84	200	50
85	200	60
86	200	165
90	200	74
97	200	28
98	200	39
99	200	29
100	200	117
101	200	54
102	200	118
108	200	30
109	200	168
111	200	85
113	200	38
114	200	43
119	200	47
120	200	129
121	200	57
122	200	76
123	200	77
124	200	45
129	200	30
131	200	49
134	200	66
135	200	51
137	200	124
138	200	149
139	200	70
140	200	160
141	200	98
142	200	14
143	200	242
144	200	15
145	200	40
146	200	178
147	200	2
148	200	116
149	200	46
150	200	30
151	200	64
155	200	58
158	200	42
160	200	44
162	200	83
163	200	41
165	200	70
167	200	63
172	200	21
175	200	65
178	200	35
183	200	16
184	200	87
185	200	58
188	200	20
193	200	30
194	200	134
195	200	88
199	200	54
204	200	17
207	200	48
208	200	23
210	200	68
211	200	126
212	200	62
213	200	91
215	200	117
217	200	198
218	200	68
219	200	94
220	200	245
223	200	58
224	200	85
225	200	91
228	200	81
24	199	34
26	199	110
27	199	91
29	199	52
30	199	14
32	199	50
34	199	90
38	199	54
41	199	48
44	199	60
46	199	20
49	199	40
55	199	43
57	199	49
58	199	202
59	199	76
60	199	185
61	199	44
63	199	43
64	199	53
66	199	29
68	199	20
71	199	93
72	199	16
74	199	126
75	199	94
77	199	18
78	199	30
79	199	233
80	199	100
84	199	72
85	199	41
87	199	43
89	199	110
90	199	58
91	199	100
92	199	49
93	199	90
94	199	81
96	199	99
99	199	172
100	199	17
101	199	150
103	199	21
104	199	68
105	199	37
106	199	37
107	199	60
108	199	181
110	199	26
113	199	64
114	199	84
115	199	73
116	199	82
118	199	34
121	199	62
122	199	79
123	199	109
124	199	127
125	199	87
127	199	62
131	199	121
132	199	51
133	199	119
134	199	21
138	199	43
139	199	77
141	199	148
142	199	68
144	199	154
145	199	146
146	199	87
147	199	30
148	199	72
150	199	138
151	199	100
152	199	118
153	199	73
154	199	106
155	199	117
156	199	60
157	199	54
163	199	137
165	199	58
166	199	93
169	199	55
171	199	56
173	199	77
175	199	142
181	199	72
182	199	78
183	199	69
184	199	103
186	199	65
189	199	29
199	199	57
200	199	49
203	199	31
208	199	165
210	199	54
212	199	18
213	199	86
214	199	100
216	199	94
217	199	56
218	199	95
221	199	27
222	199	98
225	199	32
17	198	58
19	198	78
26	198	89
27	198	125
28	198	45
29	198	91
31	198	157
32	198	30
33	198	109
34	198	47
35	198	64
37	198	61
38	198	54
39	198	62
40	198	48
41	198	105
44	198	54
47	198	57
48	198	72
52	198	10
53	198	124
60	198	33
61	198	66
64	198	69
68	198	84
71	198	100
72	198	80
73	198	85
75	198	76
77	198	13
78	198	65
81	198	18
83	198	39
84	198	83
86	198	152
89	198	96
90	198	110
91	198	20
96	198	94
99	198	37
100	198	19
101	198	120
102	198	30
103	198	61
108	198	46
109	198	131
110	198	94
111	198	181
113	198	30
115	198	56
123	198	13
124	198	141
125	198	136
127	198	99
128	198	94
130	198	71
132	198	155
133	198	92
135	198	210
140	198	58
141	198	21
143	198	72
145	198	92
146	198	145
147	198	59
148	198	130
149	198	20
150	198	179
152	198	11
155	198	58
157	198	189
158	198	87
159	198	122
162	198	28
163	198	96
169	198	71
170	198	38
173	198	139
174	198	77
176	198	61
177	198	22
178	198	29
184	198	95
189	198	59
193	198	57
194	198	57
195	198	62
202	198	119
204	198	112
208	198	45
210	198	74
214	198	117
215	198	83
217	198	106
218	198	106
219	198	19
221	198	114
222	198	92
223	198	53
224	198	98
17	197	54
26	197	74
29	197	66
34	197	131
36	197	17
37	197	45
39	197	21
45	197	45
47	197	244
49	197	52
50	197	92
51	197	29
52	197	49
53	197	18
55	197	43
59	197	43
60	197	78
61	197	19
62	197	51
64	197	40
65	197	66
68	197	38
73	197	136
74	197	145
75	197	84
76	197	44
77	197	60
78	197	57
79	197	146
84	197	60
87	197	48
90	197	81
93	197	37
94	197	29
96	197	68
97	197	65
98	197	51
104	197	75
106	197	102
108	197	66
109	197	124
111	197	98
112	197	46
117	197	32
119	197	54
120	197	121
121	197	39
122	197	31
124	197	89
128	197	85
130	197	21
132	197	14
134	197	110
135	197	105
137	197	64
138	197	77
139	197	102
142	197	80
143	197	22
145	197	19
146	197	246
147	197	128
148	197	89
161	197	126
166	197	52
169	197	48
172	197	132
173	197	138
179	197	36
180	197	58
185	197	60
186	197	46
189	197	114
204	197	66
206	197	66
207	197	78
212	197	97
214	197	36
216	197	193
217	197	67
218	197	56
219	197	66
220	197	64
221	197	43
224	197	11
225	197	27
11	196	86
24	196	53
27	196	86
28	196	42
31	196	63
38	196	69
40	196	70
44	196	65
45	196	46
46	196	47
47	196	175
49	196	83
50	196	53
51	196	67
52	196	31
54	196	38
55	196	69
58	196	33
59	196	49
60	196	99
61	196	91
62	196	127
64	196	137
65	196	48
66	196	49
67	196	123
69	196	75
75	196	98
76	196	21
77	196	52
78	196	159
80	196	89
82	196	48
84	196	115
85	196	192
86	196	46
87	196	131
88	196	26
90	196	62
91	196	67
93	196	88
95	196	34
106	196	59
107	196	53
108	196	22
109	196	73
110	196	52
112	196	38
114	196	69
115	196	125
117	196	62
120	196	98
122	196	17
123	196	38
125	196	165
127	196	58
132	196	38
133	196	73
134	196	105
135	196	57
136	196	40
137	196	74
138	196	52
140	196	74
141	196	121
142	196	38
144	196	94
146	196	66
147	196	48
148	196	182
149	196	42
150	196	139
151	196	84
153	196	77
158	196	94
159	196	41
162	196	54
163	196	44
166	196	51
168	196	70
169	196	69
170	196	52
176	196	35
177	196	34
181	196	33
184	196	67
185	196	50
193	196	63
200	196	19
206	196	12
211	196	50
213	196	54
214	196	18
215	196	108
216	196	71
217	196	89
218	196	76
219	196	126
220	196	71
221	196	65
222	196	24
226	196	66
247	196	1
19	195	49
23	195	52
27	195	138
28	195	74
32	195	29
33	195	115
35	195	50
42	195	48
45	195	73
50	195	37
52	195	59
53	195	42
54	195	62
55	195	163
57	195	71
58	195	40
62	195	91
63	195	52
65	195	49
69	195	86
72	195	80
78	195	110
81	195	168
90	195	134
91	195	50
92	195	62
94	195	56
98	195	51
99	195	42
101	195	33
103	195	106
106	195	60
107	195	62
108	195	58
111	195	21
112	195	35
115	195	43
116	195	92
118	195	45
121	195	208
122	195	71
125	195	37
126	195	64
127	195	62
133	195	4
135	195	84
138	195	38
139	195	69
142	195	38
146	195	115
148	195	69
149	195	24
153	195	17
155	195	155
160	195	68
162	195	169
163	195	44
164	195	62
167	195	33
168	195	72
175	195	48
176	195	99
177	195	27
185	195	51
191	195	34
196	195	63
204	195	65
210	195	74
211	195	30
212	195	89
213	195	87
214	195	109
216	195	274
217	195	81
218	195	76
219	195	146
220	195	172
221	195	99
222	195	43
223	195	90
226	195	53
227	195	17
9	194	17
15	194	44
23	194	74
28	194	90
29	194	38
33	194	142
36	194	76
37	194	132
38	194	54
41	194	76
42	194	199
43	194	112
45	194	48
49	194	14
53	194	74
55	194	36
56	194	75
61	194	33
63	194	46
64	194	45
66	194	40
67	194	55
68	194	93
69	194	156
70	194	69
73	194	215
74	194	87
77	194	68
80	194	65
81	194	84
84	194	64
85	194	48
86	194	117
88	194	70
90	194	246
102	194	34
103	194	62
107	194	62
113	194	35
114	194	62
115	194	40
117	194	70
118	194	22
120	194	60
123	194	59
124	194	155
125	194	134
127	194	92
128	194	184
129	194	88
131	194	30
134	194	88
135	194	104
136	194	98
139	194	65
140	194	54
141	194	88
142	194	112
144	194	74
145	194	44
146	194	32
149	194	82
151	194	93
152	194	52
153	194	41
160	194	134
161	194	30
162	194	58
163	194	54
167	194	15
169	194	21
174	194	61
177	194	52
191	194	67
193	194	46
196	194	54
205	194	57
209	194	24
211	194	88
212	194	12
213	194	165
214	194	86
215	194	151
216	194	159
218	194	142
219	194	48
220	194	23
226	194	33
229	194	42
18	193	48
21	193	26
22	193	38
24	193	118
27	193	42
31	193	54
33	193	58
34	193	66
46	193	43
47	193	23
49	193	25
52	193	18
54	193	50
55	193	133
57	193	100
58	193	38
60	193	111
61	193	92
62	193	46
63	193	35
64	193	85
66	193	232
67	193	162
68	193	62
69	193	70
71	193	66
73	193	23
74	193	174
75	193	91
77	193	32
78	193	191
79	193	66
81	193	29
82	193	103
83	193	37
84	193	76
85	193	35
87	193	55
88	193	126
90	193	29
95	193	44
96	193	142
97	193	26
99	193	90
102	193	34
103	193	54
104	193	62
105	193	116
106	193	80
112	193	48
114	193	70
121	193	52
122	193	127
124	193	49
126	193	101
127	193	81
128	193	87
129	193	33
131	193	27
134	193	44
135	193	44
141	193	225
142	193	21
144	193	67
147	193	85
152	193	24
153	193	95
158	193	13
160	193	69
161	193	72
163	193	96
164	193	38
165	193	79
170	193	17
173	193	185
174	193	52
176	193	76
177	193	1
178	193	35
179	193	23
180	193	34
181	193	18
184	193	56
185	193	37
189	193	43
195	193	79
196	193	58
201	193	25
208	193	65
209	193	62
210	193	59
211	193	48
213	193	226
215	193	197
216	193	92
217	193	185
219	193	200
220	193	132
221	193	76
225	193	54
226	193	59
229	193	47
231	193	60
233	193	75
239	193	53
242	193	59
13	192	47
18	192	73
22	192	43
26	192	73
29	192	79
31	192	57
33	192	36
34	192	67
35	192	48
38	192	35
39	192	89
40	192	68
46	192	76
47	192	20
49	192	74
52	192	48
53	192	33
54	192	51
56	192	84
58	192	180
60	192	101
61	192	33
62	192	108
63	192	181
64	192	43
66	192	86
72	192	99
73	192	41
74	192	80
75	192	185
76	192	59
79	192	92
82	192	25
83	192	96
84	192	67
85	192	155
87	192	49
88	192	25
89	192	153
90	192	44
92	192	67
94	192	70
97	192	71
100	192	22
107	192	85
108	192	50
109	192	81
110	192	62
111	192	80
112	192	26
113	192	27
114	192	41
117	192	79
122	192	113
123	192	80
128	192	63
130	192	110
132	192	161
134	192	75
135	192	66
136	192	168
137	192	66
138	192	101
141	192	52
142	192	65
143	192	141
146	192	77
148	192	39
149	192	117
152	192	5
153	192	61
154	192	101
155	192	92
157	192	88
159	192	23
160	192	35
163	192	60
166	192	25
167	192	66
168	192	50
170	192	35
173	192	64
174	192	55
180	192	123
185	192	29
187	192	48
188	192	17
190	192	128
192	192	48
194	192	39
196	192	25
207	192	60
208	192	76
209	192	150
210	192	48
211	192	188
212	192	136
213	192	72
215	192	203
216	192	153
217	192	115
59	246	70
54	245	43
74	245	77
67	244	59
83	244	73
132	244	73
147	244	41
201	244	89
39	243	47
57	243	52
75	243	11
83	243	43
89	243	66
110	243	23
115	243	72
132	243	43
134	243	5
135	243	57
150	243	42
178	243	25
179	243	47
192	243	46
68	242	33
73	242	16
75	242	64
84	242	46
94	242	60
102	242	104
104	242	55
107	242	62
116	242	116
118	242	15
122	242	17
127	242	16
129	242	106
134	242	52
139	242	54
141	242	65
146	242	157
148	242	18
158	242	37
163	242	74
173	242	68
201	242	66
63	241	62
73	241	66
75	241	99
79	241	45
80	241	23
86	241	57
90	241	10
98	241	70
99	241	42
102	241	17
107	241	40
111	241	55
112	241	31
113	241	48
115	241	37
128	241	80
129	241	53
133	241	48
143	241	65
155	241	8
158	241	84
188	241	52
189	241	15
200	241	28
201	241	82
205	241	57
27	240	67
33	240	31
42	240	59
55	240	32
60	240	66
72	240	40
74	240	47
78	240	69
82	240	29
87	240	55
91	240	10
92	240	105
98	240	40
99	240	77
102	240	54
103	240	28
106	240	53
108	240	28
114	240	104
128	240	51
132	240	103
133	240	59
141	240	72
142	240	45
144	240	70
152	240	40
162	240	8
170	240	25
175	240	99
178	240	27
194	240	62
20	239	74
54	239	37
57	239	32
58	239	49
68	239	98
75	239	52
77	239	26
78	239	84
80	239	117
81	239	16
83	239	33
89	239	16
91	239	73
95	239	71
99	239	18
100	239	87
101	239	70
103	239	79
106	239	84
109	239	107
110	239	73
112	239	43
117	239	51
125	239	44
127	239	64
129	239	98
134	239	81
148	239	63
152	239	101
162	239	90
167	239	19
169	239	48
174	239	119
175	239	129
176	239	92
177	239	54
182	239	83
183	239	68
199	239	26
42	238	33
66	238	33
79	238	132
80	238	190
82	238	36
84	238	54
85	238	51
87	238	71
88	238	71
91	238	60
93	238	131
95	238	146
96	238	25
99	238	80
100	238	118
103	238	56
104	238	54
106	238	187
108	238	64
114	238	58
118	238	66
119	238	50
121	238	14
122	238	65
123	238	39
135	238	46
147	238	24
154	238	52
155	238	40
161	238	32
163	238	39
164	238	72
169	238	23
174	238	131
175	238	91
176	238	98
177	238	47
179	238	32
180	238	66
184	238	74
186	238	81
195	238	41
47	237	37
50	237	54
53	237	56
65	237	36
66	237	69
73	237	40
82	237	80
87	237	57
90	237	53
91	237	53
94	237	17
96	237	65
97	237	21
100	237	40
104	237	52
108	237	48
111	237	49
112	237	68
115	237	35
117	237	29
118	237	117
119	237	72
127	237	45
128	237	22
130	237	86
133	237	57
135	237	18
145	237	119
146	237	38
152	237	36
155	237	91
157	237	55
170	237	63
177	237	32
178	237	21
189	237	54
190	237	20
198	237	28
36	236	41
38	236	51
50	236	53
51	236	38
67	236	20
70	236	27
78	236	46
81	236	15
82	236	60
83	236	93
84	236	51
86	236	29
88	236	13
89	236	67
94	236	55
97	236	23
99	236	127
100	236	20
109	236	124
113	236	73
117	236	51
118	236	61
119	236	121
123	236	109
124	236	44
126	236	167
127	236	83
130	236	42
131	236	33
132	236	14
135	236	58
139	236	77
148	236	19
150	236	72
152	236	48
155	236	64
157	236	38
159	236	137
161	236	18
165	236	43
166	236	96
167	236	23
169	236	54
174	236	38
175	236	28
179	236	38
182	236	60
185	236	63
201	236	41
208	236	93
218	236	62
23	235	61
24	235	36
29	235	47
40	235	41
43	235	35
50	235	69
63	235	40
64	235	73
71	235	45
72	235	92
75	235	128
76	235	31
81	235	21
84	235	28
85	235	93
86	235	35
93	235	56
98	235	86
99	235	13
100	235	49
102	235	99
106	235	18
107	235	70
113	235	27
114	235	75
115	235	45
116	235	32
117	235	15
119	235	45
121	235	40
123	235	68
124	235	19
126	235	42
127	235	68
131	235	57
132	235	44
133	235	102
144	235	128
146	235	48
147	235	31
150	235	33
158	235	63
160	235	46
166	235	80
169	235	46
171	235	109
173	235	7
178	235	61
201	235	20
217	235	17
56	234	23
58	234	53
63	234	120
64	234	95
65	234	44
67	234	56
68	234	29
70	234	24
71	234	78
82	234	49
84	234	64
86	234	38
90	234	52
92	234	99
93	234	69
96	234	42
97	234	27
99	234	49
101	234	136
105	234	60
107	234	44
109	234	48
112	234	93
120	234	60
121	234	128
126	234	75
128	234	42
129	234	38
133	234	77
134	234	44
136	234	49
140	234	58
141	234	132
142	234	105
143	234	82
147	234	54
152	234	66
157	234	40
159	234	70
160	234	37
162	234	49
163	234	58
167	234	47
174	234	21
175	234	45
178	234	32
192	234	69
200	234	37
202	234	81
210	234	39
21	233	33
23	233	44
31	233	46
37	233	51
41	233	76
43	233	34
51	233	49
53	233	65
54	233	62
56	233	82
59	233	52
60	233	16
69	233	23
70	233	63
74	233	41
78	233	54
80	233	53
84	233	20
86	233	86
87	233	109
88	233	21
92	233	119
93	233	76
94	233	43
95	233	54
98	233	157
99	233	59
100	233	191
101	233	262
102	233	57
107	233	30
108	233	23
109	233	115
111	233	77
112	233	63
114	233	76
115	233	40
120	233	38
126	233	23
127	233	29
133	233	51
134	233	23
137	233	69
138	233	57
139	233	78
140	233	13
142	233	45
148	233	31
156	233	51
161	233	37
163	233	9
166	233	25
167	233	39
170	233	75
178	233	88
179	233	7
182	233	26
189	233	45
201	233	62
211	233	51
238	233	22
42	232	40
45	232	51
53	232	63
54	232	63
61	232	62
63	232	58
67	232	34
70	232	17
82	232	66
83	232	87
84	232	32
85	232	129
86	232	132
88	232	46
89	232	69
90	232	26
91	232	74
92	232	55
94	232	107
97	232	37
99	232	48
101	232	48
102	232	33
103	232	87
104	232	83
106	232	128
107	232	109
109	232	99
110	232	130
111	232	58
113	232	42
117	232	93
122	232	66
125	232	34
128	232	95
130	232	49
133	232	36
134	232	42
137	232	66
138	232	30
140	232	31
141	232	40
150	232	35
152	232	53
156	232	36
160	232	45
163	232	150
165	232	26
173	232	57
175	232	130
180	232	42
182	232	42
194	232	53
196	232	49
197	232	45
200	232	97
207	232	38
208	232	55
213	232	52
24	231	57
34	231	55
38	231	123
39	231	38
48	231	46
54	231	32
58	231	52
64	231	96
65	231	46
67	231	86
70	231	84
73	231	62
75	231	59
77	231	54
85	231	17
86	231	66
87	231	52
88	231	57
89	231	148
90	231	151
93	231	69
94	231	34
97	231	54
98	231	83
99	231	61
101	231	67
102	231	16
103	231	67
110	231	74
111	231	116
115	231	52
116	231	58
120	231	101
122	231	85
125	231	18
126	231	32
131	231	56
132	231	68
133	231	19
134	231	206
135	231	84
136	231	153
138	231	87
139	231	94
141	231	84
143	231	50
144	231	49
146	231	59
147	231	69
148	231	41
151	231	60
152	231	66
154	231	29
155	231	29
160	231	47
163	231	47
165	231	18
166	231	35
168	231	59
170	231	96
178	231	21
185	231	51
189	231	29
18	230	45
24	230	27
33	230	52
35	230	56
37	230	32
39	230	55
40	230	58
42	230	24
43	230	18
63	230	86
66	230	25
67	230	57
71	230	77
72	230	119
73	230	41
80	230	66
86	230	163
88	230	135
90	230	86
92	230	54
93	230	143
94	230	46
95	230	134
96	230	64
97	230	50
98	230	108
100	230	26
101	230	25
102	230	197
103	230	141
104	230	37
105	230	108
107	230	102
109	230	33
110	230	167
111	230	85
117	230	56
119	230	112
122	230	37
125	230	39
127	230	21
133	230	49
134	230	133
135	230	60
138	230	88
139	230	57
140	230	66
141	230	30
143	230	110
146	230	86
152	230	65
154	230	88
162	230	41
165	230	36
167	230	75
171	230	84
173	230	47
175	230	39
178	230	62
182	230	38
188	230	36
200	230	92
201	230	37
23	229	40
30	229	86
32	229	39
33	229	76
37	229	18
43	229	70
48	229	20
50	229	51
53	229	11
57	229	51
60	229	70
63	229	22
64	229	36
65	229	32
66	229	69
68	229	39
69	229	16
70	229	116
72	229	24
74	229	45
76	229	37
78	229	42
81	229	100
82	229	68
87	229	92
88	229	56
90	229	57
91	229	45
92	229	91
93	229	23
95	229	73
98	229	79
99	229	37
102	229	176
103	229	106
104	229	171
105	229	58
106	229	13
107	229	40
109	229	80
110	229	54
111	229	87
113	229	24
119	229	105
124	229	38
125	229	37
126	229	44
129	229	54
130	229	48
132	229	51
133	229	49
137	229	41
140	229	84
143	229	20
147	229	96
148	229	41
149	229	51
150	229	76
153	229	115
158	229	85
170	229	62
171	229	48
172	229	50
173	229	85
177	229	79
179	229	113
182	229	27
184	229	84
185	229	22
186	229	59
192	229	30
193	229	56
196	229	54
200	229	16
201	229	55
211	229	67
212	229	31
225	229	51
16	228	60
20	228	58
24	228	48
29	228	28
31	228	35
35	228	33
39	228	53
42	228	68
45	228	58
46	228	70
56	228	47
59	228	23
60	228	66
63	228	43
64	228	26
68	228	42
69	228	82
70	228	46
75	228	28
78	228	15
79	228	56
80	228	86
81	228	67
83	228	48
85	228	48
88	228	75
89	228	46
90	228	117
91	228	89
92	228	41
97	228	49
98	228	61
99	228	110
101	228	112
102	228	40
103	228	100
104	228	183
105	228	19
106	228	180
108	228	18
110	228	42
111	228	17
112	228	33
113	228	74
114	228	86
115	228	43
117	228	47
119	228	83
120	228	63
121	228	42
125	228	44
127	228	26
128	228	37
131	228	120
136	228	197
137	228	190
139	228	29
141	228	204
142	228	121
144	228	42
145	228	13
147	228	54
149	228	87
150	228	51
151	228	39
155	228	34
158	228	167
159	228	92
160	228	52
163	228	72
166	228	78
168	228	43
169	228	123
170	228	57
171	228	35
172	228	19
174	228	39
176	228	46
177	228	47
184	228	137
186	228	82
187	228	52
193	228	70
197	228	49
208	228	59
211	228	71
24	227	48
25	227	31
28	227	74
38	227	54
39	227	57
40	227	47
43	227	10
44	227	73
52	227	100
53	227	38
58	227	70
77	227	48
78	227	65
79	227	115
83	227	57
84	227	17
89	227	176
90	227	18
92	227	114
93	227	169
94	227	149
95	227	35
96	227	59
97	227	59
99	227	63
100	227	56
101	227	155
103	227	255
104	227	61
105	227	52
108	227	73
109	227	173
111	227	74
113	227	24
114	227	118
115	227	35
116	227	30
118	227	82
119	227	57
123	227	95
125	227	30
126	227	41
127	227	59
128	227	70
129	227	125
136	227	100
137	227	137
140	227	41
141	227	55
142	227	37
144	227	52
145	227	62
148	227	103
149	227	61
150	227	52
151	227	51
153	227	34
154	227	140
155	227	9
159	227	37
161	227	38
163	227	33
164	227	25
165	227	33
169	227	58
171	227	55
172	227	66
176	227	70
177	227	87
182	227	22
183	227	14
189	227	79
192	227	3
197	227	62
198	227	57
210	227	59
219	227	78
17	226	17
30	226	71
34	226	30
35	226	31
46	226	68
51	226	29
53	226	43
56	226	39
59	226	25
60	226	34
61	226	66
62	226	29
66	226	75
67	226	50
68	226	32
71	226	59
74	226	39
75	226	45
76	226	30
77	226	40
81	226	54
82	226	31
83	226	82
85	226	70
86	226	14
87	226	25
88	226	105
91	226	13
93	226	65
94	226	67
95	226	103
96	226	128
97	226	42
99	226	53
100	226	34
101	226	97
102	226	179
103	226	80
104	226	95
106	226	75
107	226	39
111	226	48
112	226	52
114	226	95
117	226	22
119	226	41
122	226	46
124	226	33
125	226	42
126	226	47
127	226	36
128	226	73
131	226	145
133	226	38
139	226	83
140	226	55
141	226	168
142	226	62
143	226	120
147	226	169
148	226	95
150	226	90
151	226	37
154	226	95
155	226	48
157	226	47
159	226	70
160	226	39
164	226	105
165	226	59
166	226	34
170	226	83
171	226	61
174	226	77
176	226	70
180	226	51
181	226	33
184	226	47
185	226	72
194	226	108
196	226	88
198	226	25
207	226	29
210	226	40
222	226	41
20	225	56
27	225	23
29	225	67
35	225	33
40	225	49
42	225	122
43	225	52
44	225	83
49	225	79
50	225	120
58	225	65
63	225	62
66	225	88
71	225	52
74	225	62
76	225	22
78	225	123
84	225	44
85	225	108
86	225	98
87	225	86
91	225	83
92	225	180
93	225	43
95	225	69
96	225	64
98	225	73
99	225	128
100	225	183
101	225	41
102	225	55
104	225	53
107	225	25
111	225	20
112	225	87
113	225	49
114	225	47
115	225	100
116	225	85
117	225	121
118	225	48
120	225	27
121	225	141
123	225	66
127	225	45
129	225	57
130	225	18
131	225	73
136	225	107
141	225	61
142	225	46
143	225	175
144	225	117
145	225	122
146	225	58
147	225	46
149	225	61
152	225	51
154	225	225
155	225	57
157	225	86
160	225	68
161	225	57
163	225	44
165	225	42
168	225	12
170	225	85
175	225	35
176	225	87
177	225	95
178	225	79
184	225	19
192	225	122
194	225	43
197	225	51
220	225	74
26	224	127
27	224	61
31	224	84
34	224	29
37	224	51
38	224	28
39	224	50
45	224	58
46	224	62
54	224	93
56	224	39
60	224	51
62	224	32
66	224	168
67	224	29
74	224	24
77	224	23
81	224	86
82	224	39
87	224	42
89	224	236
90	224	62
92	224	92
93	224	85
94	224	97
95	224	98
96	224	125
98	224	112
99	224	80
100	224	193
101	224	148
102	224	93
103	224	37
104	224	165
105	224	19
106	224	93
108	224	52
112	224	32
117	224	70
119	224	87
120	224	62
121	224	41
122	224	28
123	224	15
124	224	78
126	224	45
127	224	86
129	224	40
130	224	36
131	224	87
136	224	35
137	224	33
140	224	56
141	224	30
143	224	156
144	224	73
146	224	52
147	224	57
148	224	36
149	224	130
150	224	51
152	224	22
154	224	129
157	224	137
158	224	110
159	224	42
160	224	93
161	224	116
163	224	46
165	224	47
166	224	104
167	224	37
168	224	99
170	224	34
172	224	64
176	224	67
177	224	26
178	224	90
179	224	70
180	224	84
182	224	18
187	224	96
196	224	62
197	224	79
207	224	43
220	224	33
26	223	70
32	223	112
33	223	87
38	223	44
41	223	28
49	223	30
70	223	50
76	223	24
78	223	128
83	223	23
86	223	15
88	223	9
89	223	37
90	223	67
93	223	18
94	223	137
95	223	177
96	223	94
97	223	84
98	223	47
100	223	30
101	223	101
102	223	64
103	223	140
104	223	70
107	223	92
113	223	86
114	223	57
115	223	128
116	223	21
117	223	50
118	223	38
121	223	87
122	223	33
123	223	117
124	223	101
125	223	44
128	223	82
129	223	62
130	223	77
131	223	37
132	223	59
133	223	80
134	223	53
135	223	100
136	223	90
137	223	96
140	223	58
141	223	95
144	223	55
145	223	34
146	223	9
148	223	9
149	223	125
150	223	62
151	223	37
152	223	136
153	223	148
155	223	172
156	223	12
157	223	95
158	223	65
160	223	152
163	223	134
167	223	28
168	223	143
170	223	67
172	223	105
181	223	32
182	223	50
183	223	86
185	223	43
208	223	110
218	223	26
220	223	51
221	223	47
225	223	54
13	222	42
14	222	30
19	222	58
26	222	50
27	222	48
28	222	83
29	222	46
32	222	43
35	222	58
43	222	28
49	222	34
51	222	43
55	222	74
56	222	51
58	222	38
59	222	17
60	222	84
61	222	37
66	222	55
68	222	39
69	222	65
75	222	17
78	222	58
79	222	17
81	222	72
82	222	54
84	222	13
86	222	32
88	222	35
89	222	72
91	222	75
92	222	34
93	222	79
95	222	135
96	222	74
97	222	92
98	222	108
100	222	79
101	222	148
102	222	64
103	222	103
104	222	127
106	222	18
107	222	59
108	222	63
109	222	46
110	222	42
111	222	15
112	222	56
113	222	124
114	222	119
115	222	16
116	222	48
117	222	82
121	222	24
125	222	30
126	222	44
129	222	185
130	222	68
131	222	63
133	222	37
134	222	195
135	222	156
139	222	34
140	222	17
142	222	89
145	222	48
146	222	89
148	222	74
151	222	94
152	222	84
153	222	134
154	222	118
155	222	36
157	222	71
159	222	75
160	222	67
161	222	61
165	222	32
166	222	171
169	222	17
173	222	71
174	222	83
179	222	19
181	222	156
182	222	31
183	222	45
184	222	65
185	222	46
187	222	61
189	222	76
194	222	36
199	222	53
206	222	71
15	221	29
17	221	53
19	221	67
20	221	47
29	221	49
32	221	39
33	221	14
34	221	73
35	221	52
36	221	63
40	221	78
41	221	68
42	221	171
46	221	21
48	221	75
49	221	22
55	221	47
59	221	11
60	221	55
61	221	171
68	221	66
69	221	89
73	221	59
78	221	92
81	221	28
82	221	44
83	221	111
84	221	52
87	221	62
89	221	71
90	221	48
91	221	49
92	221	37
93	221	70
94	221	60
95	221	69
96	221	34
97	221	201
98	221	83
101	221	51
103	221	43
105	221	135
109	221	26
111	221	56
114	221	37
115	221	56
116	221	18
117	221	84
119	221	118
124	221	78
125	221	42
127	221	59
128	221	73
129	221	60
131	221	98
132	221	118
134	221	55
136	221	26
137	221	59
138	221	46
140	221	210
142	221	57
143	221	216
144	221	78
145	221	84
149	221	40
151	221	36
152	221	78
153	221	152
154	221	97
156	221	16
159	221	21
160	221	41
162	221	13
163	221	83
165	221	78
166	221	58
167	221	83
168	221	60
171	221	93
175	221	40
177	221	70
180	221	68
185	221	34
187	221	80
188	221	67
199	221	73
202	221	57
206	221	71
209	221	41
219	221	91
227	221	40
17	220	49
32	220	57
33	220	57
38	220	91
39	220	79
40	220	74
43	220	8
44	220	42
46	220	85
47	220	41
48	220	95
49	220	79
51	220	17
52	220	27
53	220	46
55	220	71
62	220	30
67	220	61
71	220	10
76	220	43
77	220	81
78	220	32
79	220	31
84	220	27
86	220	23
87	220	110
89	220	59
91	220	159
92	220	58
93	220	91
94	220	54
95	220	83
96	220	139
98	220	38
99	220	81
100	220	67
101	220	100
102	220	43
103	220	34
104	220	17
105	220	70
108	220	38
111	220	50
114	220	31
115	220	91
116	220	56
119	220	48
121	220	68
122	220	83
123	220	65
125	220	80
126	220	39
127	220	93
129	220	66
131	220	12
132	220	120
136	220	116
137	220	85
138	220	103
139	220	201
140	220	48
141	220	72
142	220	105
144	220	120
145	220	82
147	220	93
149	220	13
150	220	169
151	220	23
155	220	114
156	220	85
157	220	98
159	220	108
160	220	148
161	220	20
163	220	159
165	220	45
166	220	71
167	220	103
168	220	130
171	220	109
174	220	25
175	220	183
177	220	89
178	220	69
179	220	88
180	220	17
181	220	22
185	220	53
188	220	42
195	220	140
206	220	66
207	220	60
243	220	8
19	219	22
21	219	62
25	219	47
27	219	35
30	219	92
31	219	76
33	219	80
34	219	44
35	219	47
43	219	28
47	219	54
59	219	11
61	219	83
62	219	69
63	219	27
64	219	76
67	219	74
69	219	70
70	219	29
72	219	41
73	219	68
74	219	70
76	219	118
77	219	24
78	219	86
80	219	65
83	219	9
84	219	73
85	219	51
87	219	125
89	219	49
90	219	50
92	219	52
93	219	109
94	219	112
96	219	76
97	219	93
98	219	26
99	219	94
101	219	27
102	219	53
104	219	51
108	219	46
110	219	27
113	219	85
114	219	181
115	219	22
116	219	243
117	219	44
119	219	78
122	219	78
124	219	39
126	219	15
131	219	75
132	219	22
135	219	102
136	219	143
137	219	246
138	219	30
139	219	38
140	219	57
142	219	13
143	219	132
145	219	94
146	219	70
147	219	62
149	219	29
152	219	159
153	219	41
154	219	28
156	219	54
158	219	93
160	219	90
161	219	84
162	219	51
166	219	143
170	219	34
172	219	22
173	219	53
174	219	86
179	219	67
180	219	40
183	219	26
186	219	156
193	219	64
196	219	57
26	218	39
29	218	109
30	218	22
33	218	47
35	218	88
36	218	67
38	218	53
39	218	79
51	218	20
52	218	160
55	218	66
56	218	36
58	218	116
61	218	56
65	218	57
66	218	40
70	218	102
71	218	77
74	218	68
76	218	67
83	218	66
84	218	41
85	218	46
88	218	111
89	218	220
90	218	86
92	218	52
93	218	54
94	218	77
95	218	173
96	218	59
97	218	98
98	218	55
100	218	123
101	218	91
104	218	27
105	218	30
106	218	79
108	218	144
109	218	57
110	218	44
114	218	39
115	218	44
116	218	40
117	218	92
118	218	68
120	218	57
121	218	62
123	218	68
126	218	45
128	218	118
130	218	88
133	218	122
134	218	86
135	218	66
136	218	64
139	218	97
140	218	97
142	218	138
143	218	76
144	218	57
145	218	33
146	218	193
147	218	220
148	218	104
149	218	29
150	218	40
151	218	69
152	218	87
154	218	75
157	218	195
158	218	88
159	218	69
163	218	104
164	218	48
166	218	91
168	218	47
169	218	94
172	218	71
174	218	31
179	218	116
181	218	35
185	218	100
206	218	22
207	218	62
19	217	57
28	217	113
29	217	109
32	217	29
33	217	83
34	217	36
36	217	61
37	217	87
39	217	36
42	217	69
48	217	67
49	217	113
53	217	64
55	217	75
57	217	41
58	217	29
59	217	12
62	217	29
63	217	81
66	217	74
70	217	86
75	217	32
76	217	58
77	217	31
79	217	54
80	217	63
81	217	32
82	217	44
83	217	91
84	217	70
88	217	57
93	217	43
97	217	137
98	217	127
100	217	34
102	217	86
104	217	204
107	217	19
108	217	60
116	217	142
117	217	62
118	217	50
119	217	102
122	217	43
123	217	47
125	217	123
135	217	102
136	217	20
137	217	50
141	217	90
142	217	104
145	217	46
146	217	34
147	217	90
148	217	180
149	217	125
150	217	39
151	217	182
152	217	15
153	217	56
154	217	60
157	217	148
158	217	46
160	217	93
161	217	73
162	217	57
166	217	52
169	217	22
172	217	45
173	217	50
177	217	82
183	217	62
186	217	60
187	217	80
190	217	94
201	217	48
203	217	81
205	217	70
207	217	22
212	217	51
213	217	68
217	217	82
224	217	37
24	216	29
28	216	42
33	216	47
34	216	54
35	216	91
37	216	109
38	216	53
40	216	77
42	216	71
43	216	18
44	216	219
45	216	36
46	216	33
51	216	65
53	216	121
55	216	15
59	216	45
61	216	29
63	216	55
64	216	75
69	216	36
71	216	117
72	216	66
74	216	37
76	216	62
77	216	48
79	216	55
81	216	90
83	216	58
84	216	37
93	216	44
95	216	150
96	216	143
97	216	59
98	216	74
99	216	110
100	216	70
104	216	177
105	216	25
106	216	56
107	216	203
111	216	63
112	216	66
113	216	62
115	216	39
118	216	46
121	216	52
122	216	29
124	216	32
125	216	22
127	216	47
128	216	80
129	216	66
131	216	87
133	216	111
134	216	49
135	216	33
137	216	60
138	216	79
139	216	119
140	216	39
141	216	62
142	216	146
143	216	78
144	216	117
146	216	86
149	216	137
151	216	224
153	216	42
154	216	127
156	216	39
158	216	19
159	216	121
160	216	108
161	216	26
163	216	57
164	216	124
165	216	48
166	216	41
167	216	50
168	216	88
169	216	68
170	216	58
175	216	110
179	216	83
180	216	100
181	216	48
182	216	27
186	216	21
188	216	103
191	216	31
198	216	57
199	216	77
218	216	52
229	216	51
12	215	48
14	215	54
20	215	50
25	215	62
27	215	40
33	215	78
34	215	92
35	215	84
36	215	34
37	215	70
38	215	86
43	215	63
45	215	65
50	215	25
52	215	76
55	215	110
59	215	62
62	215	42
63	215	55
64	215	114
65	215	160
70	215	100
71	215	33
75	215	88
76	215	172
79	215	64
83	215	64
86	215	27
87	215	64
88	215	54
89	215	50
90	215	76
91	215	99
92	215	154
96	215	53
100	215	80
101	215	88
105	215	71
107	215	59
108	215	14
112	215	85
113	215	198
114	215	36
115	215	64
118	215	32
119	215	103
123	215	38
124	215	171
125	215	55
127	215	38
131	215	22
132	215	49
134	215	30
135	215	148
137	215	96
139	215	64
144	215	52
145	215	59
147	215	134
148	215	63
150	215	73
151	215	51
152	215	84
153	215	52
156	215	69
158	215	32
159	215	123
160	215	104
162	215	35
163	215	77
164	215	68
165	215	59
166	215	39
167	215	96
168	215	84
169	215	72
174	215	79
175	215	85
177	215	34
180	215	69
184	215	49
186	215	111
189	215	94
199	215	63
207	215	81
211	215	61
215	215	22
12	214	66
20	214	86
23	214	72
27	214	111
30	214	76
31	214	75
34	214	55
35	214	21
36	214	59
39	214	81
40	214	112
42	214	56
43	214	13
45	214	21
47	214	41
48	214	216
51	214	44
53	214	84
55	214	110
57	214	34
58	214	166
59	214	19
60	214	68
62	214	83
63	214	107
66	214	45
69	214	59
70	214	82
71	214	13
72	214	119
73	214	42
74	214	90
75	214	42
76	214	59
77	214	130
81	214	65
85	214	60
86	214	56
87	214	101
89	214	96
90	214	18
92	214	32
93	214	51
94	214	48
95	214	26
98	214	51
99	214	101
100	214	165
101	214	41
102	214	9
103	214	72
104	214	67
105	214	65
108	214	78
109	214	48
110	214	57
113	214	16
114	214	121
115	214	132
116	214	53
120	214	41
122	214	97
123	214	45
124	214	54
125	214	69
126	214	36
127	214	81
129	214	51
131	214	140
132	214	35
133	214	85
136	214	57
137	214	39
140	214	101
141	214	70
142	214	111
143	214	172
144	214	242
146	214	5
149	214	59
151	214	26
152	214	66
154	214	72
162	214	71
163	214	23
164	214	50
165	214	88
166	214	15
167	214	100
169	214	68
172	214	35
173	214	65
174	214	89
176	214	45
177	214	87
179	214	95
180	214	58
181	214	49
183	214	68
184	214	90
187	214	84
190	214	84
197	214	89
200	214	50
210	214	80
230	214	71
31	213	91
32	213	145
34	213	89
35	213	195
36	213	23
37	213	49
41	213	67
42	213	85
44	213	104
46	213	78
48	213	40
50	213	11
51	213	57
52	213	80
53	213	68
60	213	138
63	213	46
69	213	75
73	213	51
74	213	75
77	213	73
78	213	89
81	213	39
82	213	45
83	213	150
84	213	36
87	213	44
88	213	28
89	213	49
90	213	54
91	213	98
92	213	27
93	213	67
94	213	71
96	213	94
97	213	76
98	213	168
99	213	72
100	213	101
102	213	59
103	213	36
104	213	131
107	213	37
108	213	48
109	213	62
111	213	61
113	213	118
116	213	23
118	213	98
121	213	42
123	213	70
125	213	100
126	213	5
127	213	86
128	213	37
129	213	118
131	213	86
132	213	47
136	213	31
137	213	96
139	213	20
141	213	198
142	213	121
143	213	78
144	213	78
145	213	129
146	213	196
147	213	27
148	213	37
149	213	69
150	213	107
151	213	29
153	213	304
154	213	171
162	213	105
167	213	50
168	213	40
169	213	63
172	213	93
173	213	48
174	213	104
179	213	48
180	213	65
181	213	99
# chipNumber: 4
# chipName:   G 10 W69
# numHits:    1
240	244	32
# chipNumber: 5
# chipName:   D 9 W69
# numHits:    0
# chipNumber: 6
# chipName:   L 8 W69
# numHits:    16
41	241	27
166	233	11810
234	203	11810
191	31	26
159	28	56
181	26	29
181	25	33
181	24	10
202	20	33
193	14	29
165	13	68
186	12	48
190	12	49
161	11	38
163	11	50
173	11	58
