## [General]
## runNumber:        241
## runTime:       	 7200
## runTimeFrames: 	 0
## pathName:         data/runs/Run_241_181022-16-16
## dateTime:         2018-10-22.16:57:41
## numChips:         7
## shutterTime:      30
## shutterMode:      verylong
## runMode:          0
## fastClock:        0
## externalTrigger:  0
## [Event]
## eventNumber:      3266
## useHvFadc:    	 1
## fadcReadout:    	 1
## szint1ClockInt:	 0
## szint2ClockInt:	 4095
## fadcTriggerClock: 0
# chipNumber: 0
# chipName:   E 6 W69
# numHits:    18
242	43	65
233	41	57
240	31	57
229	30	76
215	28	46
226	27	41
226	26	84
225	25	41
235	22	26
234	21	54
241	20	7
233	19	19
234	19	51
237	18	29
214	13	47
226	12	31
237	12	42
242	9	34
# chipNumber: 1
# chipName:   K 6 W69
# numHits:    120
167	142	26
154	139	35
187	135	38
179	134	58
178	132	74
158	130	33
172	130	26
177	130	70
177	129	49
178	129	36
156	127	51
166	125	69
186	125	61
159	124	46
175	124	54
145	122	31
171	122	37
167	120	39
177	119	37
216	119	32
155	118	59
162	118	58
168	118	62
177	118	64
196	118	43
198	118	80
199	118	42
175	117	20
201	117	71
146	116	79
157	116	66
162	116	50
163	116	40
176	116	81
203	115	53
146	114	43
177	114	41
181	114	41
184	113	16
188	113	51
193	113	43
189	112	63
197	112	30
184	111	98
185	111	43
180	110	52
182	110	51
213	110	40
171	109	45
184	109	49
150	108	31
184	108	23
188	108	20
206	108	56
208	108	62
202	107	64
207	107	78
190	106	47
208	106	37
144	105	42
169	105	44
171	105	45
175	105	63
178	105	45
188	105	48
209	105	51
165	104	40
176	104	6
193	104	80
175	103	64
179	103	10
193	103	52
148	102	11
150	102	34
193	102	56
205	102	33
157	101	67
177	101	72
141	100	36
198	100	29
204	100	18
183	98	51
188	98	39
190	97	32
205	97	61
169	96	47
170	96	62
184	96	39
155	95	68
157	95	58
169	95	49
173	95	24
176	95	31
203	93	32
171	90	52
174	89	68
187	89	24
179	88	80
181	88	33
180	87	64
171	86	52
183	86	47
144	85	52
178	84	34
185	84	61
168	83	42
200	83	17
149	80	10
147	78	58
170	77	29
171	77	100
171	76	24
188	75	15
176	70	29
200	69	56
167	61	28
181	60	40
12	34	37
10	19	33
20	3	82
# chipNumber: 2
# chipName:   H 9 W69
# numHits:    10
231	141	65
241	130	72
229	126	57
232	123	29
238	118	54
248	114	111
246	112	27
248	103	22
242	67	79
244	65	52
# chipNumber: 3
# chipName:   H 10 W69
# numHits:    19663
206	184	46
213	184	63
215	184	61
216	184	74
227	184	54
228	184	52
235	184	53
28	183	21
29	183	45
30	183	85
76	183	41
85	183	90
90	183	75
92	183	85
95	183	80
96	183	82
102	183	240
104	183	174
106	183	49
107	183	103
108	183	148
112	183	26
113	183	15
114	183	59
115	183	74
116	183	28
117	183	101
118	183	66
120	183	49
121	183	40
122	183	65
125	183	44
128	183	33
129	183	113
130	183	72
132	183	80
135	183	62
137	183	18
138	183	125
140	183	57
141	183	66
142	183	118
145	183	47
150	183	47
152	183	25
153	183	58
154	183	26
159	183	18
161	183	59
174	183	79
175	183	38
178	183	93
184	183	93
199	183	63
208	183	43
211	183	25
216	183	64
218	183	93
219	183	29
222	183	33
225	183	48
227	183	41
14	182	49
31	182	41
37	182	62
93	182	84
97	182	43
103	182	95
105	182	114
106	182	52
107	182	60
112	182	129
113	182	77
114	182	38
117	182	14
118	182	133
119	182	33
120	182	142
121	182	72
124	182	79
125	182	50
127	182	67
128	182	67
133	182	101
134	182	30
135	182	84
138	182	98
140	182	46
141	182	48
142	182	15
149	182	45
153	182	60
157	182	46
164	182	51
166	182	12
168	182	51
182	182	61
183	182	60
186	182	56
202	182	28
209	182	154
212	182	68
214	182	55
216	182	19
219	182	30
220	182	48
224	182	106
227	182	40
228	182	67
233	182	42
238	182	37
35	181	29
46	181	35
70	181	30
82	181	61
87	181	70
88	181	57
98	181	52
99	181	84
104	181	46
105	181	33
110	181	133
112	181	123
113	181	133
114	181	47
116	181	101
117	181	25
118	181	35
119	181	15
121	181	35
122	181	108
123	181	72
124	181	38
125	181	71
126	181	76
127	181	49
128	181	47
132	181	41
133	181	50
137	181	45
138	181	150
141	181	63
142	181	8
143	181	62
146	181	34
150	181	45
151	181	47
152	181	11
154	181	87
155	181	57
156	181	25
158	181	14
164	181	50
166	181	44
167	181	22
168	181	36
169	181	33
174	181	9
175	181	46
176	181	17
190	181	69
222	181	97
225	181	33
226	181	110
228	181	48
230	181	68
232	181	52
239	181	36
15	180	15
30	180	23
32	180	37
42	180	48
48	180	70
53	180	32
65	180	30
68	180	56
84	180	62
89	180	46
94	180	66
97	180	48
99	180	15
103	180	125
104	180	101
105	180	38
106	180	35
107	180	41
109	180	239
110	180	41
112	180	57
116	180	51
119	180	75
122	180	30
123	180	13
128	180	136
129	180	67
134	180	76
135	180	140
142	180	89
144	180	17
150	180	103
152	180	39
154	180	95
157	180	66
160	180	64
166	180	98
167	180	82
172	180	68
187	180	51
190	180	65
209	180	37
215	180	17
216	180	26
217	180	18
218	180	31
221	180	10
226	180	81
228	180	87
237	180	38
23	179	71
29	179	67
30	179	6
43	179	49
80	179	40
81	179	62
85	179	104
86	179	50
87	179	38
88	179	4
89	179	33
90	179	91
91	179	31
96	179	22
99	179	82
100	179	22
102	179	41
103	179	155
106	179	45
108	179	73
109	179	109
111	179	54
112	179	38
115	179	59
119	179	135
120	179	45
122	179	123
124	179	6
127	179	46
130	179	106
133	179	83
134	179	92
138	179	49
142	179	61
143	179	44
144	179	15
147	179	54
148	179	51
149	179	25
151	179	81
155	179	48
156	179	43
162	179	58
165	179	46
166	179	209
171	179	88
176	179	31
185	179	37
187	179	33
192	179	71
201	179	24
203	179	17
204	179	67
207	179	17
209	179	77
217	179	33
220	179	67
224	179	62
226	179	56
230	179	47
231	179	89
233	179	78
76	178	50
77	178	63
97	178	124
99	178	33
100	178	54
101	178	70
102	178	45
104	178	148
108	178	83
109	178	58
110	178	53
111	178	176
112	178	11
115	178	117
116	178	128
117	178	199
118	178	122
119	178	53
120	178	36
121	178	30
122	178	28
123	178	110
124	178	81
126	178	7
127	178	94
128	178	72
133	178	166
134	178	166
138	178	51
139	178	51
140	178	73
141	178	62
144	178	75
149	178	13
151	178	36
152	178	96
153	178	63
178	178	90
181	178	14
199	178	74
203	178	23
205	178	42
207	178	93
209	178	53
211	178	15
213	178	31
219	178	72
220	178	32
221	178	55
224	178	54
225	178	20
229	178	49
230	178	80
235	178	49
244	178	40
13	177	51
32	177	93
47	177	43
53	177	63
60	177	81
67	177	50
69	177	38
83	177	104
90	177	66
92	177	76
93	177	65
94	177	120
96	177	62
98	177	96
99	177	67
100	177	61
101	177	73
103	177	80
106	177	36
107	177	69
108	177	85
109	177	128
110	177	82
111	177	100
112	177	110
116	177	29
118	177	24
120	177	5
121	177	52
122	177	147
127	177	65
128	177	18
130	177	143
131	177	97
134	177	39
136	177	97
137	177	72
140	177	132
142	177	38
149	177	126
155	177	51
161	177	42
162	177	62
163	177	33
171	177	156
173	177	45
174	177	92
175	177	38
177	177	67
178	177	38
180	177	57
183	177	104
196	177	47
200	177	55
204	177	168
206	177	100
208	177	44
214	177	25
216	177	96
218	177	25
225	177	17
234	177	53
236	177	62
237	177	51
238	177	53
20	176	28
28	176	59
32	176	53
53	176	21
55	176	47
72	176	60
73	176	45
88	176	175
89	176	75
90	176	22
94	176	77
98	176	72
103	176	102
104	176	78
109	176	49
110	176	33
111	176	121
112	176	49
114	176	67
117	176	65
120	176	17
121	176	67
122	176	191
123	176	66
124	176	15
125	176	75
126	176	158
127	176	29
129	176	24
131	176	16
135	176	30
138	176	36
139	176	59
143	176	53
144	176	49
146	176	42
148	176	100
149	176	125
155	176	52
157	176	21
161	176	75
162	176	12
169	176	87
171	176	29
176	176	141
177	176	118
178	176	95
181	176	45
182	176	39
184	176	63
188	176	25
189	176	97
192	176	34
196	176	77
198	176	98
203	176	114
206	176	31
207	176	46
208	176	42
209	176	29
215	176	70
216	176	124
220	176	43
221	176	57
222	176	35
223	176	98
225	176	113
236	176	128
72	175	80
81	175	52
85	175	25
86	175	35
88	175	46
95	175	57
97	175	47
98	175	82
99	175	42
100	175	57
101	175	67
103	175	89
104	175	38
106	175	19
107	175	28
109	175	33
111	175	49
112	175	60
114	175	82
116	175	89
117	175	85
118	175	120
119	175	24
120	175	106
121	175	98
122	175	70
124	175	17
125	175	50
126	175	34
134	175	66
136	175	57
137	175	46
138	175	78
140	175	118
153	175	76
154	175	68
156	175	71
158	175	31
162	175	76
169	175	44
170	175	59
182	175	63
184	175	133
185	175	40
186	175	50
194	175	50
195	175	70
196	175	70
197	175	50
206	175	38
211	175	54
214	175	52
215	175	48
217	175	15
219	175	17
237	175	20
243	175	82
27	174	56
43	174	61
48	174	69
77	174	33
78	174	73
81	174	54
82	174	63
89	174	73
94	174	34
100	174	152
102	174	64
104	174	59
106	174	57
107	174	143
108	174	42
109	174	102
110	174	62
113	174	71
114	174	70
115	174	95
117	174	35
119	174	63
121	174	60
122	174	37
125	174	62
126	174	91
127	174	41
128	174	29
129	174	42
130	174	20
131	174	70
134	174	69
136	174	60
140	174	52
149	174	106
150	174	107
151	174	132
156	174	18
160	174	54
165	174	65
167	174	37
168	174	57
169	174	118
170	174	55
171	174	62
172	174	46
175	174	52
179	174	57
180	174	20
182	174	40
184	174	47
187	174	108
191	174	45
192	174	52
197	174	38
198	174	79
201	174	64
205	174	175
208	174	54
215	174	35
217	174	44
221	174	111
232	174	110
237	174	34
240	174	36
26	173	87
28	173	66
69	173	27
80	173	54
84	173	53
87	173	56
93	173	40
95	173	51
97	173	17
100	173	81
102	173	58
105	173	46
109	173	74
110	173	23
111	173	15
112	173	57
113	173	79
114	173	55
115	173	43
117	173	48
118	173	57
119	173	91
121	173	51
122	173	94
126	173	64
128	173	140
129	173	70
131	173	77
137	173	50
138	173	44
140	173	143
142	173	37
143	173	45
147	173	19
148	173	89
149	173	130
150	173	30
163	173	93
164	173	59
165	173	35
167	173	83
168	173	65
169	173	161
170	173	22
171	173	44
173	173	67
175	173	19
176	173	42
177	173	41
183	173	52
184	173	110
187	173	56
188	173	70
189	173	160
190	173	40
191	173	72
193	173	105
202	173	87
203	173	55
213	173	84
215	173	60
216	173	62
218	173	83
219	173	20
221	173	63
229	173	66
230	173	9
231	173	64
235	173	36
238	173	103
240	173	24
242	173	50
243	173	76
246	173	74
47	172	57
66	172	41
67	172	87
80	172	101
81	172	64
87	172	61
88	172	40
95	172	55
99	172	102
102	172	56
103	172	39
104	172	38
105	172	91
106	172	25
110	172	68
111	172	97
112	172	56
117	172	56
119	172	172
121	172	101
123	172	69
124	172	81
125	172	32
126	172	75
128	172	95
129	172	84
130	172	111
135	172	51
137	172	44
140	172	73
141	172	105
142	172	88
143	172	57
144	172	18
160	172	49
163	172	75
164	172	61
165	172	74
167	172	41
168	172	48
169	172	96
170	172	39
171	172	26
175	172	90
178	172	62
179	172	60
181	172	41
183	172	93
184	172	39
185	172	37
186	172	20
195	172	55
196	172	19
198	172	58
200	172	21
202	172	37
206	172	60
207	172	55
211	172	62
214	172	25
224	172	75
225	172	29
229	172	93
237	172	78
20	171	48
36	171	43
80	171	43
81	171	80
82	171	45
84	171	90
85	171	79
86	171	41
90	171	46
92	171	54
98	171	49
100	171	77
101	171	54
102	171	122
106	171	55
110	171	80
111	171	65
112	171	182
117	171	65
118	171	56
119	171	85
120	171	83
122	171	48
124	171	27
125	171	61
126	171	28
127	171	74
128	171	45
129	171	56
132	171	22
133	171	77
134	171	85
137	171	24
138	171	90
140	171	38
143	171	151
144	171	14
145	171	78
148	171	69
152	171	25
153	171	16
161	171	39
163	171	63
167	171	49
169	171	36
172	171	84
174	171	13
175	171	117
177	171	106
179	171	75
182	171	45
184	171	55
185	171	105
186	171	41
187	171	62
188	171	88
189	171	171
193	171	59
196	171	63
199	171	64
216	171	85
217	171	36
218	171	41
227	171	98
230	171	61
232	171	77
233	171	140
235	171	92
240	171	38
241	171	46
244	171	72
22	170	28
32	170	33
57	170	22
61	170	19
64	170	60
70	170	81
81	170	24
84	170	119
85	170	68
88	170	46
91	170	42
95	170	77
100	170	69
102	170	83
103	170	98
109	170	24
112	170	65
114	170	59
88	245	73
132	245	61
145	245	26
14	244	32
85	244	52
88	244	111
102	244	39
114	244	60
119	244	11
130	244	69
131	244	54
136	244	93
164	244	41
39	243	44
60	243	67
72	243	67
94	243	97
95	243	37
103	243	27
104	243	70
129	243	31
175	243	49
187	243	37
198	243	66
224	243	66
58	242	52
64	242	34
71	242	54
76	242	53
82	242	27
87	242	41
90	242	35
94	242	62
103	242	42
127	242	44
128	242	25
153	242	36
181	242	50
213	242	49
15	241	83
20	241	49
69	241	70
74	241	87
77	241	70
80	241	58
93	241	12
102	241	70
104	241	39
110	241	23
129	241	65
135	241	20
160	241	48
178	241	53
14	240	15
64	240	74
67	240	47
78	240	45
80	240	77
81	240	101
83	240	90
86	240	78
94	240	67
100	240	51
101	240	67
103	240	23
104	240	57
106	240	7
107	240	13
108	240	21
112	240	54
136	240	36
68	239	80
76	239	48
79	239	75
81	239	84
84	239	75
86	239	39
93	239	30
107	239	136
115	239	53
117	239	39
124	239	62
131	239	21
132	239	48
137	239	67
164	239	96
189	239	66
204	239	54
218	239	56
233	239	28
70	238	36
72	238	13
74	238	64
77	238	13
80	238	38
81	238	57
83	238	93
86	238	67
89	238	45
93	238	30
95	238	71
101	238	62
114	238	67
120	238	47
122	238	81
124	238	147
125	238	74
129	238	14
142	238	40
147	238	36
150	238	45
152	238	38
157	238	71
184	238	31
187	238	34
191	238	20
192	238	40
195	238	93
218	238	99
225	238	151
28	237	57
63	237	63
64	237	87
73	237	66
75	237	43
76	237	82
77	237	11
79	237	108
81	237	14
82	237	54
83	237	46
85	237	67
88	237	28
93	237	29
96	237	26
98	237	42
100	237	137
101	237	34
103	237	82
107	237	69
118	237	97
124	237	52
126	237	101
131	237	3
134	237	40
135	237	47
137	237	44
165	237	52
171	237	33
173	237	43
205	237	23
213	237	52
214	237	89
217	237	58
218	237	91
225	237	70
34	236	17
41	236	48
55	236	30
59	236	39
64	236	107
66	236	39
69	236	22
76	236	60
79	236	24
80	236	15
85	236	26
87	236	58
96	236	57
100	236	167
101	236	46
107	236	165
117	236	19
121	236	75
122	236	35
135	236	60
138	236	54
156	236	43
161	236	32
162	236	75
165	236	37
182	236	46
205	236	31
212	236	65
217	236	12
230	236	14
32	235	30
49	235	61
58	235	38
60	235	70
61	235	33
62	235	10
63	235	63
65	235	40
72	235	151
76	235	32
79	235	43
84	235	39
87	235	74
99	235	58
100	235	30
103	235	52
107	235	37
116	235	33
127	235	62
135	235	44
140	235	52
147	235	96
150	235	36
152	235	68
179	235	75
189	235	34
207	235	68
227	235	67
62	234	27
64	234	21
67	234	47
68	234	116
72	234	52
73	234	37
74	234	98
75	234	46
76	234	42
79	234	74
80	234	55
81	234	64
84	234	22
94	234	24
101	234	26
102	234	80
104	234	153
113	234	51
118	234	55
119	234	66
120	234	101
122	234	47
124	234	117
126	234	26
127	234	126
131	234	68
144	234	60
146	234	29
173	234	83
189	234	51
191	234	40
207	234	68
214	234	77
225	234	87
14	233	71
31	233	51
39	233	59
58	233	73
64	233	88
69	233	52
70	233	45
72	233	28
73	233	27
74	233	157
75	233	81
77	233	121
78	233	25
81	233	76
83	233	62
85	233	55
87	233	10
89	233	59
90	233	58
91	233	79
99	233	55
100	233	28
117	233	70
118	233	48
119	233	41
120	233	27
121	233	41
122	233	83
123	233	77
125	233	48
126	233	44
132	233	24
134	233	42
137	233	22
154	233	55
157	233	71
167	233	46
170	233	55
178	233	53
179	233	82
193	233	38
210	233	63
215	233	98
224	233	71
225	233	60
14	232	99
17	232	59
28	232	55
34	232	24
41	232	66
44	232	32
45	232	65
59	232	46
63	232	50
66	232	53
67	232	57
68	232	60
69	232	68
70	232	61
72	232	90
75	232	67
77	232	163
78	232	43
79	232	29
80	232	208
81	232	79
82	232	83
84	232	68
88	232	22
90	232	45
91	232	98
93	232	46
94	232	39
95	232	46
97	232	52
103	232	46
105	232	75
113	232	54
118	232	58
119	232	112
120	232	129
121	232	48
123	232	36
124	232	25
125	232	112
130	232	41
140	232	71
153	232	50
154	232	52
161	232	70
191	232	82
196	232	57
198	232	71
209	232	22
220	232	62
230	232	78
24	231	48
27	231	59
29	231	76
64	231	80
65	231	44
68	231	81
71	231	33
75	231	71
76	231	6
77	231	17
80	231	48
85	231	33
87	231	146
89	231	45
94	231	119
97	231	53
98	231	109
99	231	46
106	231	62
108	231	89
118	231	59
122	231	78
124	231	15
125	231	43
128	231	33
142	231	65
161	231	50
202	231	18
206	231	71
208	231	74
210	231	103
213	231	46
26	230	45
32	230	48
40	230	80
62	230	133
63	230	46
64	230	26
66	230	91
67	230	36
68	230	92
69	230	35
71	230	38
72	230	56
75	230	44
77	230	169
79	230	157
80	230	62
81	230	94
82	230	43
83	230	156
85	230	36
89	230	131
91	230	118
96	230	60
101	230	76
106	230	26
118	230	60
120	230	89
121	230	30
122	230	62
123	230	28
127	230	29
129	230	42
131	230	20
141	230	67
142	230	150
143	230	90
145	230	20
148	230	67
149	230	103
154	230	50
155	230	34
160	230	35
161	230	84
187	230	51
208	230	93
218	230	49
219	230	98
15	229	54
30	229	83
32	229	18
33	229	50
36	229	41
49	229	87
54	229	57
57	229	84
61	229	94
62	229	118
64	229	117
65	229	52
66	229	140
67	229	70
68	229	79
69	229	119
70	229	158
73	229	122
76	229	75
78	229	48
79	229	37
80	229	120
86	229	14
88	229	43
90	229	60
95	229	57
102	229	57
104	229	61
106	229	75
107	229	115
114	229	73
115	229	80
119	229	52
120	229	73
125	229	80
126	229	170
129	229	32
131	229	130
132	229	87
133	229	17
145	229	53
150	229	15
152	229	42
182	229	24
208	229	49
209	229	25
215	229	66
224	229	44
235	229	43
18	228	30
20	228	101
30	228	166
57	228	80
60	228	68
61	228	84
62	228	64
63	228	19
64	228	100
66	228	42
68	228	90
69	228	29
72	228	84
73	228	82
75	228	43
77	228	122
81	228	101
83	228	38
84	228	61
91	228	54
104	228	74
106	228	16
110	228	31
111	228	49
116	228	30
126	228	83
137	228	35
140	228	38
149	228	71
155	228	51
158	228	21
159	228	62
167	228	47
175	228	75
176	228	34
184	228	33
204	228	56
208	228	56
229	228	46
240	228	104
35	227	63
49	227	45
52	227	41
58	227	35
59	227	60
60	227	50
61	227	90
63	227	118
64	227	201
65	227	140
67	227	167
68	227	184
70	227	93
71	227	71
72	227	108
75	227	98
79	227	28
81	227	4
97	227	56
100	227	42
101	227	59
107	227	83
110	227	50
111	227	62
112	227	55
113	227	40
117	227	123
118	227	92
120	227	94
121	227	64
122	227	36
128	227	100
132	227	41
134	227	47
139	227	36
142	227	66
146	227	67
150	227	41
157	227	66
167	227	30
174	227	75
179	227	53
184	227	103
194	227	71
195	227	38
205	227	44
210	227	56
212	227	52
223	227	88
232	227	76
247	227	102
23	226	83
49	226	39
54	226	19
58	226	52
59	226	102
60	226	35
61	226	57
62	226	54
63	226	97
64	226	127
65	226	145
66	226	100
67	226	93
70	226	44
71	226	22
72	226	48
74	226	83
75	226	43
76	226	51
77	226	76
78	226	43
81	226	79
92	226	63
93	226	86
94	226	44
98	226	69
110	226	85
113	226	20
120	226	37
124	226	57
129	226	55
130	226	79
131	226	27
132	226	74
142	226	21
148	226	28
155	226	81
156	226	79
157	226	72
159	226	42
160	226	77
164	226	54
175	226	40
176	226	80
178	226	37
183	226	13
201	226	69
207	226	87
219	226	55
222	226	249
240	226	85
16	225	49
30	225	53
40	225	49
55	225	68
58	225	42
59	225	105
60	225	64
61	225	83
62	225	48
64	225	184
65	225	80
66	225	122
70	225	180
72	225	29
73	225	11
75	225	32
76	225	29
80	225	21
94	225	69
101	225	16
111	225	69
120	225	60
121	225	45
125	225	28
126	225	194
134	225	39
136	225	62
137	225	34
138	225	33
139	225	98
142	225	51
145	225	70
148	225	21
151	225	73
154	225	87
155	225	21
156	225	53
164	225	18
176	225	20
194	225	65
197	225	106
201	225	89
211	225	63
221	225	27
222	225	92
223	225	97
234	225	35
16	224	46
24	224	46
46	224	85
48	224	24
57	224	83
58	224	55
59	224	35
60	224	108
61	224	68
62	224	91
63	224	133
64	224	82
65	224	86
66	224	100
67	224	138
68	224	130
69	224	92
70	224	57
71	224	68
72	224	29
75	224	57
78	224	67
79	224	115
80	224	62
84	224	47
85	224	48
88	224	30
93	224	15
97	224	94
98	224	104
99	224	64
102	224	29
105	224	21
106	224	3
110	224	89
112	224	81
113	224	139
114	224	60
115	224	57
126	224	39
130	224	176
132	224	39
136	224	39
137	224	95
139	224	52
142	224	51
143	224	59
156	224	14
157	224	32
160	224	50
165	224	105
175	224	53
188	224	36
191	224	78
226	224	82
228	224	63
16	223	14
25	223	55
48	223	79
54	223	41
59	223	136
60	223	259
61	223	163
62	223	46
63	223	94
64	223	63
65	223	175
66	223	102
67	223	129
68	223	161
69	223	73
71	223	66
75	223	11
78	223	42
79	223	74
80	223	28
83	223	56
84	223	56
87	223	80
88	223	83
95	223	68
97	223	68
98	223	122
104	223	51
106	223	33
110	223	59
111	223	57
112	223	56
113	223	52
120	223	92
121	223	79
122	223	54
126	223	272
137	223	120
140	223	70
143	223	55
148	223	78
149	223	44
152	223	32
155	223	82
156	223	49
157	223	68
158	223	95
159	223	54
176	223	59
190	223	33
196	223	54
201	223	49
208	223	29
209	223	56
212	223	60
214	223	61
216	223	61
247	223	51
12	222	64
13	222	28
18	222	38
33	222	56
53	222	49
55	222	61
58	222	64
59	222	47
61	222	93
62	222	74
63	222	86
64	222	44
65	222	154
66	222	170
67	222	98
68	222	127
69	222	271
71	222	53
72	222	59
74	222	107
75	222	120
77	222	49
78	222	25
86	222	66
87	222	92
91	222	40
94	222	49
97	222	28
98	222	103
99	222	32
100	222	29
101	222	77
106	222	50
107	222	58
108	222	26
113	222	40
115	222	22
117	222	46
118	222	33
119	222	91
129	222	51
130	222	126
131	222	29
148	222	82
149	222	47
151	222	71
152	222	46
154	222	87
155	222	73
160	222	24
162	222	35
171	222	63
183	222	57
185	222	31
194	222	84
198	222	74
207	222	20
214	222	59
216	222	86
219	222	65
220	222	79
227	222	77
27	221	42
28	221	44
38	221	43
56	221	95
58	221	88
60	221	78
61	221	61
62	221	99
63	221	78
64	221	46
65	221	144
66	221	12
67	221	90
68	221	87
69	221	83
70	221	159
72	221	18
73	221	146
75	221	66
81	221	68
84	221	14
86	221	34
90	221	56
93	221	50
98	221	53
101	221	31
103	221	34
105	221	56
106	221	44
107	221	34
110	221	27
114	221	62
115	221	30
117	221	45
118	221	89
120	221	36
122	221	79
124	221	42
127	221	53
128	221	59
130	221	76
131	221	37
132	221	20
136	221	22
140	221	28
143	221	77
145	221	29
150	221	21
170	221	92
174	221	7
183	221	51
189	221	99
190	221	53
198	221	49
203	221	60
206	221	105
213	221	59
217	221	34
223	221	88
224	221	73
232	221	53
9	220	85
13	220	19
24	220	84
39	220	52
47	220	42
53	220	64
56	220	11
59	220	58
61	220	97
62	220	22
63	220	156
64	220	140
65	220	60
66	220	21
68	220	98
70	220	74
71	220	94
74	220	25
76	220	122
77	220	26
91	220	17
95	220	31
97	220	54
99	220	71
100	220	23
102	220	52
103	220	63
104	220	22
106	220	87
108	220	74
111	220	83
113	220	52
116	220	20
121	220	55
122	220	11
124	220	24
126	220	173
127	220	114
128	220	54
131	220	8
134	220	29
136	220	37
148	220	69
154	220	43
156	220	69
159	220	101
160	220	62
168	220	47
183	220	22
239	220	49
30	219	7
36	219	57
37	219	124
38	219	84
45	219	21
52	219	53
55	219	30
57	219	160
58	219	39
59	219	79
60	219	46
62	219	92
63	219	73
64	219	30
65	219	133
66	219	67
68	219	13
71	219	77
72	219	26
73	219	38
75	219	153
85	219	54
86	219	37
92	219	65
94	219	33
102	219	63
103	219	42
107	219	120
112	219	114
117	219	39
118	219	47
119	219	67
120	219	25
128	219	79
133	219	46
139	219	45
140	219	59
141	219	55
146	219	15
160	219	35
164	219	52
173	219	41
182	219	21
191	219	8
200	219	99
201	219	63
206	219	34
210	219	98
213	219	38
224	219	42
225	219	37
229	219	59
230	219	56
237	219	42
32	218	120
33	218	34
39	218	25
52	218	30
56	218	44
57	218	19
60	218	81
61	218	88
62	218	138
64	218	63
65	218	66
66	218	71
69	218	162
70	218	83
71	218	68
73	218	23
75	218	68
77	218	34
84	218	125
85	218	59
86	218	26
88	218	41
89	218	55
91	218	42
94	218	32
95	218	90
98	218	54
99	218	59
106	218	73
107	218	117
108	218	62
109	218	26
118	218	132
121	218	119
122	218	88
123	218	60
125	218	87
128	218	123
129	218	45
130	218	127
133	218	100
135	218	39
136	218	49
139	218	75
141	218	70
146	218	26
148	218	83
149	218	11
150	218	70
154	218	57
164	218	41
167	218	77
179	218	14
188	218	79
193	218	44
196	218	73
200	218	25
201	218	95
202	218	82
214	218	62
216	218	51
219	218	43
224	218	9
230	218	58
237	218	62
20	217	55
21	217	67
29	217	102
43	217	46
54	217	92
60	217	87
63	217	44
65	217	95
66	217	44
67	217	42
68	217	95
69	217	66
74	217	60
75	217	51
76	217	23
80	217	106
83	217	62
94	217	28
98	217	73
102	217	40
103	217	44
104	217	44
107	217	70
109	217	70
110	217	44
112	217	17
115	217	99
117	217	85
118	217	14
119	217	71
125	217	57
130	217	7
132	217	81
134	217	41
135	217	41
146	217	44
148	217	33
149	217	52
168	217	35
195	217	29
201	217	62
203	217	47
204	217	31
213	217	67
214	217	96
215	217	62
216	217	36
217	217	38
222	217	83
224	217	37
12	216	41
17	216	93
30	216	62
31	216	88
34	216	48
37	216	59
38	216	38
41	216	34
43	216	29
49	216	52
53	216	48
58	216	90
62	216	32
63	216	62
76	216	77
77	216	30
80	216	62
86	216	116
87	216	25
91	216	33
93	216	21
94	216	73
95	216	71
98	216	23
99	216	112
100	216	56
102	216	102
103	216	39
107	216	75
109	216	33
112	216	59
113	216	41
116	216	63
118	216	122
119	216	47
120	216	12
121	216	36
123	216	71
124	216	54
125	216	34
126	216	44
127	216	16
128	216	170
129	216	47
130	216	92
131	216	156
140	216	85
142	216	19
149	216	56
150	216	76
152	216	178
163	216	21
164	216	167
171	216	49
175	216	27
177	216	124
179	216	81
181	216	39
185	216	83
190	216	46
193	216	59
198	216	75
205	216	68
206	216	115
207	216	74
216	216	46
217	216	54
218	216	111
222	216	56
238	216	89
12	215	7
32	215	40
37	215	80
38	215	83
39	215	51
43	215	65
47	215	80
51	215	33
52	215	41
58	215	120
60	215	64
61	215	50
64	215	49
67	215	61
68	215	82
71	215	26
78	215	62
79	215	49
84	215	27
89	215	19
91	215	72
92	215	106
93	215	66
95	215	22
96	215	61
97	215	68
98	215	45
107	215	57
109	215	77
110	215	47
111	215	79
113	215	70
114	215	92
119	215	122
122	215	86
123	215	33
124	215	74
126	215	138
127	215	62
128	215	45
137	215	21
138	215	19
139	215	19
140	215	27
143	215	52
147	215	49
150	215	62
153	215	64
154	215	52
161	215	45
178	215	41
182	215	53
187	215	21
190	215	56
198	215	51
202	215	55
203	215	25
207	215	72
209	215	44
210	215	29
211	215	76
222	215	67
237	215	62
239	215	47
18	214	55
31	214	53
51	214	46
52	214	38
56	214	46
58	214	44
64	214	62
65	214	29
66	214	42
67	214	43
68	214	54
69	214	75
70	214	72
72	214	62
73	214	40
75	214	13
80	214	53
82	214	153
83	214	76
88	214	25
92	214	32
98	214	50
100	214	37
101	214	48
103	214	116
105	214	115
106	214	139
108	214	78
110	214	67
111	214	45
116	214	32
117	214	18
121	214	144
124	214	31
125	214	117
126	214	192
127	214	27
129	214	46
133	214	48
134	214	119
136	214	176
137	214	27
138	214	86
143	214	33
146	214	30
147	214	84
152	214	62
153	214	62
161	214	94
164	214	46
180	214	55
193	214	49
194	214	35
196	214	78
198	214	26
205	214	60
217	214	79
218	214	84
225	214	50
237	214	45
238	214	88
23	213	87
29	213	20
30	213	52
32	213	89
33	213	71
37	213	70
49	213	59
54	213	22
59	213	36
65	213	47
67	213	42
70	213	25
73	213	44
74	213	37
77	213	40
78	213	90
83	213	64
84	213	98
86	213	54
90	213	99
97	213	41
100	213	83
103	213	68
104	213	42
105	213	51
107	213	33
109	213	49
111	213	46
113	213	31
114	213	59
115	213	53
116	213	114
117	213	48
119	213	34
120	213	90
121	213	58
123	213	115
124	213	30
129	213	100
130	213	48
131	213	60
133	213	57
134	213	57
135	213	35
136	213	116
137	213	89
138	213	78
139	213	111
146	213	62
147	213	142
150	213	42
151	213	87
153	213	46
154	213	76
163	213	67
165	213	67
168	213	52
182	213	53
193	213	57
194	213	124
198	213	20
208	213	117
209	213	94
211	213	70
215	213	73
219	213	26
220	213	34
227	213	97
234	213	172
236	213	31
238	213	101
242	213	125
243	213	36
21	212	32
30	212	37
37	212	42
38	212	37
39	212	86
43	212	86
55	212	28
59	212	24
60	212	65
62	212	34
64	212	169
65	212	61
68	212	92
71	212	10
73	212	44
77	212	37
78	212	74
80	212	24
83	212	23
86	212	67
87	212	36
90	212	80
91	212	78
92	212	48
93	212	44
95	212	147
96	212	85
98	212	68
99	212	44
102	212	39
103	212	106
104	212	46
105	212	63
108	212	29
109	212	112
112	212	86
113	212	53
115	212	50
121	212	93
123	212	37
127	212	86
129	212	78
131	212	62
134	212	109
138	212	34
139	212	68
144	212	42
145	212	50
146	212	50
147	212	117
148	212	20
152	212	28
155	212	82
159	212	54
175	212	46
176	212	55
177	212	24
179	212	51
182	212	72
184	212	63
190	212	29
193	212	26
194	212	30
203	212	79
204	212	29
205	212	47
207	212	36
214	212	33
221	212	77
227	212	91
230	212	52
232	212	151
233	212	55
238	212	55
18	211	52
23	211	29
31	211	60
37	211	13
41	211	78
42	211	76
43	211	74
44	211	43
52	211	12
58	211	61
68	211	70
71	211	41
72	211	61
74	211	59
77	211	87
78	211	148
79	211	48
80	211	36
84	211	60
88	211	22
90	211	32
91	211	32
92	211	39
93	211	79
97	211	54
102	211	41
103	211	46
105	211	98
107	211	231
109	211	122
111	211	49
112	211	132
113	211	45
114	211	54
115	211	54
116	211	55
118	211	59
119	211	33
120	211	107
122	211	116
125	211	43
127	211	70
129	211	15
130	211	87
131	211	31
132	211	99
136	211	29
139	211	76
140	211	75
141	211	46
142	211	29
146	211	27
149	211	32
151	211	41
157	211	90
158	211	67
160	211	13
178	211	136
198	211	50
204	211	22
207	211	176
217	211	33
223	211	69
225	211	12
24	210	52
33	210	81
41	210	92
58	210	57
60	210	34
61	210	17
67	210	34
70	210	45
75	210	43
76	210	97
77	210	84
80	210	57
81	210	81
83	210	102
84	210	22
86	210	92
91	210	59
95	210	38
97	210	37
99	210	63
100	210	81
103	210	61
106	210	55
107	210	48
108	210	23
113	210	126
117	210	137
118	210	50
120	210	62
122	210	70
123	210	121
125	210	30
128	210	36
134	210	10
141	210	29
142	210	11
143	210	45
145	210	176
146	210	41
151	210	22
153	210	85
155	210	37
156	210	92
157	210	97
167	210	36
193	210	129
197	210	43
198	210	74
211	210	51
212	210	79
242	210	42
20	209	39
25	209	62
35	209	60
36	209	39
37	209	81
38	209	18
39	209	73
41	209	40
45	209	49
46	209	27
54	209	49
55	209	58
56	209	130
60	209	83
67	209	13
69	209	16
71	209	124
80	209	60
81	209	39
83	209	59
89	209	16
91	209	61
92	209	24
94	209	139
97	209	43
99	209	84
101	209	63
103	209	48
104	209	57
108	209	47
109	209	37
112	209	110
116	209	95
117	209	69
118	209	98
119	209	29
121	209	17
122	209	24
124	209	118
126	209	61
130	209	21
131	209	10
139	209	22
140	209	24
144	209	63
146	209	144
149	209	58
150	209	87
154	209	108
157	209	54
159	209	42
163	209	16
164	209	50
177	209	85
186	209	57
197	209	24
201	209	120
211	209	34
212	209	51
235	209	78
236	209	53
246	209	40
13	208	18
25	208	54
26	208	37
30	208	63
47	208	80
56	208	27
63	208	51
64	208	26
65	208	58
67	208	70
73	208	96
75	208	82
86	208	77
88	208	115
96	208	31
98	208	74
99	208	27
100	208	158
101	208	38
104	208	111
105	208	67
107	208	80
109	208	153
110	208	32
111	208	57
116	208	41
117	208	96
118	208	30
122	208	146
123	208	51
124	208	79
126	208	102
129	208	43
130	208	25
136	208	146
137	208	69
138	208	31
139	208	73
142	208	42
144	208	55
145	208	62
146	208	99
147	208	34
149	208	51
150	208	34
151	208	118
152	208	33
156	208	53
157	208	43
164	208	87
170	208	54
173	208	75
190	208	55
195	208	79
203	208	29
209	208	98
210	208	70
214	208	12
217	208	62
222	208	27
224	208	53
225	208	87
226	208	52
228	208	102
229	208	110
234	208	63
31	207	34
34	207	46
37	207	47
41	207	14
54	207	61
65	207	34
70	207	37
71	207	40
72	207	49
73	207	20
74	207	51
75	207	18
77	207	19
81	207	23
82	207	106
85	207	99
88	207	50
95	207	30
96	207	57
97	207	47
98	207	96
99	207	52
101	207	34
105	207	62
109	207	49
110	207	53
111	207	274
113	207	32
114	207	33
118	207	54
119	207	51
120	207	70
121	207	41
122	207	92
124	207	30
126	207	163
127	207	87
136	207	28
137	207	33
138	207	40
140	207	83
142	207	60
143	207	48
148	207	31
149	207	55
151	207	49
156	207	68
171	207	57
197	207	53
206	207	49
210	207	48
218	207	60
220	207	19
226	207	93
228	207	53
229	207	32
230	207	100
231	207	46
245	207	64
28	206	44
30	206	36
35	206	51
40	206	89
47	206	75
60	206	25
66	206	115
69	206	56
72	206	59
73	206	17
74	206	24
82	206	80
88	206	59
90	206	38
91	206	60
94	206	54
96	206	72
97	206	52
98	206	71
99	206	75
100	206	114
109	206	110
113	206	77
114	206	53
115	206	111
117	206	44
119	206	31
120	206	63
122	206	17
123	206	162
124	206	73
126	206	87
127	206	72
131	206	27
137	206	55
138	206	35
141	206	83
142	206	92
143	206	47
150	206	49
154	206	103
155	206	30
161	206	168
163	206	30
168	206	60
172	206	49
183	206	92
190	206	54
191	206	125
192	206	70
194	206	120
197	206	79
199	206	83
201	206	42
202	206	79
203	206	62
206	206	46
207	206	49
210	206	64
211	206	24
215	206	59
216	206	73
217	206	100
218	206	79
221	206	125
226	206	39
227	206	97
230	206	57
231	206	73
234	206	93
16	205	30
28	205	52
32	205	42
33	205	56
58	205	67
61	205	74
68	205	44
71	205	75
72	205	90
74	205	109
76	205	4
77	205	16
78	205	19
83	205	60
84	205	26
85	205	125
87	205	83
92	205	35
93	205	58
94	205	43
96	205	59
101	205	69
102	205	23
105	205	29
107	205	74
110	205	106
112	205	43
114	205	26
116	205	158
120	205	46
121	205	64
122	205	57
123	205	96
124	205	62
125	205	129
127	205	55
129	205	79
132	205	85
137	205	37
138	205	20
139	205	105
140	205	27
142	205	63
143	205	129
144	205	73
145	205	93
147	205	60
148	205	73
149	205	72
150	205	37
152	205	65
156	205	83
157	205	52
190	205	68
193	205	62
194	205	61
201	205	62
204	205	46
205	205	40
212	205	106
218	205	38
219	205	13
222	205	52
229	205	31
232	205	23
236	205	42
239	205	49
20	204	56
21	204	37
31	204	51
33	204	29
37	204	77
39	204	61
45	204	30
49	204	27
59	204	41
70	204	75
75	204	51
78	204	35
79	204	57
81	204	33
86	204	1
89	204	59
90	204	52
91	204	101
94	204	14
95	204	95
96	204	45
97	204	53
98	204	70
99	204	28
101	204	45
102	204	115
103	204	82
104	204	75
106	204	71
107	204	80
110	204	64
113	204	39
114	204	18
115	204	16
116	204	49
117	204	81
118	204	114
120	204	36
121	204	66
123	204	34
125	204	154
131	204	21
132	204	28
133	204	44
135	204	79
140	204	88
141	204	45
142	204	79
147	204	27
187	204	123
191	204	59
192	204	131
193	204	18
195	204	63
196	204	104
197	204	88
200	204	69
213	204	13
219	204	125
225	204	61
234	204	141
237	204	86
241	204	52
23	203	54
34	203	52
38	203	21
54	203	36
58	203	26
62	203	47
64	203	46
70	203	23
71	203	57
74	203	65
76	203	46
85	203	132
88	203	41
91	203	60
98	203	96
99	203	110
100	203	36
101	203	27
104	203	47
105	203	71
109	203	33
112	203	59
116	203	191
117	203	141
118	203	190
120	203	59
122	203	21
123	203	110
124	203	104
125	203	118
126	203	54
128	203	52
129	203	30
130	203	103
131	203	55
132	203	27
134	203	57
136	203	73
137	203	71
139	203	106
140	203	49
143	203	48
146	203	71
151	203	41
152	203	38
155	203	43
160	203	95
163	203	64
172	203	68
176	203	16
182	203	86
191	203	54
199	203	82
200	203	83
201	203	39
202	203	105
212	203	95
214	203	51
223	203	38
226	203	118
227	203	24
228	203	31
230	203	48
235	203	43
236	203	170
247	203	79
18	202	26
25	202	30
26	202	74
30	202	28
35	202	97
43	202	29
50	202	80
69	202	47
71	202	55
72	202	176
73	202	48
74	202	57
81	202	25
83	202	35
86	202	52
90	202	71
92	202	78
94	202	82
95	202	212
96	202	38
101	202	46
108	202	44
112	202	86
118	202	51
123	202	107
125	202	108
130	202	31
131	202	62
132	202	62
133	202	88
136	202	90
141	202	84
143	202	38
148	202	29
149	202	33
150	202	60
152	202	30
164	202	75
165	202	46
190	202	90
197	202	76
199	202	43
202	202	57
206	202	54
207	202	63
210	202	57
213	202	29
214	202	89
222	202	65
223	202	24
225	202	21
228	202	21
231	202	34
237	202	31
16	201	42
22	201	60
35	201	95
40	201	113
42	201	86
49	201	109
50	201	79
51	201	63
60	201	60
67	201	18
69	201	49
72	201	69
73	201	74
74	201	60
77	201	34
82	201	49
83	201	67
88	201	69
100	201	78
102	201	22
103	201	34
105	201	48
107	201	77
109	201	166
112	201	65
116	201	150
118	201	261
119	201	34
122	201	21
124	201	65
125	201	52
126	201	94
127	201	39
130	201	68
132	201	62
136	201	49
137	201	27
138	201	13
140	201	18
141	201	32
143	201	36
144	201	121
145	201	62
148	201	100
149	201	41
152	201	88
153	201	75
160	201	71
163	201	59
164	201	34
185	201	64
191	201	72
192	201	43
194	201	57
196	201	55
205	201	65
211	201	53
212	201	17
213	201	13
214	201	106
218	201	38
225	201	59
230	201	56
236	201	80
237	201	45
242	201	74
244	201	72
17	200	60
19	200	66
32	200	19
34	200	35
35	200	52
42	200	78
44	200	79
51	200	68
62	200	50
63	200	38
64	200	102
68	200	86
75	200	122
79	200	73
85	200	58
87	200	17
90	200	54
91	200	79
93	200	99
94	200	96
95	200	45
96	200	44
97	200	58
98	200	92
99	200	89
100	200	40
101	200	130
104	200	129
106	200	52
108	200	26
110	200	76
112	200	67
115	200	92
117	200	18
119	200	186
122	200	29
123	200	77
124	200	16
125	200	119
127	200	42
129	200	42
133	200	37
134	200	25
138	200	215
139	200	45
140	200	87
141	200	75
142	200	32
143	200	107
144	200	79
145	200	25
152	200	113
153	200	55
157	200	61
163	200	61
182	200	66
189	200	70
190	200	69
192	200	87
197	200	62
198	200	44
213	200	55
214	200	55
218	200	140
219	200	66
220	200	40
222	200	62
228	200	87
230	200	44
232	200	44
240	200	87
17	199	59
28	199	58
29	199	43
30	199	83
33	199	59
35	199	41
36	199	101
37	199	42
39	199	25
42	199	206
48	199	58
50	199	43
55	199	58
59	199	44
63	199	89
71	199	65
81	199	43
89	199	39
91	199	76
94	199	33
98	199	28
99	199	61
100	199	20
101	199	68
106	199	80
107	199	62
110	199	58
111	199	148
112	199	76
113	199	39
114	199	60
115	199	102
117	199	97
118	199	46
119	199	91
120	199	22
123	199	125
124	199	133
130	199	35
134	199	66
135	199	88
136	199	130
138	199	118
139	199	41
140	199	57
142	199	50
143	199	67
144	199	37
147	199	115
150	199	48
151	199	52
153	199	9
154	199	66
156	199	123
162	199	49
163	199	22
168	199	81
175	199	56
178	199	54
184	199	48
193	199	21
199	199	49
202	199	65
203	199	39
209	199	64
211	199	79
214	199	86
225	199	122
229	199	42
239	199	46
244	199	77
8	198	22
14	198	68
21	198	50
26	198	57
27	198	96
28	198	67
34	198	75
35	198	61
36	198	84
37	198	59
38	198	68
39	198	63
40	198	28
41	198	26
43	198	50
56	198	6
57	198	137
69	198	44
85	198	43
86	198	46
89	198	62
96	198	119
98	198	48
99	198	160
103	198	41
104	198	44
106	198	94
107	198	64
108	198	35
109	198	54
110	198	48
111	198	103
112	198	24
115	198	66
118	198	182
120	198	77
121	198	56
123	198	45
126	198	76
127	198	39
128	198	99
132	198	104
133	198	76
134	198	52
142	198	47
147	198	75
149	198	79
154	198	91
155	198	33
157	198	40
162	198	42
165	198	62
168	198	18
170	198	64
184	198	47
192	198	78
195	198	61
196	198	51
199	198	26
200	198	78
205	198	49
208	198	46
211	198	36
217	198	16
219	198	65
230	198	76
231	198	64
18	197	127
23	197	23
24	197	25
25	197	25
27	197	48
34	197	115
35	197	47
36	197	87
37	197	75
38	197	183
39	197	98
40	197	62
50	197	46
69	197	56
90	197	118
94	197	6
97	197	93
106	197	151
107	197	44
108	197	63
109	197	75
110	197	75
111	197	62
113	197	13
114	197	110
115	197	68
116	197	62
118	197	31
119	197	77
123	197	37
124	197	53
130	197	60
132	197	33
136	197	16
137	197	103
138	197	85
139	197	76
141	197	131
143	197	28
148	197	88
150	197	29
151	197	15
157	197	26
161	197	59
163	197	37
167	197	23
179	197	76
180	197	50
188	197	87
189	197	25
190	197	80
193	197	82
195	197	68
196	197	58
209	197	98
210	197	123
214	197	71
215	197	29
216	197	24
218	197	41
220	197	57
221	197	23
228	197	63
241	197	43
242	197	40
17	196	32
28	196	51
30	196	74
31	196	43
32	196	75
33	196	83
34	196	43
35	196	84
36	196	69
37	196	64
38	196	83
40	196	95
43	196	44
52	196	49
73	196	60
75	196	126
85	196	72
89	196	31
91	196	98
92	196	59
96	196	29
97	196	50
100	196	48
106	196	14
108	196	84
109	196	41
110	196	45
112	196	67
113	196	79
114	196	72
117	196	82
118	196	54
119	196	67
120	196	38
122	196	29
123	196	62
128	196	63
131	196	3
132	196	91
135	196	90
140	196	85
141	196	46
142	196	131
147	196	52
148	196	68
150	196	103
157	196	107
159	196	23
163	196	73
181	196	30
183	196	74
194	196	41
196	196	32
197	196	55
209	196	47
214	196	146
216	196	95
217	196	71
219	196	55
223	196	40
228	196	57
240	196	28
28	195	44
29	195	41
30	195	20
32	195	64
33	195	35
34	195	73
35	195	123
36	195	120
37	195	87
38	195	106
48	195	27
61	195	17
70	195	40
72	195	91
75	195	74
80	195	54
86	195	31
98	195	26
99	195	40
100	195	60
102	195	38
103	195	52
104	195	49
105	195	147
106	195	77
107	195	227
108	195	22
109	195	68
110	195	56
111	195	83
112	195	52
113	195	15
115	195	65
116	195	83
117	195	43
121	195	63
122	195	30
125	195	111
127	195	45
130	195	28
131	195	112
132	195	91
135	195	44
136	195	84
138	195	98
139	195	3
141	195	92
142	195	39
144	195	50
146	195	63
148	195	84
149	195	75
150	195	74
151	195	57
153	195	20
154	195	87
156	195	51
177	195	30
180	195	45
190	195	62
193	195	44
196	195	48
207	195	61
210	195	77
211	195	59
216	195	51
225	195	49
234	195	113
237	195	89
243	195	94
12	194	62
24	194	12
29	194	62
30	194	49
32	194	54
33	194	125
34	194	199
35	194	41
36	194	98
37	194	130
38	194	77
39	194	78
40	194	69
46	194	26
51	194	46
70	194	44
71	194	38
72	194	83
82	194	68
85	194	49
87	194	55
91	194	52
93	194	40
94	194	54
95	194	24
96	194	39
99	194	48
101	194	30
102	194	77
103	194	113
104	194	48
105	194	81
109	194	29
110	194	65
111	194	56
112	194	27
113	194	56
114	194	66
116	194	80
118	194	34
119	194	13
121	194	80
123	194	55
124	194	90
126	194	18
128	194	42
129	194	136
130	194	121
131	194	126
133	194	47
135	194	30
136	194	85
139	194	41
141	194	67
145	194	83
147	194	94
150	194	36
151	194	73
153	194	94
159	194	56
160	194	104
161	194	106
168	194	48
170	194	191
171	194	80
186	194	62
191	194	88
198	194	68
200	194	71
202	194	31
209	194	42
210	194	76
216	194	58
218	194	81
223	194	46
224	194	59
226	194	71
230	194	32
231	194	48
236	194	52
23	193	47
25	193	79
29	193	98
30	193	63
32	193	113
33	193	87
34	193	76
35	193	114
36	193	153
37	193	61
38	193	108
40	193	47
66	193	92
70	193	67
83	193	37
87	193	76
89	193	107
91	193	25
92	193	88
93	193	110
95	193	70
96	193	87
97	193	31
98	193	106
99	193	82
100	193	46
102	193	166
103	193	43
104	193	103
106	193	57
107	193	121
109	193	90
110	193	136
111	193	136
112	193	49
113	193	23
118	193	30
119	193	201
121	193	76
122	193	57
124	193	227
125	193	48
126	193	37
127	193	177
128	193	87
131	193	95
132	193	52
136	193	66
138	193	78
140	193	35
141	193	109
143	193	30
144	193	32
150	193	44
152	193	94
153	193	33
154	193	82
155	193	30
166	193	163
193	193	72
194	193	86
197	193	22
203	193	24
206	193	24
207	193	75
212	193	17
213	193	70
214	193	82
217	193	48
218	193	46
224	193	60
225	193	43
226	193	67
231	193	51
236	193	54
243	193	60
15	192	66
22	192	74
23	192	74
25	192	27
26	192	56
27	192	70
28	192	73
29	192	63
30	192	26
31	192	118
33	192	102
34	192	207
35	192	88
36	192	78
37	192	83
38	192	93
42	192	52
48	192	48
63	192	72
78	192	30
83	192	69
85	192	34
87	192	70
91	192	86
92	192	71
93	192	65
96	192	41
98	192	66
99	192	36
100	192	73
106	192	81
107	192	45
109	192	67
110	192	40
111	192	140
112	192	53
114	192	9
115	192	45
116	192	68
117	192	42
118	192	196
119	192	79
123	192	54
130	192	29
135	192	76
139	192	23
140	192	136
141	192	17
144	192	61
146	192	84
147	192	80
153	192	48
155	192	42
157	192	67
161	192	33
167	192	63
173	192	74
190	192	28
197	192	17
203	192	25
211	192	40
212	192	71
213	192	26
217	192	113
218	192	109
222	192	70
237	192	112
12	191	21
15	191	59
27	191	131
29	191	91
30	191	93
31	191	124
32	191	220
33	191	114
34	191	260
35	191	175
36	191	44
37	191	34
41	191	46
44	191	77
52	191	60
71	191	34
74	191	57
85	191	98
93	191	46
95	191	14
98	191	13
99	191	79
100	191	51
102	191	105
103	191	73
104	191	57
105	191	152
106	191	121
107	191	99
108	191	49
109	191	81
111	191	117
112	191	30
113	191	43
114	191	114
116	191	71
120	191	88
121	191	37
122	191	98
123	191	169
125	191	44
126	191	66
129	191	46
132	191	74
134	191	70
135	191	126
137	191	46
140	191	108
147	191	42
154	191	32
155	191	23
156	191	38
158	191	51
170	191	47
171	191	68
185	191	30
189	191	70
192	191	60
196	191	21
198	191	23
201	191	23
204	191	83
205	191	53
210	191	59
220	191	53
222	191	45
223	191	54
226	191	97
231	191	88
242	191	29
12	190	45
16	190	65
21	190	35
24	190	72
28	190	108
29	190	60
30	190	85
31	190	135
32	190	94
33	190	110
34	190	116
35	190	213
36	190	85
37	190	71
41	190	42
45	190	62
51	190	57
54	190	66
68	190	19
81	190	19
84	190	34
87	190	44
90	190	44
94	190	24
95	190	6
96	190	63
98	190	119
99	190	133
100	190	48
101	190	49
102	190	27
103	190	36
104	190	67
105	190	54
106	190	41
108	190	94
109	190	93
111	190	67
112	190	36
118	190	112
119	190	70
120	190	82
121	190	41
125	190	34
128	190	272
129	190	91
131	190	38
132	190	37
134	190	90
136	190	103
138	190	52
141	190	97
148	190	45
151	190	43
152	190	48
158	190	62
165	190	33
173	190	46
174	190	74
176	190	47
178	190	67
187	190	69
200	190	79
203	190	28
205	190	43
208	190	42
210	190	65
212	190	56
214	190	86
215	190	68
217	190	40
228	190	55
232	190	41
238	190	81
239	190	54
241	190	25
24	189	59
25	189	51
26	189	81
28	189	79
29	189	166
30	189	134
31	189	122
32	189	127
33	189	63
34	189	153
35	189	161
36	189	27
37	189	39
75	189	76
87	189	40
90	189	119
91	189	26
93	189	58
94	189	57
95	189	63
97	189	103
98	189	41
100	189	37
102	189	63
103	189	64
104	189	60
106	189	43
108	189	33
110	189	82
111	189	22
112	189	28
113	189	115
115	189	96
117	189	120
122	189	70
124	189	32
125	189	68
126	189	49
127	189	53
128	189	70
129	189	31
130	189	15
131	189	53
138	189	70
140	189	36
143	189	82
144	189	25
146	189	57
150	189	127
158	189	77
159	189	83
189	189	50
196	189	29
203	189	59
207	189	57
210	189	83
212	189	25
217	189	29
219	189	53
223	189	11
224	189	94
226	189	49
231	189	92
237	189	25
240	189	38
20	188	29
22	188	23
26	188	67
27	188	46
28	188	94
29	188	101
30	188	70
31	188	45
32	188	113
33	188	90
34	188	44
35	188	47
36	188	65
38	188	19
45	188	45
48	188	49
59	188	38
71	188	10
94	188	51
96	188	157
97	188	40
101	188	42
102	188	60
104	188	130
108	188	32
110	188	50
113	188	94
115	188	36
117	188	85
119	188	56
120	188	74
122	188	20
123	188	58
125	188	38
126	188	68
127	188	153
128	188	129
129	188	20
134	188	54
138	188	94
139	188	83
140	188	51
141	188	133
142	188	61
143	188	10
145	188	41
150	188	137
154	188	36
155	188	33
159	188	33
174	188	74
176	188	86
183	188	64
184	188	59
190	188	63
200	188	34
207	188	78
217	188	61
222	188	67
224	188	36
226	188	32
231	188	62
236	188	66
241	188	92
24	187	75
25	187	60
26	187	49
28	187	152
31	187	59
32	187	100
35	187	121
38	187	32
74	187	62
79	187	77
80	187	43
87	187	70
93	187	63
99	187	70
101	187	50
103	187	35
106	187	36
107	187	39
108	187	129
110	187	178
113	187	64
114	187	31
115	187	101
119	187	70
121	187	62
122	187	49
127	187	159
128	187	137
129	187	128
131	187	80
134	187	62
136	187	122
138	187	24
142	187	78
144	187	19
145	187	20
146	187	56
147	187	83
155	187	100
157	187	71
158	187	47
159	187	43
160	187	46
166	187	95
167	187	70
169	187	20
194	187	48
198	187	123
199	187	63
200	187	77
208	187	83
210	187	71
211	187	51
213	187	51
214	187	33
215	187	50
216	187	35
217	187	40
219	187	150
220	187	94
227	187	39
229	187	30
230	187	42
237	187	24
246	187	54
22	186	69
25	186	83
26	186	141
29	186	53
58	186	76
74	186	87
79	186	45
90	186	41
92	186	42
96	186	110
100	186	63
101	186	44
102	186	48
103	186	37
106	186	77
107	186	8
109	186	58
112	186	43
113	186	43
114	186	52
115	186	81
116	186	123
118	186	75
119	186	116
121	186	74
122	186	97
123	186	8
127	186	52
128	186	53
131	186	38
132	186	59
137	186	77
142	186	84
144	186	73
151	186	60
158	186	114
159	186	101
165	186	74
166	186	95
167	186	48
168	186	71
170	186	31
178	186	17
183	186	186
191	186	62
205	186	71
207	186	80
213	186	87
215	186	87
216	186	139
217	186	131
218	186	62
220	186	37
222	186	58
225	186	119
226	186	76
229	186	34
231	186	50
236	186	132
237	186	76
241	186	82
243	186	86
25	185	56
26	185	15
27	185	9
28	185	4
30	185	57
47	185	65
56	185	70
87	185	27
88	185	7
91	185	90
94	185	43
100	185	30
102	185	115
103	185	52
104	185	222
105	185	59
106	185	78
109	185	41
113	185	134
115	185	218
116	185	63
117	185	58
119	185	38
123	185	85
124	185	10
126	185	62
127	185	66
128	185	84
130	185	31
131	185	110
139	185	81
146	185	52
156	185	44
158	185	46
164	185	62
165	185	93
166	185	31
167	185	58
169	185	46
170	185	45
174	185	34
176	185	70
184	185	42
185	185	35
197	185	43
198	185	62
205	185	60
207	185	66
209	185	57
217	185	3
219	185	56
222	185	62
223	185	16
227	185	89
231	185	57
238	185	50
30	184	33
44	184	25
55	184	36
84	184	56
89	184	73
91	184	34
93	184	91
95	184	30
97	184	57
103	184	107
104	184	64
105	184	94
107	184	197
110	184	57
112	184	97
113	184	96
114	184	67
115	184	34
118	184	125
121	184	83
123	184	46
124	184	45
125	184	64
126	184	53
129	184	56
133	184	41
134	184	49
135	184	23
137	184	61
139	184	44
140	184	79
143	184	68
155	184	56
156	184	43
157	184	57
160	184	50
163	184	82
174	184	46
175	184	35
181	184	42
184	184	53
197	184	70
202	184	32
205	184	31
# chipNumber: 4
# chipName:   G 10 W69
# numHits:    18
137	237	4
14	180	114
19	167	63
17	153	36
16	152	121
24	151	7
46	147	49
16	137	43
17	136	48
12	129	37
13	129	51
15	129	65
137	13	54
164	11	30
122	9	43
146	7	38
160	7	54
134	5	54
# chipNumber: 5
# chipName:   D 9 W69
# numHits:    146
236	233	16
86	98	47
95	98	41
97	98	30
101	96	63
86	95	41
89	95	20
92	95	66
93	95	24
93	94	19
94	94	43
97	94	44
103	94	20
85	93	57
86	93	32
93	92	42
94	92	31
97	92	29
99	92	23
87	91	49
89	91	16
91	91	24
94	91	34
95	91	20
96	91	29
97	91	35
100	91	84
108	91	41
90	90	44
92	90	28
93	90	42
94	90	67
95	90	88
97	90	21
98	90	47
99	90	21
90	89	37
93	89	25
96	89	46
100	89	80
90	88	75
93	88	20
95	88	79
98	88	38
82	87	24
90	87	19
92	87	39
93	87	64
94	87	41
95	87	36
96	87	11
84	86	45
90	86	29
94	86	76
97	86	46
88	85	18
94	85	41
95	85	38
96	85	103
97	85	46
98	85	26
101	85	21
88	84	86
93	84	13
95	84	25
108	84	19
96	83	30
97	82	73
99	82	56
102	82	18
60	81	34
61	81	81
49	80	21
87	78	29
97	78	15
76	77	49
97	77	14
58	67	14
60	67	47
61	67	40
72	67	31
57	66	34
43	64	43
45	64	26
57	64	30
56	62	34
46	61	25
77	58	2
42	54	37
53	54	35
47	51	103
75	51	19
47	50	28
60	50	32
48	49	36
57	48	78
96	48	26
59	47	33
61	47	57
70	47	19
74	47	77
63	46	51
47	45	23
67	45	66
82	45	33
43	44	94
67	43	55
75	42	13
57	41	60
61	41	34
63	41	14
74	41	70
78	41	19
54	40	59
42	39	54
73	39	68
92	39	52
94	39	14
69	38	28
60	35	29
62	35	7
63	35	25
68	33	27
87	33	49
74	32	75
44	31	23
45	31	30
69	31	63
77	31	33
61	30	30
84	29	24
75	28	34
76	28	16
44	27	41
47	27	52
75	27	31
74	26	44
59	24	5
58	23	37
55	22	61
66	22	71
38	21	65
91	20	24
42	19	86
51	19	27
92	16	23
# chipNumber: 6
# chipName:   L 8 W69
# numHits:    85
30	234	30
166	233	11810
23	211	70
234	203	11810
144	194	26
148	191	12
145	182	22
123	161	35
128	161	69
129	161	57
133	160	54
119	158	29
118	156	26
123	156	40
128	156	44
129	156	53
126	154	25
125	150	23
113	132	16
113	131	36
83	130	17
112	129	15
117	129	4
91	126	16
102	124	41
83	122	22
101	120	58
107	120	37
84	119	42
95	119	46
87	109	25
85	106	26
75	98	30
74	93	32
63	89	65
60	88	86
64	88	20
76	87	11
74	86	49
80	86	31
58	84	59
71	84	30
72	84	49
75	84	63
89	84	23
80	83	15
93	83	70
70	82	20
87	82	52
90	82	21
65	78	30
68	78	13
76	78	25
89	78	24
60	77	42
76	77	29
64	75	74
62	73	46
87	73	22
66	72	38
90	72	84
70	70	38
68	67	22
24	63	45
25	62	61
58	59	36
50	58	76
63	50	27
65	50	37
43	49	40
42	46	45
26	39	53
27	37	53
41	37	72
53	31	24
37	26	21
32	25	31
30	23	14
29	21	11
43	19	65
25	18	69
43	18	22
29	14	42
20	13	49
29	13	11
