## [General]
## runNumber:        241
## runTime:       	 7200
## runTimeFrames: 	 0
## pathName:         data/runs/Run_241_181022-16-16
## dateTime:         2018-10-22.17:05:46
## numChips:         7
## shutterTime:      30
## shutterMode:      verylong
## runMode:          0
## fastClock:        0
## externalTrigger:  0
## [Event]
## eventNumber:      3897
## useHvFadc:    	 1
## fadcReadout:    	 1
## szint1ClockInt:	 0
## szint2ClockInt:	 4095
## fadcTriggerClock: 0
# chipNumber: 0
# chipName:   E 6 W69
# numHits:    321
218	151	55
210	150	44
235	149	24
214	147	33
230	143	32
203	142	48
204	140	64
221	140	26
224	140	37
216	138	61
214	137	75
199	136	69
209	136	61
229	136	71
223	135	63
232	134	27
212	133	38
184	132	32
226	132	75
161	131	32
161	130	48
180	130	49
180	129	40
226	126	96
185	125	43
213	125	50
193	124	26
229	124	6
180	123	55
184	123	54
146	120	36
156	120	57
183	120	57
184	120	47
127	118	27
183	118	28
190	118	79
192	115	13
188	113	43
220	113	28
194	112	21
124	111	71
146	110	69
158	110	21
181	110	42
161	109	34
164	109	26
121	108	11
138	108	19
150	108	25
161	108	27
157	107	47
133	106	61
142	106	32
124	105	43
149	105	67
85	104	19
87	104	34
98	104	37
100	103	32
156	103	95
119	102	52
134	102	24
142	102	35
95	101	29
114	101	55
137	101	50
164	101	42
100	100	56
103	100	41
113	100	73
103	98	42
154	98	11
93	97	60
110	95	50
79	94	42
80	94	69
82	94	43
83	94	49
161	94	57
162	94	41
85	93	59
86	93	79
87	93	46
77	92	45
78	91	12
80	91	26
85	91	12
92	91	32
93	91	17
87	90	57
84	89	37
85	89	36
95	89	34
71	88	37
77	88	62
79	88	63
83	88	108
90	88	59
91	88	46
92	88	23
96	88	75
97	88	56
76	87	65
78	87	81
83	87	5
85	87	52
89	87	44
92	87	60
98	87	23
84	86	78
85	86	44
87	86	44
89	86	64
90	86	67
92	86	28
94	86	23
95	86	59
97	86	76
110	86	63
75	85	44
77	85	39
83	85	51
84	85	38
92	85	41
94	85	64
95	85	30
98	85	47
71	84	67
79	84	31
82	84	68
85	84	49
89	84	28
90	84	116
92	84	120
98	84	46
103	84	54
73	83	41
77	83	49
80	83	40
82	83	49
87	83	73
91	83	3
92	83	87
101	83	55
74	82	62
76	82	62
78	82	76
79	82	23
82	82	41
89	82	32
90	82	41
92	82	26
93	82	21
74	81	46
76	81	72
78	81	101
79	81	18
82	81	74
83	81	10
88	81	18
99	81	55
54	80	25
71	80	20
74	80	43
76	80	70
78	80	18
79	80	81
80	80	65
82	80	28
83	80	64
85	80	43
88	80	25
91	80	53
92	80	94
95	80	40
97	80	42
82	79	42
89	79	23
90	79	78
91	79	33
92	79	41
93	79	48
96	79	49
66	78	38
71	78	82
73	78	51
75	78	35
77	78	77
82	78	28
83	78	64
84	78	101
85	78	101
86	78	70
87	78	83
88	78	33
89	78	57
92	78	98
103	78	59
74	77	31
75	77	31
78	77	28
80	77	52
82	77	91
83	77	82
84	77	84
87	77	41
88	77	44
91	77	72
92	77	95
94	77	47
70	76	40
73	76	36
75	76	41
78	76	78
81	76	30
85	76	74
87	76	37
90	76	77
91	76	63
92	76	50
95	76	19
77	75	48
81	75	54
84	75	21
85	75	51
86	75	30
87	75	31
88	75	87
89	75	51
72	74	28
74	74	85
76	74	18
77	74	64
83	74	50
85	74	96
87	74	45
88	74	31
92	74	28
93	74	55
95	74	71
103	74	38
28	73	48
73	73	52
74	73	15
76	73	44
78	73	25
79	73	25
80	73	36
86	73	53
98	73	41
73	72	18
79	72	38
81	72	76
82	72	33
83	72	59
85	72	29
87	72	131
88	72	59
89	72	12
92	72	37
48	71	40
70	71	22
83	71	69
85	71	90
90	71	82
91	71	76
117	71	42
70	70	61
71	70	40
73	70	30
75	70	59
83	70	59
90	70	51
94	70	63
96	70	22
102	70	61
72	69	32
73	69	29
74	69	66
82	69	68
84	69	80
86	69	26
89	69	46
94	69	49
71	68	38
75	68	35
77	68	28
79	68	28
81	68	22
88	68	93
94	68	39
101	68	20
32	67	37
63	67	24
81	67	43
82	67	21
40	66	37
89	66	5
92	66	42
42	65	25
32	64	57
84	64	74
90	64	46
92	64	41
96	64	30
83	63	21
85	62	14
25	61	22
95	61	28
102	60	23
35	59	45
87	59	14
32	58	42
50	58	48
35	56	34
75	56	37
82	56	41
24	55	40
35	46	44
14	41	46
# chipNumber: 1
# chipName:   K 6 W69
# numHits:    96
206	244	54
202	243	46
166	238	89
178	238	45
193	236	54
231	234	41
206	232	79
165	230	30
184	229	46
227	228	42
188	226	25
191	226	63
123	220	39
144	214	60
145	213	52
117	209	61
169	208	24
129	207	47
112	206	59
134	206	24
158	206	59
98	205	18
100	205	87
113	205	42
123	205	36
153	205	32
101	204	67
109	204	30
118	204	20
155	204	23
107	203	16
119	203	68
122	201	82
131	201	27
88	200	65
89	200	31
96	200	10
107	200	45
88	199	45
98	199	77
88	198	42
89	198	62
94	198	38
95	198	25
103	198	59
111	198	26
140	197	52
141	197	70
108	196	34
90	195	26
134	195	62
88	193	122
93	193	58
82	192	66
101	192	70
93	191	114
102	191	64
106	191	87
128	191	21
108	190	58
129	190	41
64	189	18
109	189	37
116	189	49
128	189	81
129	189	75
100	188	41
102	188	46
109	187	74
101	186	42
105	186	78
107	186	44
101	184	25
105	184	25
74	183	41
101	183	39
122	181	34
106	180	85
47	179	73
91	177	41
83	176	30
39	174	70
50	174	82
33	172	52
78	172	30
31	166	71
35	166	83
30	164	60
10	162	31
31	162	28
34	162	37
35	160	53
36	159	35
36	158	35
30	150	29
29	149	37
# chipNumber: 2
# chipName:   H 9 W69
# numHits:    250
234	144	29
238	140	73
234	133	82
244	133	63
247	133	64
234	132	30
244	132	9
247	132	39
230	130	21
231	130	67
232	130	31
231	129	52
241	128	38
233	120	30
232	119	53
232	116	93
233	116	55
238	116	34
231	114	46
234	111	60
236	111	45
238	111	73
246	110	72
244	106	49
235	104	24
245	102	66
136	90	83
248	89	46
230	80	56
128	74	13
96	72	43
112	71	2
121	70	85
112	69	30
122	69	52
128	69	23
133	69	83
111	68	21
118	68	46
134	67	62
138	67	71
204	67	44
124	65	45
111	64	83
116	64	83
93	63	56
114	63	43
122	63	38
132	63	36
102	62	61
139	62	15
210	62	35
127	61	46
113	60	34
128	60	50
137	60	32
138	60	53
112	59	61
117	59	16
129	59	57
153	59	39
109	58	24
122	58	94
139	58	30
205	57	73
126	56	62
118	55	45
123	55	53
239	55	94
117	54	34
145	54	80
110	53	68
112	53	60
119	53	36
141	53	56
231	53	17
113	52	68
195	52	25
242	52	53
103	51	68
107	51	21
108	51	51
123	51	123
144	51	31
117	50	17
121	50	38
132	50	20
124	49	38
209	49	52
220	49	65
223	49	29
98	48	33
117	48	66
129	48	72
107	47	97
116	47	30
117	47	75
133	46	65
134	46	100
145	46	49
206	46	62
208	46	49
211	46	38
127	45	8
96	44	38
116	44	31
119	44	49
179	44	52
195	44	45
99	43	40
127	43	26
129	43	27
203	43	93
233	43	16
107	42	42
117	42	54
124	42	51
127	42	31
99	41	46
115	41	77
134	41	23
129	40	44
133	40	28
135	40	34
210	40	70
101	39	73
114	39	32
124	39	24
134	39	109
135	39	14
139	39	66
202	39	54
208	39	51
209	39	54
214	39	34
216	39	61
230	39	50
104	38	90
129	38	73
132	38	36
142	38	35
198	38	42
109	37	56
110	37	45
128	37	72
140	37	79
116	36	45
128	36	26
129	36	50
116	35	61
121	35	61
137	35	35
98	34	57
117	34	36
120	34	85
128	34	89
134	34	28
142	34	25
205	34	16
96	33	41
120	33	69
141	33	82
142	33	31
202	33	56
204	33	65
205	33	20
97	32	33
118	32	68
127	32	42
130	31	68
195	31	33
197	31	23
96	30	67
119	30	49
195	30	84
196	30	21
216	30	52
221	30	44
111	29	96
113	29	40
123	29	148
132	29	37
215	29	51
216	29	36
217	29	47
221	29	36
123	28	65
133	28	25
155	28	33
188	28	52
127	27	36
205	27	19
211	27	82
241	27	24
106	26	23
205	26	55
216	26	39
134	25	41
182	25	37
196	25	52
210	25	33
130	24	32
202	24	52
204	24	49
216	24	50
229	24	33
230	24	52
199	23	17
220	23	52
183	22	44
207	22	35
216	22	28
221	22	51
127	21	68
202	21	49
205	21	45
107	20	49
119	20	58
210	20	46
218	20	30
219	20	61
202	19	78
242	19	33
110	18	40
125	18	14
130	18	35
205	17	29
176	16	34
199	16	44
200	16	54
204	16	23
215	16	65
239	16	82
221	15	62
174	14	70
229	13	60
245	13	52
175	12	32
204	12	66
210	12	48
214	11	14
127	10	38
200	9	27
207	7	38
209	7	78
232	7	46
197	6	22
198	6	106
212	5	64
215	5	64
# chipNumber: 3
# chipName:   H 10 W69
# numHits:    18899
204	201	87
208	201	25
210	201	118
211	201	41
215	201	26
218	201	84
219	201	58
221	201	28
222	201	39
223	201	53
227	201	20
229	201	44
230	201	73
233	201	49
234	201	102
235	201	53
237	201	14
239	201	40
241	201	34
28	200	110
32	200	31
36	200	78
44	200	30
45	200	43
47	200	44
48	200	73
49	200	81
50	200	43
52	200	79
54	200	12
57	200	27
59	200	58
60	200	42
63	200	22
66	200	42
68	200	151
69	200	135
71	200	42
74	200	186
75	200	176
76	200	82
77	200	99
78	200	205
79	200	141
85	200	58
87	200	52
88	200	102
89	200	69
90	200	69
92	200	136
98	200	49
99	200	131
100	200	33
101	200	58
105	200	44
112	200	62
115	200	32
119	200	52
122	200	15
123	200	33
133	200	20
136	200	67
137	200	27
140	200	23
143	200	38
145	200	60
148	200	62
154	200	78
155	200	23
165	200	51
174	200	59
175	200	23
180	200	21
182	200	141
183	200	79
184	200	42
188	200	49
189	200	51
192	200	34
194	200	63
202	200	45
207	200	22
209	200	49
210	200	117
211	200	84
212	200	56
215	200	50
216	200	98
217	200	70
218	200	97
219	200	51
220	200	47
221	200	22
224	200	46
225	200	153
228	200	86
229	200	37
230	200	113
231	200	77
232	200	56
236	200	80
237	200	102
241	200	59
242	200	47
10	199	41
17	199	30
18	199	57
21	199	50
27	199	83
43	199	93
45	199	19
47	199	32
49	199	28
50	199	39
53	199	47
54	199	48
55	199	88
56	199	69
61	199	38
62	199	78
64	199	38
69	199	72
70	199	107
71	199	69
72	199	96
73	199	70
77	199	196
78	199	32
80	199	10
81	199	46
82	199	75
84	199	162
85	199	61
87	199	18
100	199	69
101	199	64
107	199	63
115	199	44
117	199	89
121	199	52
122	199	12
124	199	38
130	199	17
136	199	24
138	199	54
140	199	19
144	199	59
150	199	18
151	199	70
155	199	139
159	199	16
167	199	46
173	199	47
174	199	24
175	199	71
180	199	69
181	199	31
182	199	48
188	199	84
194	199	35
195	199	82
197	199	38
201	199	48
202	199	62
205	199	60
207	199	13
211	199	90
215	199	33
216	199	80
217	199	82
218	199	146
219	199	68
221	199	65
224	199	102
225	199	54
228	199	64
229	199	57
230	199	54
232	199	58
236	199	68
237	199	21
10	198	42
14	198	61
17	198	14
18	198	60
19	198	28
20	198	13
24	198	57
31	198	44
33	198	82
52	198	72
59	198	31
60	198	100
61	198	62
63	198	93
64	198	77
65	198	54
68	198	201
70	198	80
72	198	29
73	198	45
75	198	76
77	198	83
78	198	234
79	198	85
82	198	124
88	198	129
91	198	22
94	198	35
95	198	18
96	198	35
97	198	36
99	198	56
112	198	64
122	198	25
123	198	69
133	198	45
134	198	79
141	198	27
149	198	34
159	198	64
162	198	46
163	198	45
165	198	48
166	198	57
172	198	81
175	198	142
181	198	72
191	198	69
192	198	58
195	198	56
196	198	19
203	198	49
205	198	46
209	198	72
210	198	42
211	198	116
212	198	99
213	198	60
214	198	110
216	198	77
218	198	136
219	198	182
223	198	129
224	198	87
225	198	39
231	198	54
232	198	40
241	198	69
14	197	84
15	197	71
18	197	32
23	197	7
24	197	25
26	197	22
27	197	55
28	197	48
31	197	69
36	197	57
40	197	39
44	197	46
45	197	88
46	197	36
49	197	83
51	197	25
53	197	46
55	197	26
58	197	78
60	197	43
61	197	98
65	197	49
66	197	68
67	197	36
68	197	110
70	197	57
71	197	92
75	197	45
76	197	42
77	197	78
79	197	130
81	197	46
83	197	65
89	197	77
94	197	88
95	197	66
97	197	67
99	197	23
103	197	42
122	197	62
123	197	40
124	197	33
133	197	58
137	197	106
138	197	46
139	197	66
144	197	30
148	197	84
149	197	18
150	197	57
154	197	96
161	197	26
169	197	46
170	197	61
174	197	55
178	197	21
179	197	79
180	197	120
181	197	114
182	197	118
186	197	44
189	197	26
191	197	90
192	197	53
194	197	39
198	197	68
199	197	28
206	197	88
211	197	64
212	197	31
216	197	157
217	197	11
218	197	54
220	197	71
221	197	44
222	197	49
224	197	53
226	197	30
228	197	158
229	197	63
231	197	47
232	197	59
233	197	70
235	197	86
245	197	20
10	196	51
14	196	113
16	196	79
17	196	59
18	196	61
20	196	119
21	196	61
22	196	83
23	196	77
24	196	51
26	196	5
27	196	69
28	196	43
31	196	51
34	196	21
38	196	54
39	196	88
47	196	50
48	196	70
53	196	137
55	196	93
59	196	116
62	196	82
63	196	68
64	196	12
66	196	56
68	196	69
69	196	70
70	196	58
71	196	103
72	196	23
73	196	43
74	196	117
75	196	42
77	196	35
78	196	90
79	196	72
80	196	162
81	196	18
82	196	74
83	196	78
88	196	32
89	196	86
91	196	47
92	196	70
94	196	74
102	196	58
103	196	56
105	196	47
109	196	41
113	196	38
129	196	71
131	196	25
133	196	48
137	196	40
138	196	80
139	196	38
149	196	108
151	196	44
153	196	39
160	196	64
165	196	28
168	196	35
173	196	124
177	196	40
178	196	51
179	196	132
180	196	83
183	196	29
184	196	63
185	196	29
186	196	45
188	196	59
189	196	86
192	196	220
197	196	56
198	196	49
206	196	50
209	196	67
210	196	56
211	196	37
212	196	156
216	196	81
217	196	133
218	196	138
219	196	89
220	196	93
222	196	38
224	196	119
225	196	63
226	196	56
227	196	68
229	196	49
230	196	50
231	196	52
235	196	54
243	196	14
245	196	42
12	195	100
13	195	25
16	195	74
19	195	114
20	195	23
22	195	111
24	195	52
26	195	75
27	195	82
29	195	60
30	195	122
31	195	62
32	195	52
34	195	24
35	195	29
36	195	73
40	195	42
42	195	30
47	195	49
55	195	22
62	195	6
63	195	66
70	195	23
71	195	23
72	195	97
73	195	36
74	195	141
76	195	169
77	195	79
79	195	20
81	195	18
82	195	52
83	195	39
84	195	9
86	195	44
89	195	98
91	195	28
93	195	43
95	195	54
99	195	10
100	195	55
103	195	134
104	195	147
107	195	72
108	195	60
115	195	58
120	195	62
128	195	95
129	195	106
131	195	34
134	195	62
136	195	40
138	195	43
139	195	57
144	195	43
145	195	59
147	195	53
148	195	105
159	195	54
160	195	85
161	195	43
163	195	63
165	195	33
172	195	80
174	195	48
177	195	24
178	195	61
181	195	121
184	195	73
186	195	49
189	195	52
190	195	64
194	195	67
201	195	25
202	195	35
203	195	21
207	195	50
208	195	31
209	195	26
210	195	59
211	195	100
212	195	41
213	195	24
215	195	42
216	195	64
218	195	82
220	195	91
222	195	130
224	195	21
225	195	54
226	195	122
227	195	39
231	195	119
232	195	56
233	195	21
239	195	72
241	195	55
246	195	52
12	194	51
15	194	62
19	194	94
20	194	46
22	194	46
23	194	43
25	194	27
27	194	121
29	194	15
40	194	34
45	194	144
48	194	22
49	194	96
50	194	73
53	194	51
56	194	43
59	194	70
61	194	39
65	194	85
68	194	76
71	194	70
72	194	37
73	194	30
74	194	25
77	194	44
80	194	39
83	194	84
85	194	103
86	194	21
87	194	14
89	194	14
90	194	67
92	194	41
96	194	55
98	194	56
100	194	34
102	194	76
105	194	49
107	194	66
112	194	59
121	194	51
124	194	63
125	194	36
127	194	97
133	194	83
134	194	44
138	194	91
139	194	104
140	194	21
141	194	76
143	194	69
146	194	57
148	194	56
149	194	65
156	194	46
162	194	122
165	194	40
167	194	38
168	194	20
169	194	137
170	194	109
181	194	33
182	194	34
186	194	103
187	194	86
188	194	60
190	194	29
191	194	95
192	194	66
193	194	66
201	194	61
203	194	91
208	194	61
211	194	20
212	194	13
215	194	32
216	194	63
218	194	235
221	194	62
222	194	120
223	194	106
224	194	60
225	194	89
226	194	58
227	194	38
228	194	21
231	194	52
239	194	36
240	194	88
14	193	85
15	193	78
16	193	84
17	193	52
21	193	62
22	193	73
24	193	77
25	193	84
27	193	48
28	193	73
34	193	42
35	193	81
44	193	54
45	193	69
49	193	25
50	193	22
51	193	50
55	193	37
57	193	43
63	193	59
65	193	118
66	193	37
69	193	69
70	193	54
71	193	59
73	193	10
75	193	66
76	193	127
79	193	61
80	193	67
82	193	43
83	193	45
84	193	65
86	193	67
88	193	87
93	193	62
95	193	51
101	193	14
104	193	53
105	193	35
108	193	82
109	193	42
111	193	20
118	193	22
119	193	131
120	193	49
124	193	78
125	193	66
127	193	20
128	193	54
140	193	26
141	193	39
142	193	49
143	193	80
144	193	90
145	193	106
146	193	38
150	193	56
156	193	50
162	193	185
164	193	158
166	193	51
167	193	80
168	193	82
169	193	27
174	193	78
178	193	84
179	193	115
180	193	72
185	193	52
190	193	81
192	193	64
194	193	77
199	193	70
200	193	47
201	193	13
204	193	54
205	193	55
206	193	26
210	193	54
211	193	73
213	193	28
216	193	156
218	193	71
220	193	58
223	193	31
229	193	86
232	193	43
233	193	59
234	193	42
9	192	74
12	192	90
13	192	45
14	192	22
15	192	44
16	192	96
17	192	62
18	192	35
19	192	29
21	192	107
23	192	78
24	192	48
26	192	27
32	192	30
34	192	86
38	192	71
40	192	114
44	192	57
46	192	67
47	192	43
53	192	43
54	192	124
55	192	30
56	192	118
57	192	36
59	192	33
60	192	28
62	192	73
63	192	50
64	192	38
65	192	59
66	192	24
67	192	47
75	192	61
76	192	104
77	192	105
80	192	20
82	192	34
84	192	45
86	192	60
87	192	38
95	192	172
98	192	58
111	192	71
114	192	71
123	192	67
124	192	52
126	192	63
131	192	57
136	192	163
138	192	27
141	192	23
144	192	57
147	192	57
148	192	13
151	192	123
152	192	46
154	192	51
155	192	37
156	192	79
157	192	53
161	192	62
163	192	100
164	192	48
166	192	52
167	192	63
171	192	58
173	192	49
176	192	40
177	192	92
179	192	68
180	192	95
185	192	69
188	192	58
190	192	47
193	192	55
196	192	29
199	192	50
201	192	57
202	192	34
210	192	53
211	192	97
213	192	25
214	192	44
215	192	10
216	192	135
221	192	96
222	192	53
226	192	82
227	192	69
228	192	116
230	192	22
232	192	65
233	192	54
234	192	115
235	192	45
240	192	48
10	191	56
13	191	22
19	191	41
20	191	73
22	191	126
23	191	15
24	191	29
25	191	103
28	191	89
38	191	65
39	191	68
40	191	59
41	191	108
53	191	110
54	191	105
55	191	26
58	191	65
59	191	49
61	191	30
62	191	113
64	191	68
66	191	78
69	191	87
71	191	52
72	191	60
73	191	14
75	191	72
77	191	72
79	191	170
80	191	63
83	191	78
85	191	59
88	191	65
89	191	41
91	191	80
94	191	55
95	191	109
96	191	16
101	191	34
104	191	52
106	191	39
107	191	49
109	191	51
110	191	65
111	191	34
113	191	73
118	191	73
121	191	68
122	191	44
126	191	85
131	191	97
138	191	48
142	191	60
143	191	163
144	191	95
146	191	43
151	191	33
152	191	61
155	191	66
162	191	53
163	191	35
166	191	69
167	191	70
168	191	117
170	191	62
171	191	57
173	191	91
177	191	63
178	191	82
181	191	75
183	191	80
184	191	78
189	191	34
190	191	52
192	191	19
194	191	56
197	191	61
205	191	96
210	191	69
211	191	81
212	191	129
213	191	36
215	191	19
216	191	79
217	191	80
218	191	89
219	191	34
220	191	129
221	191	141
222	191	115
226	191	69
232	191	49
234	191	48
238	191	143
241	191	60
13	190	72
14	190	52
16	190	39
18	190	35
20	190	102
23	190	62
26	190	68
29	190	40
34	190	43
35	190	47
37	190	24
38	190	54
42	190	115
51	190	81
54	190	70
57	190	53
58	190	157
60	190	80
62	190	44
68	190	50
69	190	31
71	190	5
72	190	65
73	190	88
74	190	55
76	190	96
81	190	71
82	190	57
87	190	49
92	190	26
94	190	56
95	190	26
96	190	50
97	190	103
98	190	24
103	190	84
110	190	155
111	190	70
118	190	19
122	190	165
124	190	98
130	190	33
131	190	65
132	190	96
135	190	21
136	190	109
137	190	26
139	190	137
140	190	68
141	190	85
142	190	73
150	190	65
153	190	75
155	190	99
156	190	59
158	190	145
159	190	72
160	190	32
161	190	61
163	190	74
167	190	73
168	190	135
169	190	163
170	190	41
179	190	15
181	190	44
184	190	41
186	190	44
187	190	41
189	190	60
190	190	67
196	190	75
199	190	24
200	190	68
203	190	59
205	190	60
208	190	42
209	190	39
210	190	70
211	190	69
212	190	113
214	190	49
217	190	84
218	190	61
219	190	89
220	190	78
222	190	76
224	190	112
225	190	43
231	190	85
232	190	120
233	190	71
234	190	230
235	190	133
237	190	16
239	190	57
240	190	79
13	189	74
15	189	59
16	189	50
17	189	20
18	189	71
22	189	73
23	189	24
24	189	48
25	189	50
27	189	29
28	189	37
39	189	43
40	189	30
43	189	64
47	189	22
50	189	87
56	189	48
62	189	95
65	189	37
68	189	83
71	189	43
72	189	47
73	189	51
74	189	22
76	189	132
79	189	18
81	189	40
84	189	41
87	189	74
90	189	67
93	189	24
94	189	51
97	189	92
98	189	24
100	189	83
118	189	22
119	189	50
127	189	53
128	189	82
129	189	40
133	189	55
135	189	19
136	189	64
138	189	52
139	189	118
140	189	106
141	189	71
142	189	42
145	189	29
149	189	63
150	189	51
151	189	61
153	189	30
156	189	30
164	189	98
166	189	44
167	189	41
168	189	43
170	189	44
171	189	56
172	189	87
175	189	108
179	189	74
180	189	29
185	189	75
186	189	69
187	189	101
189	189	74
191	189	33
193	189	83
194	189	69
198	189	96
202	189	73
204	189	56
206	189	76
210	189	29
211	189	60
212	189	61
213	189	28
215	189	81
217	189	9
218	189	92
219	189	104
221	189	35
222	189	61
223	189	106
224	189	52
225	189	217
227	189	66
229	189	77
234	189	59
235	189	39
236	189	69
237	189	44
239	189	91
241	189	100
245	189	61
13	188	63
17	188	62
18	188	69
19	188	25
20	188	9
21	188	18
29	188	48
31	188	57
34	188	54
38	188	49
41	188	49
42	188	41
43	188	23
47	188	50
58	188	112
62	188	94
63	188	45
66	188	125
69	188	92
71	188	66
76	188	87
82	188	69
85	188	56
86	188	49
89	188	71
90	188	38
92	188	24
96	188	62
98	188	106
99	188	95
101	188	78
105	188	68
114	188	54
115	188	50
117	188	72
123	188	59
124	188	21
126	188	61
130	188	81
132	188	39
139	188	78
144	188	55
148	188	56
150	188	52
151	188	39
152	188	30
159	188	29
161	188	70
163	188	35
165	188	57
166	188	81
167	188	81
169	188	45
170	188	118
173	188	28
174	188	73
175	188	139
176	188	52
177	188	180
178	188	71
179	188	28
182	188	31
183	188	48
187	188	125
191	188	129
192	188	61
193	188	3
194	188	69
204	188	51
207	188	17
209	188	39
211	188	50
214	188	87
216	188	69
218	188	57
219	188	82
221	188	43
223	188	47
224	188	83
226	188	70
228	188	44
230	188	49
231	188	96
233	188	90
234	188	72
235	188	61
236	188	84
238	188	82
242	188	92
243	188	67
13	187	29
16	187	28
18	187	99
22	187	114
23	187	42
26	187	26
28	187	27
42	187	26
43	187	66
44	187	88
50	187	70
51	187	55
54	187	105
55	187	78
59	187	58
61	187	48
63	187	90
66	187	54
69	187	67
71	187	36
72	187	12
73	187	12
75	187	113
76	187	37
77	187	44
83	187	73
85	187	9
86	187	46
88	187	49
89	187	69
90	187	19
92	187	4
93	187	57
96	187	9
97	187	17
99	187	14
100	187	30
103	187	36
104	187	40
106	187	18
107	187	49
110	187	49
114	187	23
121	187	69
125	187	30
126	187	9
127	187	132
128	187	54
129	187	46
134	187	143
135	187	62
136	187	90
143	187	52
144	187	33
147	187	65
149	187	157
151	187	52
156	187	45
160	187	164
161	187	55
162	187	194
163	187	136
167	187	26
168	187	102
170	187	23
172	187	47
173	187	198
175	187	44
176	187	41
177	187	104
178	187	96
179	187	102
180	187	23
184	187	58
185	187	66
186	187	64
190	187	30
192	187	59
194	187	74
196	187	95
200	187	81
201	187	59
204	187	55
206	187	59
207	187	117
208	187	54
209	187	63
210	187	124
213	187	100
214	187	22
215	187	34
216	187	113
217	187	65
218	187	38
219	187	37
224	187	149
227	187	44
230	187	47
231	187	32
232	187	61
234	187	182
235	187	98
243	187	35
12	186	44
16	186	23
18	186	97
20	186	31
23	186	76
24	186	27
25	186	114
27	186	71
29	186	97
30	186	92
31	186	41
38	186	44
40	186	123
41	186	77
43	186	43
44	186	98
45	186	85
50	186	17
56	186	27
58	186	60
60	186	151
64	186	51
66	186	81
67	186	28
68	186	21
70	186	63
72	186	74
74	186	106
75	186	29
76	186	97
77	186	137
78	186	29
80	186	35
83	186	27
84	186	54
85	186	29
87	186	50
90	186	73
92	186	45
95	186	80
98	186	54
99	186	49
101	186	55
102	186	71
103	186	68
105	186	26
116	186	60
117	186	28
118	186	91
119	186	109
121	186	77
122	186	9
123	186	57
124	186	57
125	186	89
128	186	63
130	186	24
131	186	33
132	186	3
135	186	92
136	186	91
140	186	86
141	186	34
143	186	17
148	186	60
149	186	101
151	186	75
152	186	27
156	186	173
157	186	69
159	186	61
160	186	54
164	186	74
165	186	76
168	186	125
169	186	78
171	186	172
172	186	31
173	186	29
178	186	20
179	186	33
183	186	16
187	186	88
191	186	75
192	186	74
193	186	44
196	186	52
197	186	75
198	186	61
199	186	36
201	186	70
206	186	63
207	186	33
208	186	64
210	186	118
211	186	34
212	186	179
214	186	55
216	186	236
218	186	103
219	186	56
221	186	63
223	186	152
224	186	54
226	186	60
231	186	160
232	186	57
234	186	85
235	186	112
240	186	49
242	186	46
243	186	60
244	186	81
246	186	72
24	185	193
25	185	62
26	185	84
30	185	60
31	185	40
50	185	37
52	185	43
54	185	57
55	185	71
57	185	25
58	185	62
59	185	65
62	185	84
63	185	87
64	185	27
66	185	16
69	185	27
70	185	31
73	185	29
74	185	62
75	185	41
76	185	31
81	185	64
82	185	67
86	185	47
88	185	95
92	185	71
96	185	39
97	185	88
98	185	57
99	185	98
100	185	51
104	185	52
108	185	116
111	185	59
116	185	63
118	185	68
119	185	81
121	185	24
126	185	70
133	185	17
134	185	57
139	185	82
140	185	20
141	185	58
142	185	16
145	185	60
146	185	48
149	185	99
150	185	35
151	185	72
152	185	20
153	185	85
155	185	26
156	185	42
158	185	100
163	185	27
164	185	50
170	185	127
171	185	147
176	185	54
177	185	112
178	185	76
179	185	40
184	185	58
185	185	69
188	185	46
191	185	139
193	185	23
194	185	69
200	185	50
206	185	63
210	185	56
212	185	77
214	185	96
215	185	42
216	185	122
217	185	49
218	185	105
219	185	129
220	185	54
224	185	99
226	185	60
228	185	100
229	185	35
230	185	40
233	185	52
239	185	59
240	185	66
241	185	47
244	185	30
15	184	43
17	184	67
19	184	96
20	184	55
23	184	90
24	184	11
25	184	174
26	184	117
37	184	60
39	184	39
40	184	85
42	184	27
45	184	63
46	184	18
47	184	72
49	184	61
50	184	88
51	184	115
54	184	14
55	184	100
57	184	73
58	184	84
59	184	94
61	184	44
62	184	70
64	184	98
65	184	63
72	184	171
76	184	113
77	184	60
78	184	198
79	184	44
80	184	25
82	184	26
84	184	70
86	184	145
90	184	105
91	184	14
92	184	20
93	184	47
94	184	71
95	184	51
101	184	33
116	184	92
120	184	151
122	184	165
123	184	133
124	184	82
125	184	84
126	184	48
132	184	79
133	184	93
135	184	73
138	184	19
140	184	85
141	184	57
147	184	48
150	184	122
152	184	22
154	184	87
156	184	83
162	184	66
163	184	69
169	184	49
170	184	82
171	184	29
172	184	143
173	184	59
174	184	84
175	184	102
178	184	57
179	184	83
180	184	134
182	184	50
183	184	79
184	184	103
185	184	68
187	184	44
190	184	78
192	184	151
194	184	22
195	184	53
198	184	68
201	184	49
209	184	96
213	184	67
214	184	62
215	184	126
54	246	86
55	246	102
56	246	69
145	246	34
55	245	30
56	245	47
59	245	48
67	245	42
83	245	44
51	244	63
57	244	44
64	244	46
67	244	24
68	244	21
72	244	78
106	244	24
183	244	56
188	244	14
28	243	89
29	243	79
54	243	38
55	243	41
56	243	67
58	243	69
62	243	64
66	243	42
67	243	22
81	243	23
83	243	35
89	243	37
118	243	66
130	243	55
140	243	52
165	243	83
183	243	38
184	243	91
51	242	70
60	242	45
72	242	61
74	242	51
83	242	48
84	242	44
86	242	73
87	242	85
93	242	22
98	242	50
108	242	70
115	242	76
116	242	59
124	242	76
135	242	70
145	242	71
157	242	76
170	242	37
177	242	60
180	242	48
186	242	73
198	242	33
33	241	54
45	241	51
46	241	52
57	241	60
61	241	41
62	241	103
63	241	81
64	241	70
65	241	54
70	241	59
74	241	33
80	241	76
89	241	83
91	241	72
96	241	22
113	241	54
126	241	40
134	241	37
144	241	68
163	241	9
165	241	64
193	241	53
200	241	67
34	240	33
49	240	83
55	240	71
62	240	49
63	240	77
64	240	59
65	240	91
66	240	40
72	240	46
74	240	127
81	240	32
84	240	21
85	240	21
90	240	25
91	240	37
92	240	49
93	240	60
94	240	83
99	240	33
102	240	70
105	240	41
112	240	63
113	240	79
116	240	54
117	240	26
118	240	73
125	240	52
132	240	64
133	240	52
136	240	58
144	240	58
145	240	82
175	240	83
176	240	32
179	240	48
183	240	28
188	240	52
193	240	52
194	240	82
202	240	42
220	240	11
17	239	48
28	239	83
33	239	63
37	239	42
47	239	67
48	239	70
49	239	40
64	239	50
65	239	49
72	239	16
77	239	38
78	239	79
81	239	52
82	239	63
83	239	75
86	239	87
90	239	79
91	239	84
92	239	39
94	239	100
97	239	52
99	239	50
101	239	64
103	239	22
105	239	54
108	239	55
114	239	49
115	239	55
116	239	92
123	239	20
130	239	66
134	239	76
137	239	34
143	239	48
144	239	41
150	239	57
151	239	132
152	239	69
161	239	60
174	239	59
180	239	67
187	239	178
189	239	64
193	239	77
197	239	42
206	239	49
209	239	54
221	239	54
30	238	66
50	238	54
52	238	80
56	238	48
57	238	20
58	238	52
65	238	46
72	238	60
73	238	48
79	238	82
82	238	136
86	238	87
87	238	75
89	238	59
90	238	79
91	238	103
93	238	180
94	238	100
95	238	37
96	238	62
97	238	59
102	238	55
105	238	24
107	238	88
108	238	48
124	238	103
125	238	117
129	238	90
130	238	59
135	238	75
137	238	14
146	238	87
148	238	34
150	238	48
153	238	38
163	238	26
168	238	66
170	238	63
181	238	69
184	238	68
187	238	87
191	238	99
192	238	37
209	238	62
224	238	40
28	237	45
35	237	95
45	237	59
50	237	88
51	237	27
54	237	74
55	237	51
57	237	57
60	237	57
63	237	40
65	237	94
66	237	97
69	237	14
71	237	57
77	237	49
78	237	41
80	237	39
81	237	70
82	237	61
84	237	116
87	237	75
91	237	56
92	237	31
93	237	64
95	237	36
96	237	130
98	237	50
100	237	41
116	237	48
120	237	48
123	237	47
125	237	58
126	237	65
160	237	62
165	237	74
178	237	41
193	237	27
197	237	16
205	237	40
210	237	52
216	237	36
24	236	35
30	236	28
33	236	77
38	236	51
39	236	63
43	236	37
46	236	120
47	236	139
52	236	36
57	236	92
62	236	22
67	236	45
68	236	24
69	236	141
72	236	62
81	236	92
83	236	37
87	236	46
93	236	12
97	236	126
98	236	83
102	236	68
103	236	70
105	236	61
106	236	37
108	236	24
115	236	63
117	236	54
118	236	46
119	236	66
126	236	73
130	236	34
131	236	65
136	236	43
141	236	11
145	236	83
157	236	24
159	236	63
194	236	46
198	236	61
201	236	45
202	236	25
204	236	62
214	236	27
28	235	79
30	235	78
31	235	81
35	235	95
36	235	61
40	235	21
55	235	48
59	235	94
62	235	43
63	235	92
66	235	57
68	235	73
72	235	74
74	235	60
75	235	35
76	235	30
77	235	86
78	235	77
79	235	23
80	235	15
85	235	34
87	235	59
88	235	50
93	235	72
98	235	43
100	235	35
109	235	115
113	235	78
115	235	111
116	235	49
130	235	175
131	235	32
137	235	143
138	235	31
150	235	110
162	235	64
168	235	25
174	235	99
175	235	13
181	235	40
187	235	17
191	235	39
196	235	62
202	235	30
203	235	25
221	235	50
24	234	45
28	234	56
30	234	43
33	234	72
41	234	17
43	234	37
45	234	56
54	234	99
55	234	49
57	234	59
58	234	87
60	234	41
61	234	59
62	234	33
66	234	91
68	234	62
69	234	25
70	234	65
71	234	35
72	234	68
73	234	112
74	234	54
75	234	40
77	234	91
78	234	62
80	234	52
86	234	42
87	234	68
88	234	21
89	234	19
91	234	29
93	234	33
97	234	132
98	234	90
99	234	42
101	234	64
108	234	33
112	234	67
114	234	48
121	234	102
124	234	52
127	234	26
130	234	66
135	234	55
137	234	68
142	234	97
143	234	76
150	234	64
152	234	19
158	234	57
162	234	47
163	234	83
164	234	60
165	234	63
185	234	18
191	234	42
193	234	31
198	234	47
206	234	42
222	234	46
28	233	24
38	233	9
42	233	47
46	233	68
47	233	22
52	233	101
54	233	38
55	233	70
56	233	92
60	233	62
66	233	104
68	233	60
70	233	74
72	233	19
73	233	76
75	233	92
76	233	49
79	233	39
83	233	36
84	233	82
88	233	156
89	233	117
91	233	62
98	233	109
102	233	63
103	233	71
104	233	50
110	233	42
111	233	36
114	233	15
116	233	45
118	233	13
119	233	86
120	233	81
122	233	71
124	233	37
137	233	63
142	233	32
144	233	57
146	233	62
149	233	94
159	233	78
160	233	101
162	233	67
165	233	65
170	233	77
175	233	23
178	233	18
180	233	53
182	233	63
205	233	40
208	233	39
215	233	6
37	232	98
43	232	39
49	232	42
53	232	77
56	232	52
57	232	60
58	232	60
60	232	83
65	232	48
66	232	62
67	232	61
71	232	48
72	232	119
73	232	67
74	232	21
75	232	65
76	232	30
77	232	62
79	232	37
80	232	11
84	232	42
87	232	116
88	232	158
89	232	134
98	232	34
99	232	102
100	232	18
101	232	51
104	232	155
106	232	35
108	232	68
112	232	32
119	232	52
130	232	15
134	232	70
147	232	40
151	232	137
160	232	37
162	232	63
163	232	68
164	232	42
167	232	19
168	232	53
169	232	30
175	232	58
180	232	49
210	232	85
215	232	78
218	232	75
219	232	34
222	232	63
49	231	21
57	231	48
61	231	40
64	231	32
65	231	10
66	231	55
70	231	73
71	231	53
72	231	42
73	231	70
74	231	114
78	231	50
85	231	34
86	231	59
87	231	35
89	231	46
90	231	18
91	231	34
96	231	144
100	231	43
105	231	80
107	231	39
109	231	40
112	231	57
113	231	26
123	231	44
125	231	61
133	231	41
145	231	80
146	231	80
149	231	67
150	231	75
151	231	95
153	231	31
159	231	73
165	231	113
178	231	52
187	231	33
192	231	115
198	231	45
210	231	72
214	231	106
222	231	71
24	230	27
29	230	50
38	230	42
52	230	37
53	230	68
55	230	41
57	230	42
59	230	52
61	230	59
63	230	21
64	230	37
67	230	121
68	230	64
70	230	103
72	230	48
73	230	151
74	230	30
76	230	58
77	230	102
78	230	45
79	230	62
81	230	70
82	230	76
83	230	14
84	230	70
85	230	42
86	230	99
88	230	92
93	230	33
94	230	12
97	230	45
101	230	39
106	230	102
107	230	81
108	230	61
110	230	75
111	230	62
114	230	55
115	230	35
120	230	59
126	230	91
149	230	118
153	230	98
165	230	44
167	230	77
169	230	49
170	230	99
171	230	51
173	230	33
177	230	45
178	230	33
181	230	43
182	230	18
188	230	20
194	230	69
204	230	18
207	230	63
209	230	41
211	230	41
29	229	90
30	229	11
38	229	96
40	229	32
43	229	36
45	229	17
52	229	34
53	229	46
54	229	37
63	229	36
68	229	168
69	229	30
70	229	24
72	229	74
74	229	15
75	229	76
77	229	86
79	229	80
83	229	45
85	229	88
86	229	69
87	229	43
91	229	67
92	229	49
93	229	35
97	229	49
99	229	52
102	229	67
103	229	51
110	229	20
111	229	23
115	229	54
125	229	21
126	229	63
128	229	42
130	229	71
137	229	79
158	229	59
164	229	45
165	229	68
175	229	57
176	229	41
178	229	47
180	229	45
181	229	50
183	229	111
186	229	56
190	229	41
192	229	89
197	229	39
205	229	58
218	229	68
35	228	44
36	228	101
46	228	87
47	228	61
49	228	62
52	228	47
57	228	116
58	228	33
59	228	73
66	228	86
67	228	35
69	228	33
70	228	110
71	228	38
73	228	45
74	228	87
79	228	43
82	228	54
83	228	32
84	228	65
85	228	38
89	228	65
91	228	106
93	228	41
94	228	85
97	228	54
99	228	38
101	228	137
102	228	115
103	228	62
105	228	38
108	228	48
109	228	26
111	228	44
113	228	53
120	228	42
125	228	64
126	228	79
128	228	33
146	228	48
147	228	37
154	228	135
155	228	21
161	228	42
166	228	75
172	228	51
173	228	45
175	228	91
176	228	58
180	228	39
190	228	74
192	228	12
199	228	128
203	228	36
205	228	40
211	228	23
215	228	33
19	227	107
37	227	39
39	227	43
46	227	188
52	227	88
55	227	35
57	227	89
60	227	31
61	227	134
62	227	40
65	227	59
70	227	49
71	227	29
76	227	46
77	227	29
78	227	75
80	227	59
82	227	21
83	227	34
85	227	141
86	227	29
88	227	33
89	227	47
92	227	92
93	227	181
95	227	43
96	227	85
97	227	17
104	227	124
105	227	160
106	227	33
107	227	56
110	227	29
112	227	9
114	227	13
119	227	32
121	227	8
126	227	56
127	227	71
128	227	32
135	227	38
137	227	77
138	227	46
144	227	70
148	227	64
150	227	43
151	227	14
153	227	22
154	227	54
160	227	49
168	227	55
169	227	44
181	227	16
183	227	45
184	227	36
185	227	33
188	227	39
196	227	22
201	227	74
208	227	61
212	227	106
218	227	91
38	226	131
41	226	51
50	226	68
51	226	47
52	226	59
53	226	33
57	226	40
60	226	46
61	226	49
62	226	123
64	226	120
65	226	44
67	226	35
68	226	130
70	226	82
71	226	57
73	226	81
76	226	136
78	226	160
79	226	37
80	226	22
81	226	66
82	226	15
83	226	48
87	226	59
88	226	20
93	226	44
94	226	130
98	226	35
100	226	91
104	226	96
105	226	72
106	226	29
107	226	52
111	226	40
112	226	39
113	226	166
116	226	78
117	226	53
118	226	95
122	226	56
126	226	122
127	226	25
128	226	14
141	226	72
146	226	55
147	226	79
152	226	68
154	226	54
158	226	103
159	226	59
161	226	38
162	226	37
167	226	42
168	226	117
169	226	47
178	226	47
183	226	27
190	226	51
195	226	57
197	226	72
199	226	122
200	226	67
204	226	87
205	226	59
209	226	36
211	226	80
218	226	45
234	226	92
239	226	34
20	225	53
26	225	56
36	225	57
38	225	39
39	225	30
48	225	57
51	225	82
54	225	26
57	225	44
58	225	67
62	225	48
64	225	54
66	225	20
68	225	28
70	225	10
72	225	122
74	225	72
75	225	30
76	225	4
82	225	93
83	225	28
85	225	50
86	225	31
93	225	51
94	225	16
95	225	33
97	225	118
104	225	86
106	225	27
107	225	18
108	225	73
109	225	112
111	225	42
115	225	66
116	225	82
117	225	60
127	225	63
128	225	26
129	225	116
130	225	59
141	225	40
146	225	99
151	225	94
152	225	56
159	225	55
160	225	45
161	225	58
162	225	79
166	225	52
167	225	88
175	225	43
179	225	28
183	225	39
184	225	97
185	225	30
199	225	62
200	225	21
201	225	73
204	225	23
211	225	11
216	225	42
223	225	20
228	225	115
234	225	43
23	224	37
35	224	32
38	224	64
41	224	38
48	224	71
53	224	137
58	224	48
59	224	57
60	224	64
61	224	38
64	224	23
67	224	41
71	224	59
72	224	81
73	224	22
74	224	45
77	224	93
79	224	76
80	224	101
81	224	34
82	224	137
83	224	139
85	224	44
87	224	39
88	224	23
89	224	84
93	224	128
95	224	42
96	224	141
97	224	56
98	224	86
104	224	77
107	224	41
109	224	23
110	224	55
115	224	45
117	224	66
119	224	87
121	224	42
125	224	63
127	224	131
135	224	38
138	224	42
139	224	93
143	224	34
145	224	96
150	224	83
152	224	67
171	224	50
172	224	34
181	224	39
189	224	48
191	224	58
203	224	93
204	224	89
206	224	51
209	224	72
216	224	45
223	224	58
224	224	83
27	223	59
31	223	33
39	223	52
43	223	71
45	223	58
48	223	24
49	223	49
52	223	24
58	223	56
61	223	61
63	223	18
64	223	66
65	223	124
67	223	57
68	223	278
69	223	49
70	223	60
71	223	73
72	223	68
74	223	133
75	223	24
76	223	77
78	223	95
80	223	44
82	223	115
84	223	43
85	223	36
86	223	119
87	223	45
89	223	31
91	223	88
93	223	56
98	223	41
99	223	47
100	223	37
101	223	35
102	223	63
103	223	46
108	223	47
117	223	28
124	223	82
127	223	32
129	223	65
133	223	22
138	223	69
149	223	59
152	223	109
160	223	37
161	223	52
162	223	52
164	223	73
165	223	39
172	223	49
173	223	69
174	223	40
178	223	87
179	223	42
181	223	91
182	223	45
183	223	157
189	223	43
191	223	25
196	223	109
199	223	27
202	223	44
203	223	54
204	223	40
209	223	52
211	223	13
35	222	67
40	222	43
45	222	73
46	222	51
49	222	67
53	222	38
54	222	57
56	222	17
57	222	149
61	222	23
62	222	41
63	222	41
64	222	13
68	222	30
69	222	79
71	222	12
73	222	84
74	222	39
76	222	42
77	222	28
79	222	63
80	222	55
81	222	99
84	222	135
89	222	38
93	222	31
94	222	142
102	222	55
107	222	62
110	222	49
111	222	57
115	222	33
120	222	18
127	222	74
134	222	28
144	222	62
145	222	106
147	222	41
148	222	17
149	222	70
151	222	71
152	222	73
154	222	83
156	222	47
158	222	110
163	222	4
164	222	8
166	222	85
167	222	131
171	222	38
176	222	52
179	222	39
180	222	22
181	222	64
182	222	121
183	222	59
193	222	61
194	222	69
195	222	50
197	222	58
210	222	110
211	222	44
212	222	49
213	222	32
215	222	55
218	222	65
222	222	85
223	222	91
243	222	48
33	221	62
38	221	60
40	221	77
41	221	23
44	221	10
45	221	60
47	221	56
48	221	22
51	221	25
52	221	160
54	221	128
58	221	175
59	221	83
61	221	51
63	221	65
66	221	23
67	221	20
69	221	113
70	221	128
71	221	62
73	221	33
75	221	32
76	221	73
77	221	48
78	221	84
80	221	98
85	221	34
86	221	88
87	221	48
89	221	51
90	221	41
91	221	77
95	221	85
99	221	63
102	221	73
103	221	30
104	221	23
105	221	89
110	221	85
113	221	75
114	221	26
119	221	81
123	221	30
125	221	51
132	221	30
134	221	81
137	221	21
138	221	33
142	221	43
147	221	88
148	221	41
150	221	37
151	221	82
161	221	45
164	221	43
167	221	32
169	221	27
174	221	37
178	221	25
179	221	16
180	221	33
181	221	54
185	221	48
188	221	71
189	221	49
190	221	124
195	221	125
197	221	45
201	221	109
203	221	25
205	221	53
210	221	83
211	221	76
221	221	34
222	221	48
240	221	85
20	220	10
37	220	93
41	220	37
44	220	68
47	220	115
50	220	26
59	220	70
60	220	79
62	220	58
63	220	56
66	220	106
67	220	88
70	220	223
72	220	16
74	220	12
75	220	126
77	220	82
78	220	66
80	220	35
81	220	35
84	220	62
86	220	47
87	220	95
91	220	54
93	220	68
94	220	63
96	220	16
97	220	41
98	220	44
101	220	71
102	220	86
104	220	38
105	220	67
106	220	6
108	220	21
109	220	139
111	220	56
113	220	58
116	220	45
117	220	39
124	220	70
125	220	73
136	220	55
143	220	66
156	220	38
157	220	54
163	220	77
164	220	78
165	220	45
169	220	45
170	220	41
172	220	97
174	220	68
175	220	68
182	220	68
191	220	50
195	220	52
202	220	106
203	220	92
204	220	75
212	220	26
216	220	51
218	220	38
26	219	45
38	219	56
43	219	40
45	219	19
47	219	64
49	219	59
52	219	75
53	219	22
54	219	49
57	219	51
60	219	192
66	219	57
67	219	119
68	219	87
70	219	75
74	219	65
76	219	97
78	219	37
79	219	53
82	219	56
85	219	73
89	219	63
90	219	62
91	219	92
93	219	31
94	219	73
100	219	107
102	219	69
104	219	159
105	219	98
106	219	61
107	219	80
110	219	27
114	219	39
120	219	78
125	219	46
132	219	90
134	219	59
142	219	69
145	219	36
151	219	86
154	219	5
155	219	11
172	219	95
173	219	33
178	219	38
181	219	18
184	219	63
192	219	56
200	219	31
203	219	85
206	219	36
212	219	45
237	219	33
238	219	73
239	219	44
11	218	31
16	218	42
47	218	52
52	218	133
55	218	83
57	218	72
59	218	64
63	218	95
65	218	30
66	218	40
67	218	52
69	218	18
75	218	75
76	218	59
77	218	69
78	218	57
81	218	20
84	218	54
91	218	60
93	218	55
94	218	21
97	218	20
100	218	9
101	218	122
103	218	49
116	218	77
122	218	70
125	218	33
136	218	56
147	218	82
158	218	11
159	218	102
162	218	36
163	218	29
175	218	13
178	218	119
185	218	13
186	218	52
193	218	53
198	218	80
200	218	93
201	218	99
202	218	29
204	218	21
207	218	53
208	218	135
215	218	14
219	218	37
222	218	75
227	218	39
238	218	37
247	218	56
34	217	51
36	217	40
40	217	57
43	217	56
45	217	33
46	217	16
52	217	44
53	217	58
54	217	23
56	217	33
57	217	132
58	217	44
61	217	29
64	217	17
65	217	30
68	217	93
72	217	83
73	217	16
77	217	46
82	217	106
83	217	57
85	217	22
90	217	44
96	217	125
104	217	30
109	217	45
110	217	59
111	217	78
116	217	41
117	217	49
121	217	49
126	217	32
141	217	87
146	217	49
147	217	36
150	217	84
154	217	31
155	217	89
158	217	54
161	217	103
164	217	129
167	217	80
170	217	36
171	217	54
176	217	45
177	217	52
179	217	33
183	217	56
184	217	71
199	217	25
205	217	76
208	217	84
210	217	90
211	217	75
217	217	70
224	217	46
235	217	48
10	216	16
16	216	49
24	216	65
32	216	50
35	216	74
44	216	106
45	216	131
48	216	28
51	216	42
55	216	44
57	216	57
58	216	29
59	216	90
60	216	37
62	216	108
64	216	180
72	216	132
73	216	89
74	216	69
76	216	41
77	216	26
78	216	36
79	216	66
81	216	72
82	216	160
83	216	18
86	216	109
90	216	14
96	216	24
99	216	121
100	216	74
101	216	114
102	216	38
103	216	60
108	216	17
109	216	31
110	216	43
115	216	41
116	216	69
117	216	25
119	216	55
126	216	78
128	216	35
133	216	70
135	216	37
136	216	63
140	216	87
143	216	136
145	216	22
146	216	47
147	216	58
148	216	110
150	216	21
152	216	70
153	216	80
154	216	52
164	216	23
165	216	11
170	216	41
171	216	95
172	216	51
173	216	52
177	216	52
191	216	29
193	216	85
199	216	38
216	216	63
217	216	40
218	216	179
219	216	124
220	216	135
30	215	2
41	215	27
46	215	44
47	215	86
51	215	70
52	215	46
53	215	16
57	215	24
58	215	25
59	215	117
60	215	28
61	215	37
62	215	42
63	215	124
64	215	72
66	215	37
67	215	34
68	215	51
71	215	47
72	215	134
73	215	173
74	215	118
75	215	90
76	215	172
77	215	141
78	215	138
79	215	199
80	215	65
81	215	114
82	215	42
83	215	56
84	215	67
85	215	10
88	215	42
90	215	42
94	215	58
96	215	29
97	215	131
99	215	35
100	215	62
101	215	143
102	215	33
104	215	51
105	215	33
106	215	37
110	215	59
112	215	60
119	215	31
124	215	70
127	215	67
128	215	22
129	215	109
131	215	72
132	215	94
134	215	58
135	215	26
143	215	65
145	215	57
146	215	38
148	215	38
151	215	94
153	215	54
154	215	41
155	215	27
156	215	41
158	215	41
164	215	67
166	215	35
167	215	24
171	215	175
175	215	48
177	215	116
178	215	50
179	215	79
181	215	90
190	215	21
195	215	29
197	215	100
199	215	65
200	215	27
201	215	37
204	215	75
207	215	42
210	215	56
218	215	18
219	215	54
9	214	38
21	214	36
37	214	40
39	214	37
44	214	38
45	214	41
46	214	49
50	214	116
56	214	91
58	214	55
59	214	32
60	214	31
61	214	218
63	214	79
64	214	49
66	214	74
69	214	61
70	214	44
72	214	79
73	214	22
75	214	21
76	214	80
77	214	174
78	214	64
80	214	90
81	214	60
85	214	73
86	214	37
92	214	121
93	214	36
95	214	41
98	214	144
99	214	25
100	214	55
101	214	104
109	214	37
113	214	60
116	214	24
123	214	100
124	214	45
131	214	51
134	214	9
136	214	73
138	214	181
139	214	55
148	214	50
150	214	67
151	214	55
152	214	62
155	214	44
158	214	82
161	214	77
163	214	57
165	214	45
166	214	38
169	214	65
175	214	24
176	214	137
177	214	42
184	214	73
187	214	48
199	214	20
200	214	68
206	214	58
208	214	60
211	214	81
217	214	44
221	214	58
239	214	33
21	213	16
26	213	57
27	213	71
30	213	39
33	213	57
38	213	42
39	213	86
42	213	51
45	213	47
46	213	59
47	213	56
55	213	125
57	213	59
58	213	31
59	213	54
61	213	38
64	213	51
65	213	95
66	213	219
68	213	103
73	213	49
76	213	57
77	213	126
79	213	42
80	213	39
84	213	150
85	213	37
90	213	44
92	213	49
96	213	85
98	213	34
99	213	53
100	213	49
107	213	27
110	213	52
126	213	44
129	213	52
133	213	61
135	213	22
138	213	24
139	213	57
140	213	21
141	213	25
142	213	150
145	213	12
146	213	67
149	213	74
150	213	63
152	213	68
165	213	97
168	213	41
170	213	29
171	213	29
172	213	106
174	213	36
175	213	17
177	213	70
183	213	85
192	213	65
197	213	39
203	213	77
204	213	61
206	213	49
207	213	58
210	213	50
212	213	65
220	213	30
228	213	72
229	213	49
234	213	8
21	212	42
22	212	72
24	212	49
29	212	49
30	212	31
42	212	29
46	212	120
47	212	17
49	212	76
50	212	70
53	212	62
55	212	34
56	212	57
58	212	64
59	212	17
60	212	58
61	212	63
63	212	61
64	212	260
65	212	38
67	212	139
68	212	73
70	212	5
71	212	59
73	212	88
74	212	136
76	212	115
82	212	128
83	212	38
85	212	60
90	212	41
94	212	42
95	212	72
97	212	37
98	212	50
112	212	36
118	212	57
119	212	59
125	212	25
126	212	137
129	212	45
130	212	63
132	212	67
145	212	29
146	212	75
147	212	79
149	212	49
151	212	56
159	212	56
164	212	64
165	212	61
166	212	93
169	212	63
170	212	59
173	212	67
175	212	11
176	212	47
181	212	19
187	212	84
188	212	72
189	212	32
199	212	68
204	212	39
205	212	171
206	212	25
207	212	62
212	212	73
226	212	83
236	212	29
8	211	51
21	211	132
22	211	95
25	211	14
31	211	49
32	211	39
36	211	32
37	211	49
53	211	51
55	211	112
57	211	14
58	211	213
59	211	38
60	211	56
61	211	32
65	211	80
69	211	46
71	211	65
72	211	147
73	211	20
77	211	38
85	211	30
86	211	22
87	211	146
90	211	106
91	211	41
92	211	83
94	211	39
98	211	22
100	211	41
102	211	107
105	211	41
118	211	44
125	211	59
126	211	46
128	211	38
131	211	37
138	211	41
140	211	65
144	211	7
147	211	79
148	211	89
150	211	24
156	211	60
157	211	81
159	211	62
164	211	88
165	211	110
166	211	59
168	211	81
170	211	80
173	211	68
174	211	33
179	211	103
180	211	60
184	211	67
202	211	42
209	211	30
212	211	12
221	211	55
223	211	20
226	211	40
228	211	48
231	211	79
236	211	20
239	211	57
9	210	30
11	210	63
13	210	21
16	210	15
17	210	60
20	210	91
22	210	23
23	210	64
25	210	33
35	210	62
36	210	30
46	210	76
48	210	52
52	210	60
54	210	89
57	210	63
58	210	22
59	210	119
61	210	39
67	210	66
68	210	120
69	210	62
73	210	104
78	210	47
80	210	98
81	210	93
82	210	78
83	210	42
85	210	62
86	210	61
92	210	72
94	210	17
95	210	101
96	210	69
98	210	48
99	210	100
100	210	52
103	210	51
107	210	23
124	210	50
125	210	76
128	210	45
130	210	133
131	210	26
135	210	38
137	210	61
140	210	92
141	210	52
143	210	59
149	210	45
154	210	95
156	210	44
158	210	50
163	210	37
167	210	45
168	210	154
171	210	65
177	210	109
181	210	21
185	210	73
186	210	53
187	210	43
188	210	60
194	210	54
204	210	93
208	210	70
219	210	18
223	210	43
231	210	41
238	210	57
242	210	83
16	209	34
20	209	66
22	209	35
31	209	47
39	209	47
40	209	84
42	209	68
47	209	25
49	209	30
51	209	94
52	209	96
54	209	36
57	209	104
60	209	69
62	209	68
63	209	67
64	209	147
67	209	151
68	209	30
69	209	116
70	209	42
72	209	90
76	209	81
79	209	21
82	209	112
84	209	46
86	209	92
88	209	62
94	209	128
96	209	103
97	209	88
99	209	139
109	209	97
124	209	45
125	209	151
126	209	141
127	209	107
128	209	52
131	209	70
132	209	55
133	209	72
139	209	52
140	209	50
141	209	58
142	209	139
143	209	33
145	209	28
151	209	44
155	209	43
156	209	42
159	209	47
160	209	81
164	209	86
166	209	79
167	209	83
168	209	78
171	209	42
173	209	24
177	209	32
178	209	48
191	209	59
205	209	24
206	209	68
207	209	65
209	209	39
218	209	21
219	209	76
221	209	39
223	209	44
242	209	54
24	208	128
26	208	91
31	208	83
32	208	124
35	208	31
37	208	47
38	208	41
50	208	46
53	208	18
58	208	74
60	208	44
61	208	37
63	208	76
65	208	100
66	208	89
67	208	69
69	208	119
73	208	103
76	208	41
78	208	41
83	208	28
84	208	31
85	208	50
86	208	70
87	208	123
91	208	93
100	208	63
102	208	40
107	208	31
120	208	28
121	208	42
127	208	21
130	208	15
139	208	82
142	208	23
144	208	42
148	208	20
150	208	63
154	208	72
156	208	54
160	208	124
161	208	45
162	208	57
163	208	28
164	208	140
165	208	46
166	208	114
167	208	17
168	208	110
170	208	35
178	208	21
180	208	51
183	208	45
188	208	57
189	208	48
192	208	24
199	208	52
201	208	88
207	208	45
208	208	97
210	208	34
213	208	54
221	208	30
223	208	77
237	208	13
242	208	56
19	207	44
20	207	51
21	207	98
22	207	33
23	207	59
32	207	54
33	207	66
35	207	56
39	207	67
49	207	19
52	207	40
55	207	76
56	207	29
58	207	27
59	207	43
61	207	24
65	207	88
66	207	172
67	207	121
72	207	61
73	207	74
74	207	25
75	207	29
77	207	33
81	207	70
83	207	46
85	207	72
86	207	21
87	207	42
98	207	52
99	207	30
102	207	34
107	207	23
108	207	56
113	207	34
114	207	51
117	207	71
119	207	60
124	207	15
129	207	35
135	207	35
141	207	22
142	207	76
144	207	102
147	207	59
152	207	38
154	207	91
155	207	23
159	207	40
160	207	102
161	207	36
162	207	235
163	207	33
164	207	35
168	207	83
173	207	32
180	207	57
181	207	25
185	207	23
211	207	64
216	207	44
222	207	72
231	207	66
234	207	22
241	207	66
14	206	87
17	206	34
18	206	43
19	206	54
24	206	44
28	206	71
33	206	31
34	206	71
42	206	45
53	206	43
55	206	23
58	206	32
60	206	16
62	206	56
63	206	89
64	206	88
65	206	87
66	206	71
67	206	59
73	206	65
74	206	58
76	206	56
77	206	51
78	206	80
85	206	105
86	206	32
87	206	59
89	206	49
90	206	41
97	206	46
98	206	26
100	206	33
107	206	45
116	206	59
118	206	33
121	206	37
123	206	53
142	206	102
143	206	18
151	206	64
154	206	85
158	206	39
171	206	86
173	206	41
174	206	77
177	206	49
186	206	49
191	206	38
193	206	23
196	206	89
202	206	5
215	206	65
225	206	78
228	206	64
231	206	46
232	206	54
241	206	50
16	205	82
38	205	19
51	205	29
52	205	33
53	205	124
54	205	47
55	205	68
56	205	103
59	205	44
74	205	115
83	205	44
84	205	62
85	205	49
86	205	49
88	205	103
93	205	68
96	205	35
100	205	60
104	205	76
105	205	34
106	205	20
107	205	76
114	205	106
118	205	16
122	205	74
132	205	51
133	205	59
139	205	63
141	205	56
142	205	90
143	205	98
144	205	96
145	205	30
149	205	46
153	205	54
155	205	67
157	205	48
158	205	188
160	205	80
162	205	57
166	205	96
167	205	147
169	205	53
173	205	84
186	205	82
194	205	75
197	205	11
201	205	22
202	205	90
204	205	63
207	205	33
208	205	61
214	205	67
215	205	65
216	205	31
221	205	14
223	205	92
225	205	77
226	205	69
230	205	18
232	205	46
243	205	88
244	205	35
10	204	67
13	204	55
16	204	72
18	204	61
22	204	65
25	204	49
27	204	48
28	204	79
32	204	45
46	204	125
50	204	122
51	204	52
58	204	45
60	204	100
62	204	95
64	204	60
65	204	40
67	204	134
69	204	45
70	204	27
71	204	218
72	204	27
74	204	47
75	204	74
76	204	48
90	204	52
91	204	79
93	204	48
94	204	66
97	204	51
104	204	80
105	204	77
108	204	87
115	204	118
117	204	45
121	204	31
126	204	41
130	204	39
135	204	25
137	204	80
138	204	75
141	204	140
142	204	23
149	204	16
150	204	62
153	204	62
154	204	36
157	204	28
161	204	70
168	204	72
169	204	22
174	204	76
175	204	52
177	204	56
186	204	43
191	204	83
198	204	72
205	204	36
211	204	38
212	204	15
217	204	51
225	204	55
229	204	71
230	204	74
233	204	70
236	204	43
242	204	49
16	203	82
19	203	37
21	203	53
23	203	35
24	203	26
28	203	55
29	203	45
34	203	42
43	203	22
48	203	20
52	203	53
58	203	84
59	203	77
60	203	21
62	203	41
63	203	144
65	203	61
67	203	37
68	203	128
71	203	134
72	203	34
73	203	109
74	203	149
75	203	49
76	203	129
77	203	16
80	203	22
82	203	86
83	203	97
84	203	57
89	203	58
90	203	41
91	203	37
94	203	179
95	203	68
98	203	14
100	203	58
102	203	38
103	203	14
115	203	30
121	203	89
122	203	49
125	203	71
130	203	60
133	203	70
136	203	103
138	203	16
140	203	66
141	203	124
142	203	42
153	203	44
155	203	37
158	203	87
162	203	182
164	203	72
191	203	44
193	203	71
202	203	42
204	203	105
213	203	48
215	203	31
216	203	43
217	203	71
224	203	96
225	203	7
232	203	44
236	203	30
237	203	39
238	203	18
239	203	63
243	203	39
244	203	24
19	202	116
21	202	22
23	202	75
28	202	103
29	202	91
30	202	79
34	202	44
36	202	73
48	202	36
50	202	49
52	202	52
53	202	21
56	202	49
57	202	110
59	202	92
62	202	75
63	202	37
64	202	84
68	202	34
69	202	57
71	202	57
74	202	113
76	202	54
79	202	44
80	202	19
84	202	28
86	202	94
91	202	64
92	202	76
95	202	58
98	202	85
100	202	94
105	202	60
111	202	24
113	202	66
118	202	31
119	202	22
122	202	32
123	202	152
130	202	50
143	202	26
147	202	53
148	202	22
151	202	57
152	202	45
153	202	22
157	202	66
164	202	38
165	202	98
166	202	11
174	202	45
177	202	18
179	202	26
180	202	77
184	202	34
185	202	58
187	202	59
188	202	90
191	202	102
193	202	51
195	202	78
202	202	17
203	202	49
204	202	141
217	202	78
220	202	64
222	202	56
224	202	134
226	202	54
231	202	19
235	202	38
239	202	55
11	201	71
12	201	48
16	201	34
17	201	49
22	201	78
25	201	73
28	201	97
29	201	60
30	201	57
36	201	54
43	201	52
45	201	57
50	201	110
52	201	177
53	201	26
54	201	104
59	201	93
64	201	36
65	201	48
66	201	50
69	201	23
70	201	80
77	201	50
79	201	50
80	201	97
83	201	57
84	201	74
85	201	90
86	201	33
87	201	63
88	201	32
90	201	99
92	201	137
94	201	58
103	201	80
104	201	66
106	201	68
111	201	36
112	201	19
114	201	98
115	201	98
118	201	29
127	201	52
128	201	93
131	201	61
134	201	20
136	201	76
147	201	36
152	201	72
157	201	55
158	201	100
160	201	39
167	201	16
169	201	157
172	201	117
174	201	68
179	201	34
185	201	111
186	201	27
189	201	84
198	201	63
200	201	29
# chipNumber: 4
# chipName:   G 10 W69
# numHits:    16
23	182	46
160	176	5
21	155	64
17	144	46
21	143	50
15	142	87
17	142	38
13	140	54
14	140	70
10	136	47
14	134	55
15	128	42
9	125	51
28	124	76
15	119	43
14	114	64
# chipNumber: 5
# chipName:   D 9 W69
# numHits:    0
# chipNumber: 6
# chipName:   L 8 W69
# numHits:    3
166	233	11810
14	230	20
234	203	11810
