## [General]
## runNumber:        241
## runTime:       	 7200
## runTimeFrames: 	 0
## pathName:         data/runs/Run_241_181022-16-16
## dateTime:         2018-10-22.16:46:47
## numChips:         7
## shutterTime:      30
## shutterMode:      verylong
## runMode:          0
## fastClock:        0
## externalTrigger:  0
## [Event]
## eventNumber:      2395
## useHvFadc:    	 1
## fadcReadout:    	 1
## szint1ClockInt:	 0
## szint2ClockInt:	 4095
## fadcTriggerClock: 0
# chipNumber: 0
# chipName:   E 6 W69
# numHits:    0
# chipNumber: 1
# chipName:   K 6 W69
# numHits:    2
231	240	46
233	240	42
# chipNumber: 2
# chipName:   H 9 W69
# numHits:    64
232	239	37
231	238	61
224	235	11
228	234	47
243	234	22
225	233	51
229	232	52
234	228	59
244	226	49
224	225	62
244	224	55
236	223	59
222	222	36
236	221	43
244	218	45
228	217	62
242	217	21
199	216	99
238	216	57
241	216	66
240	211	57
241	210	19
242	207	52
237	204	61
218	202	26
247	201	55
246	200	77
242	199	88
243	199	46
244	189	21
222	185	84
237	169	44
216	161	63
240	159	20
239	151	61
240	149	109
230	148	64
235	145	70
236	135	64
222	132	34
237	132	59
232	130	24
237	130	78
247	130	105
237	127	34
239	121	15
236	119	45
209	118	72
246	114	60
207	113	92
242	113	90
247	113	27
247	112	76
237	111	50
246	110	105
244	104	4
243	103	56
245	103	76
244	102	20
245	102	57
246	102	46
244	100	60
245	100	77
242	91	41
# chipNumber: 3
# chipName:   H 10 W69
# numHits:    22683
145	210	56
146	210	27
147	210	111
148	210	104
151	210	18
152	210	124
153	210	46
154	210	90
155	210	45
158	210	131
159	210	45
162	210	92
163	210	69
164	210	52
171	210	89
172	210	86
173	210	46
174	210	144
175	210	56
177	210	148
178	210	46
180	210	60
184	210	49
185	210	49
188	210	71
189	210	68
192	210	199
193	210	100
194	210	32
196	210	9
202	210	40
204	210	197
205	210	92
206	210	43
211	210	62
213	210	103
215	210	36
218	210	87
219	210	24
220	210	197
224	210	26
226	210	70
229	210	76
236	210	69
244	210	12
20	209	42
25	209	14
30	209	9
32	209	71
38	209	52
57	209	29
58	209	45
60	209	47
61	209	67
63	209	13
64	209	46
67	209	46
71	209	30
73	209	77
79	209	33
83	209	7
84	209	39
85	209	70
87	209	70
91	209	112
92	209	21
93	209	17
98	209	78
99	209	72
102	209	54
103	209	82
104	209	132
106	209	74
107	209	18
110	209	45
112	209	41
113	209	131
114	209	56
115	209	10
116	209	42
120	209	81
121	209	165
122	209	106
123	209	56
124	209	52
125	209	24
127	209	73
130	209	102
135	209	13
138	209	42
141	209	18
143	209	30
144	209	51
149	209	78
150	209	22
153	209	48
154	209	103
155	209	120
156	209	118
157	209	47
158	209	119
159	209	65
160	209	48
161	209	39
164	209	85
169	209	77
170	209	63
171	209	51
172	209	190
173	209	94
174	209	158
175	209	98
177	209	42
180	209	67
182	209	111
184	209	76
185	209	45
188	209	11
189	209	112
190	209	56
193	209	64
194	209	72
195	209	74
199	209	111
200	209	27
204	209	40
205	209	20
206	209	51
207	209	32
208	209	12
212	209	105
214	209	51
215	209	75
219	209	67
226	209	24
233	209	47
234	209	25
246	209	71
10	208	55
11	208	49
13	208	84
21	208	56
27	208	64
32	208	43
43	208	88
57	208	84
61	208	65
62	208	43
64	208	69
72	208	71
73	208	63
77	208	42
79	208	81
81	208	68
83	208	52
84	208	46
88	208	23
90	208	54
91	208	27
92	208	122
94	208	70
97	208	28
99	208	38
101	208	55
102	208	53
103	208	64
105	208	84
107	208	156
109	208	93
110	208	49
112	208	70
118	208	27
119	208	52
120	208	18
121	208	89
125	208	67
126	208	99
127	208	91
128	208	102
129	208	53
130	208	58
131	208	29
132	208	51
134	208	60
135	208	113
137	208	64
138	208	41
140	208	45
143	208	75
145	208	29
148	208	57
149	208	47
150	208	153
153	208	70
154	208	71
155	208	54
156	208	243
157	208	66
158	208	80
160	208	65
161	208	43
163	208	57
164	208	151
166	208	99
167	208	57
168	208	59
170	208	54
171	208	171
172	208	71
173	208	54
174	208	68
175	208	85
176	208	73
178	208	105
179	208	96
180	208	60
183	208	43
187	208	52
188	208	96
189	208	166
190	208	31
192	208	153
193	208	57
194	208	124
198	208	54
199	208	141
200	208	95
201	208	101
204	208	38
208	208	90
213	208	97
214	208	89
215	208	93
216	208	174
218	208	62
219	208	87
222	208	49
226	208	52
227	208	74
228	208	54
234	208	63
236	208	44
238	208	39
14	207	21
27	207	70
29	207	43
32	207	70
35	207	56
37	207	62
39	207	18
40	207	161
47	207	54
50	207	53
60	207	9
64	207	30
66	207	58
72	207	19
73	207	52
74	207	96
77	207	71
79	207	45
80	207	113
88	207	69
92	207	75
93	207	27
94	207	131
96	207	20
100	207	99
101	207	18
102	207	49
104	207	97
105	207	53
109	207	15
110	207	82
115	207	66
116	207	77
117	207	77
119	207	61
122	207	10
123	207	41
124	207	35
126	207	57
129	207	38
131	207	52
133	207	125
134	207	87
135	207	44
138	207	31
139	207	79
148	207	94
150	207	33
151	207	95
152	207	72
153	207	42
154	207	97
155	207	86
156	207	112
158	207	86
162	207	59
163	207	30
164	207	41
165	207	48
166	207	157
168	207	71
171	207	76
172	207	151
173	207	114
175	207	150
177	207	64
179	207	51
182	207	68
183	207	57
186	207	13
187	207	116
189	207	189
190	207	42
191	207	27
192	207	33
194	207	54
195	207	49
197	207	55
198	207	85
199	207	87
200	207	46
201	207	10
203	207	102
204	207	202
206	207	47
207	207	37
208	207	73
209	207	24
211	207	4
213	207	46
214	207	57
215	207	57
221	207	71
229	207	31
230	207	29
236	207	42
245	207	90
11	206	76
27	206	80
30	206	37
33	206	59
39	206	60
40	206	22
41	206	131
42	206	188
44	206	84
54	206	38
55	206	86
62	206	59
66	206	18
67	206	72
70	206	36
74	206	37
75	206	21
77	206	38
79	206	82
81	206	76
82	206	48
92	206	91
93	206	103
94	206	54
95	206	61
97	206	63
100	206	60
105	206	50
106	206	57
109	206	73
110	206	56
112	206	94
114	206	35
120	206	72
121	206	29
128	206	181
129	206	55
130	206	138
135	206	53
136	206	67
138	206	23
140	206	46
141	206	112
143	206	62
145	206	112
147	206	143
148	206	52
152	206	45
154	206	109
155	206	49
156	206	135
157	206	170
158	206	68
159	206	168
161	206	69
164	206	65
166	206	109
168	206	44
169	206	68
173	206	40
174	206	73
175	206	128
176	206	42
177	206	101
178	206	75
179	206	76
183	206	127
184	206	115
185	206	114
187	206	21
189	206	163
190	206	23
191	206	53
193	206	110
196	206	87
197	206	121
200	206	74
202	206	48
203	206	53
204	206	92
205	206	87
206	206	67
207	206	113
209	206	81
214	206	47
215	206	77
218	206	54
227	206	38
238	206	17
244	206	27
247	206	44
10	205	30
24	205	55
31	205	76
33	205	72
35	205	78
38	205	72
40	205	123
41	205	48
42	205	90
44	205	48
54	205	52
55	205	80
65	205	48
66	205	20
72	205	57
73	205	83
76	205	46
81	205	48
82	205	93
83	205	59
88	205	95
90	205	54
93	205	59
97	205	63
100	205	44
101	205	96
102	205	140
103	205	71
104	205	138
109	205	37
110	205	45
111	205	66
116	205	37
118	205	228
119	205	31
122	205	52
124	205	181
125	205	44
131	205	207
132	205	40
133	205	51
137	205	6
138	205	19
139	205	81
140	205	77
141	205	83
144	205	150
148	205	61
157	205	91
158	205	87
159	205	26
160	205	69
161	205	16
163	205	19
164	205	142
165	205	75
166	205	45
168	205	51
169	205	98
170	205	69
172	205	159
173	205	6
174	205	80
175	205	34
176	205	142
177	205	96
178	205	102
179	205	74
182	205	86
184	205	230
186	205	63
188	205	34
189	205	24
191	205	97
192	205	47
194	205	46
197	205	70
198	205	54
201	205	28
206	205	44
207	205	4
208	205	70
216	205	39
222	205	33
223	205	64
225	205	100
235	205	43
11	204	64
15	204	39
19	204	61
22	204	54
30	204	51
31	204	74
37	204	67
45	204	46
53	204	20
54	204	20
71	204	121
73	204	88
77	204	56
80	204	43
83	204	69
84	204	48
87	204	22
90	204	76
93	204	48
101	204	51
102	204	52
103	204	67
106	204	53
108	204	50
112	204	89
113	204	5
114	204	47
115	204	76
118	204	26
121	204	65
125	204	66
129	204	117
130	204	122
132	204	73
133	204	52
137	204	44
140	204	52
141	204	71
145	204	76
146	204	71
147	204	79
148	204	18
153	204	25
154	204	83
155	204	46
158	204	55
159	204	79
161	204	47
164	204	76
165	204	21
166	204	52
170	204	160
174	204	59
179	204	99
180	204	148
181	204	72
184	204	142
187	204	28
189	204	99
190	204	30
191	204	114
192	204	89
195	204	37
197	204	112
198	204	57
201	204	70
202	204	59
204	204	34
206	204	13
208	204	97
209	204	50
211	204	93
213	204	57
214	204	85
215	204	32
218	204	68
219	204	86
224	204	173
225	204	70
226	204	70
227	204	69
234	204	44
236	204	65
242	204	38
243	204	23
244	204	65
24	203	82
25	203	34
28	203	55
39	203	50
40	203	92
47	203	28
48	203	79
53	203	55
54	203	24
57	203	34
62	203	57
65	203	37
69	203	40
71	203	49
75	203	74
84	203	50
90	203	78
91	203	13
93	203	70
95	203	32
97	203	20
98	203	57
99	203	108
101	203	51
104	203	140
107	203	55
108	203	46
111	203	43
113	203	57
115	203	202
116	203	97
117	203	87
119	203	56
124	203	22
125	203	149
129	203	40
130	203	175
132	203	66
135	203	28
136	203	74
137	203	62
138	203	35
139	203	23
140	203	47
142	203	9
143	203	68
145	203	51
146	203	52
147	203	135
149	203	42
151	203	49
152	203	60
153	203	45
154	203	41
161	203	43
162	203	168
165	203	22
166	203	101
167	203	75
169	203	45
170	203	134
172	203	31
173	203	112
174	203	48
176	203	81
177	203	68
178	203	62
180	203	83
182	203	66
184	203	57
186	203	6
189	203	64
190	203	51
191	203	100
192	203	141
193	203	67
194	203	48
196	203	121
198	203	137
199	203	73
200	203	46
202	203	75
203	203	63
209	203	44
210	203	108
211	203	87
214	203	71
217	203	29
218	203	86
223	203	12
230	203	29
234	203	48
235	203	73
236	203	23
237	203	77
35	202	26
37	202	45
43	202	59
47	202	83
56	202	26
58	202	82
62	202	57
63	202	44
64	202	66
67	202	64
69	202	44
80	202	67
83	202	63
84	202	86
87	202	49
90	202	17
92	202	125
93	202	15
96	202	121
97	202	83
98	202	105
104	202	63
107	202	42
108	202	57
114	202	70
115	202	21
116	202	41
118	202	95
119	202	160
120	202	198
122	202	74
123	202	55
128	202	56
129	202	121
130	202	45
131	202	94
132	202	90
133	202	58
134	202	84
139	202	79
143	202	54
147	202	74
148	202	98
150	202	69
151	202	69
153	202	34
154	202	148
158	202	43
159	202	55
160	202	69
162	202	71
163	202	35
164	202	60
165	202	30
166	202	37
170	202	80
171	202	64
173	202	75
174	202	106
175	202	66
178	202	58
179	202	136
186	202	28
187	202	84
189	202	35
190	202	60
191	202	56
192	202	25
194	202	159
195	202	79
196	202	45
197	202	192
199	202	38
200	202	35
201	202	119
203	202	108
205	202	35
209	202	36
211	202	109
213	202	87
214	202	48
216	202	73
220	202	90
224	202	104
227	202	54
232	202	78
233	202	59
234	202	53
235	202	71
239	202	51
246	202	26
26	201	45
31	201	62
35	201	78
39	201	76
43	201	53
45	201	28
52	201	55
56	201	102
62	201	24
63	201	63
68	201	64
75	201	35
76	201	58
77	201	86
82	201	155
83	201	69
89	201	95
95	201	51
96	201	140
97	201	44
106	201	21
108	201	60
111	201	67
112	201	40
115	201	72
117	201	47
118	201	76
123	201	35
129	201	39
130	201	210
133	201	29
134	201	67
136	201	85
137	201	26
139	201	47
140	201	28
141	201	17
142	201	24
143	201	77
144	201	45
147	201	74
150	201	53
151	201	42
154	201	50
157	201	90
158	201	59
159	201	28
160	201	167
162	201	130
163	201	123
164	201	102
165	201	39
167	201	58
171	201	42
172	201	57
175	201	92
176	201	49
177	201	73
178	201	33
181	201	23
182	201	66
183	201	15
184	201	325
185	201	226
186	201	49
187	201	137
188	201	78
189	201	91
190	201	92
192	201	45
193	201	67
197	201	25
198	201	55
199	201	35
200	201	178
201	201	22
204	201	58
205	201	45
206	201	86
207	201	10
208	201	52
209	201	57
210	201	49
217	201	54
219	201	47
223	201	104
224	201	125
226	201	57
229	201	109
230	201	39
231	201	44
233	201	150
235	201	34
237	201	118
238	201	93
239	201	61
18	200	38
19	200	58
21	200	80
22	200	90
23	200	15
29	200	60
36	200	90
37	200	35
45	200	60
46	200	76
48	200	44
49	200	49
52	200	26
54	200	69
55	200	24
61	200	49
62	200	25
63	200	95
65	200	49
67	200	60
68	200	92
71	200	69
73	200	67
74	200	80
75	200	11
76	200	30
81	200	115
82	200	47
83	200	104
85	200	38
89	200	60
90	200	40
91	200	61
92	200	80
97	200	114
98	200	122
100	200	30
101	200	25
103	200	36
105	200	117
107	200	5
108	200	64
109	200	273
110	200	44
111	200	45
120	200	61
123	200	32
125	200	51
129	200	67
130	200	248
133	200	70
134	200	29
138	200	41
140	200	28
141	200	23
144	200	32
149	200	110
152	200	72
156	200	122
158	200	80
159	200	18
160	200	166
162	200	158
163	200	10
165	200	71
166	200	82
167	200	7
168	200	78
169	200	66
171	200	44
173	200	38
174	200	70
175	200	165
176	200	65
178	200	191
180	200	81
181	200	205
184	200	242
186	200	39
187	200	70
188	200	125
189	200	71
192	200	18
194	200	208
195	200	46
196	200	45
199	200	43
201	200	51
202	200	37
203	200	30
204	200	86
205	200	71
206	200	44
207	200	22
210	200	108
213	200	56
214	200	50
216	200	95
217	200	73
219	200	70
222	200	43
223	200	61
227	200	85
231	200	37
238	200	115
240	200	24
242	200	82
243	200	49
14	199	67
20	199	68
26	199	46
27	199	28
28	199	41
34	199	86
35	199	35
45	199	36
46	199	87
47	199	76
51	199	44
54	199	82
55	199	33
59	199	47
61	199	44
64	199	40
65	199	66
67	199	61
78	199	36
81	199	69
94	199	18
96	199	74
104	199	113
105	199	71
108	199	32
110	199	99
112	199	50
116	199	83
122	199	38
124	199	49
126	199	44
128	199	77
129	199	28
130	199	42
136	199	84
139	199	31
140	199	37
143	199	34
154	199	134
155	199	71
156	199	89
159	199	113
160	199	27
161	199	64
162	199	14
164	199	25
166	199	137
167	199	165
168	199	116
170	199	91
172	199	88
175	199	77
176	199	85
177	199	26
178	199	117
179	199	43
183	199	48
184	199	113
187	199	30
188	199	135
189	199	68
191	199	196
198	199	147
199	199	177
200	199	77
201	199	63
202	199	26
203	199	38
205	199	56
220	199	57
221	199	22
222	199	127
225	199	63
226	199	117
233	199	71
235	199	60
238	199	49
240	199	69
242	199	45
12	198	26
18	198	60
21	198	62
26	198	51
28	198	40
30	198	66
32	198	13
34	198	44
36	198	44
37	198	31
39	198	54
40	198	32
43	198	28
45	198	76
47	198	156
55	198	42
56	198	78
58	198	57
63	198	41
64	198	52
72	198	27
73	198	98
75	198	25
77	198	56
78	198	71
81	198	58
86	198	46
92	198	32
93	198	35
94	198	102
95	198	68
101	198	112
102	198	46
103	198	17
108	198	106
110	198	66
111	198	216
112	198	160
113	198	99
114	198	58
117	198	59
119	198	57
121	198	94
122	198	30
125	198	68
129	198	97
133	198	158
134	198	82
137	198	174
139	198	57
141	198	62
144	198	41
147	198	66
148	198	57
149	198	37
150	198	56
151	198	39
152	198	5
153	198	58
155	198	83
158	198	27
159	198	36
161	198	84
163	198	166
164	198	68
165	198	67
167	198	22
168	198	127
169	198	9
170	198	54
172	198	51
173	198	44
174	198	42
176	198	73
179	198	30
184	198	71
185	198	101
186	198	57
187	198	157
188	198	144
189	198	117
190	198	88
191	198	57
193	198	47
194	198	89
197	198	29
198	198	79
200	198	29
201	198	119
203	198	15
204	198	68
206	198	131
207	198	72
209	198	45
210	198	84
213	198	141
218	198	55
222	198	119
240	198	21
247	198	66
9	197	49
16	197	74
25	197	22
26	197	47
27	197	45
33	197	70
41	197	49
45	197	52
47	197	121
50	197	31
51	197	80
57	197	120
58	197	84
64	197	67
70	197	40
72	197	46
77	197	48
78	197	52
79	197	56
80	197	85
82	197	61
83	197	54
89	197	34
91	197	79
94	197	91
101	197	42
102	197	71
104	197	78
105	197	55
111	197	78
113	197	26
114	197	77
116	197	88
119	197	48
120	197	75
121	197	53
122	197	160
123	197	32
124	197	65
126	197	36
127	197	64
128	197	70
129	197	75
131	197	65
132	197	26
135	197	26
137	197	104
145	197	56
147	197	101
148	197	55
149	197	78
150	197	52
151	197	90
152	197	72
153	197	31
154	197	46
156	197	35
162	197	103
163	197	64
164	197	45
167	197	15
169	197	70
180	197	63
181	197	55
182	197	76
183	197	77
184	197	160
185	197	160
187	197	123
189	197	95
190	197	22
191	197	83
192	197	88
193	197	62
195	197	22
197	197	123
198	197	63
199	197	92
202	197	91
206	197	37
210	197	32
211	197	240
213	197	73
220	197	51
224	197	47
227	197	109
230	197	94
231	197	46
233	197	58
239	197	48
241	197	59
16	196	50
20	196	28
24	196	57
26	196	28
29	196	72
33	196	90
38	196	55
43	196	64
48	196	50
51	196	22
55	196	1
57	196	62
60	196	34
61	196	100
64	196	44
70	196	52
73	196	84
74	196	83
77	196	49
79	196	48
84	196	91
90	196	15
95	196	154
101	196	47
104	196	24
105	196	41
106	196	79
109	196	74
112	196	45
117	196	36
120	196	19
122	196	70
123	196	49
124	196	70
126	196	36
130	196	45
131	196	71
132	196	116
133	196	42
136	196	17
138	196	149
140	196	71
142	196	53
143	196	57
144	196	84
146	196	7
147	196	55
149	196	74
150	196	59
151	196	170
152	196	60
154	196	65
155	196	98
156	196	53
157	196	65
158	196	31
159	196	55
160	196	40
161	196	47
162	196	37
163	196	109
164	196	22
165	196	150
169	196	66
172	196	149
174	196	34
175	196	7
177	196	112
178	196	130
180	196	249
183	196	116
184	196	148
185	196	67
186	196	40
188	196	181
190	196	83
192	196	22
193	196	33
194	196	12
195	196	84
198	196	130
199	196	48
200	196	48
203	196	58
206	196	51
210	196	30
211	196	76
212	196	124
213	196	58
214	196	45
221	196	35
222	196	70
223	196	47
227	196	75
229	196	35
232	196	80
233	196	131
235	196	23
236	196	18
246	196	62
17	195	26
20	195	83
23	195	35
28	195	48
34	195	24
37	195	31
39	195	64
41	195	27
45	195	54
47	195	16
60	195	89
61	195	37
68	195	46
73	195	19
81	195	25
84	195	50
85	195	57
86	195	69
87	195	45
88	195	113
91	195	76
95	195	29
96	195	71
97	195	55
98	195	34
101	195	63
103	195	20
104	195	74
105	195	89
107	195	18
110	195	37
118	195	112
119	195	85
120	195	12
121	195	36
123	195	55
124	195	56
126	195	125
130	195	123
131	195	58
135	195	29
141	195	96
146	195	59
147	195	86
148	195	50
150	195	54
152	195	34
153	195	52
154	195	69
155	195	157
156	195	38
157	195	22
158	195	24
159	195	98
160	195	110
161	195	22
163	195	59
166	195	53
170	195	70
172	195	119
176	195	141
177	195	65
178	195	101
179	195	212
180	195	87
181	195	122
183	195	60
184	195	241
186	195	131
187	195	25
190	195	238
192	195	76
194	195	73
195	195	47
198	195	41
199	195	56
200	195	142
202	195	60
203	195	86
204	195	79
205	195	63
207	195	20
208	195	59
209	195	22
211	195	61
213	195	43
214	195	145
215	195	45
216	195	106
217	195	67
218	195	123
221	195	41
223	195	62
224	195	66
225	195	95
228	195	43
230	195	41
232	195	62
233	195	57
236	195	113
241	195	76
242	195	46
16	194	84
17	194	38
28	194	75
29	194	73
34	194	90
38	194	30
39	194	28
50	194	41
52	194	83
53	194	42
56	194	60
57	194	62
60	194	56
63	194	62
66	194	30
67	194	65
70	194	61
71	194	36
74	194	52
75	194	69
82	194	78
84	194	61
85	194	82
89	194	49
93	194	109
94	194	95
95	194	54
96	194	43
102	194	86
103	194	97
105	194	55
110	194	60
111	194	89
114	194	63
120	194	67
123	194	17
124	194	174
127	194	34
132	194	32
134	194	140
136	194	94
138	194	30
139	194	95
140	194	108
141	194	53
144	194	34
145	194	32
147	194	35
148	194	24
151	194	107
152	194	14
154	194	81
155	194	114
158	194	63
159	194	30
160	194	66
161	194	33
166	194	58
167	194	65
170	194	40
171	194	88
172	194	122
174	194	23
175	194	42
176	194	60
177	194	70
178	194	146
179	194	156
180	194	39
181	194	104
182	194	23
184	194	10
185	194	88
186	194	120
187	194	168
189	194	68
190	194	20
191	194	83
194	194	54
195	194	36
196	194	27
197	194	51
207	194	43
208	194	83
209	194	113
212	194	134
213	194	76
215	194	51
216	194	68
217	194	181
218	194	100
220	194	40
222	194	106
224	194	34
225	194	90
226	194	87
227	194	99
230	194	75
234	194	23
237	194	28
238	194	88
239	194	37
240	194	58
242	194	70
245	194	80
13	193	20
15	193	17
16	193	54
19	193	44
20	193	58
29	193	23
32	193	70
33	193	47
34	193	62
35	193	27
36	193	47
37	193	127
39	193	97
47	193	102
48	193	27
57	193	17
59	193	79
63	193	70
69	193	42
71	193	41
72	193	37
79	193	57
81	193	14
85	193	51
88	193	69
90	193	15
93	193	61
98	193	34
99	193	25
101	193	76
103	193	51
108	193	49
109	193	89
110	193	79
111	193	102
112	193	34
113	193	26
114	193	82
116	193	92
118	193	23
119	193	51
121	193	40
122	193	70
123	193	53
124	193	20
126	193	109
127	193	96
129	193	145
131	193	120
133	193	112
135	193	37
137	193	45
139	193	156
142	193	43
149	193	81
150	193	5
152	193	82
154	193	82
161	193	84
163	193	56
164	193	44
165	193	70
166	193	61
168	193	49
169	193	64
171	193	56
174	193	69
176	193	6
177	193	44
178	193	97
179	193	87
180	193	184
181	193	83
183	193	33
185	193	57
187	193	115
188	193	181
189	193	47
191	193	117
194	193	9
195	193	83
196	193	84
197	193	147
199	193	125
200	193	52
201	193	43
202	193	62
203	193	25
204	193	7
208	193	38
209	193	29
210	193	84
211	193	143
213	193	50
215	193	65
216	193	32
217	193	49
224	193	101
227	193	57
229	193	63
231	193	70
232	193	46
237	193	73
238	193	20
241	193	86
14	192	33
15	192	52
19	192	120
20	192	42
26	192	37
32	192	37
33	192	48
35	192	4
36	192	77
37	192	35
45	192	62
49	192	57
51	192	45
57	192	28
60	192	42
63	192	14
64	192	66
65	192	12
70	192	113
71	192	72
72	192	72
74	192	62
79	192	134
82	192	37
83	192	44
86	192	110
87	192	56
93	192	118
96	192	57
97	192	27
103	192	11
104	192	44
105	192	111
109	192	40
111	192	42
112	192	57
114	192	68
115	192	49
119	192	143
122	192	52
124	192	123
125	192	167
126	192	126
129	192	29
130	192	44
133	192	32
138	192	70
140	192	43
145	192	41
148	192	85
150	192	81
151	192	115
152	192	71
153	192	78
154	192	79
157	192	80
158	192	15
159	192	27
160	192	44
166	192	65
168	192	87
169	192	49
170	192	30
172	192	74
174	192	84
177	192	73
178	192	149
179	192	142
180	192	81
181	192	69
182	192	88
183	192	84
186	192	52
188	192	120
189	192	149
190	192	27
191	192	36
196	192	66
197	192	146
199	192	54
201	192	49
205	192	48
206	192	122
207	192	68
208	192	56
210	192	79
213	192	63
214	192	62
215	192	60
217	192	70
219	192	105
221	192	79
222	192	101
223	192	92
224	192	40
225	192	33
226	192	52
229	192	46
230	192	150
231	192	22
232	192	132
233	192	78
234	192	132
237	192	16
241	192	20
243	192	74
246	192	73
247	192	57
10	191	38
11	191	52
17	191	76
20	191	70
22	191	28
24	191	91
25	191	46
26	191	77
28	191	93
29	191	58
30	191	69
31	191	43
32	191	71
35	191	64
41	191	65
42	191	69
43	191	22
46	191	32
49	191	126
51	191	88
52	191	114
59	191	48
62	191	28
64	191	112
68	191	88
69	191	43
71	191	40
72	191	66
73	191	55
74	191	70
75	191	34
77	191	51
78	191	35
82	191	34
86	191	32
87	191	98
91	191	48
92	191	29
94	191	49
96	191	42
97	191	57
98	191	191
102	191	89
104	191	34
108	191	23
111	191	79
112	191	188
113	191	49
114	191	75
117	191	75
118	191	83
119	191	120
125	191	44
126	191	26
127	191	40
129	191	41
130	191	128
131	191	18
132	191	25
134	191	17
135	191	34
140	191	128
141	191	48
142	191	82
143	191	40
144	191	30
147	191	82
150	191	130
157	191	42
158	191	43
159	191	46
160	191	98
161	191	219
162	191	88
163	191	74
164	191	63
165	191	39
166	191	49
168	191	72
170	191	140
171	191	75
173	191	81
174	191	63
175	191	23
177	191	30
179	191	83
183	191	114
186	191	70
187	191	123
188	191	49
191	191	110
193	191	37
194	191	29
195	191	82
196	191	50
197	191	55
198	191	149
200	191	11
201	191	53
203	191	48
204	191	113
206	191	47
207	191	82
208	191	135
210	191	57
213	191	89
214	191	60
220	191	99
221	191	41
69	245	44
73	245	25
106	245	51
56	244	16
68	244	55
81	244	40
97	244	44
111	244	28
114	244	32
116	244	22
125	244	21
131	244	54
132	244	44
172	244	49
209	244	51
49	243	69
51	243	28
69	243	57
98	243	50
106	243	16
113	243	54
114	243	106
115	243	82
117	243	73
119	243	73
120	243	111
121	243	70
122	243	57
125	243	62
128	243	26
131	243	117
132	243	63
133	243	67
134	243	105
136	243	42
137	243	40
145	243	75
155	243	47
160	243	16
170	243	44
171	243	23
181	243	32
24	242	103
50	242	59
69	242	78
81	242	48
85	242	20
89	242	76
92	242	41
94	242	30
97	242	37
98	242	37
99	242	45
110	242	48
111	242	54
114	242	28
115	242	30
120	242	106
127	242	61
132	242	26
134	242	84
136	242	52
139	242	31
160	242	62
165	242	31
172	242	23
173	242	36
192	242	48
195	242	35
198	242	83
199	242	78
200	242	35
201	242	43
55	241	39
56	241	25
65	241	60
81	241	84
83	241	71
84	241	34
94	241	94
96	241	31
97	241	48
98	241	47
108	241	32
112	241	52
115	241	30
116	241	42
119	241	57
122	241	59
123	241	33
126	241	91
134	241	42
137	241	43
138	241	94
141	241	100
173	241	54
174	241	22
194	241	46
201	241	14
68	240	39
74	240	70
77	240	68
81	240	25
82	240	84
83	240	36
84	240	113
87	240	69
88	240	106
90	240	37
91	240	28
93	240	83
98	240	87
100	240	63
102	240	27
103	240	83
107	240	38
112	240	31
115	240	53
131	240	46
132	240	95
137	240	17
139	240	125
150	240	33
155	240	68
159	240	15
169	240	46
201	240	40
202	240	51
40	239	82
54	239	31
67	239	96
70	239	47
71	239	43
72	239	123
74	239	154
75	239	91
76	239	29
81	239	65
82	239	48
84	239	63
102	239	90
103	239	69
104	239	45
106	239	61
114	239	105
116	239	60
119	239	124
121	239	70
122	239	112
127	239	59
130	239	29
136	239	33
139	239	79
145	239	45
158	239	48
160	239	114
161	239	29
163	239	47
184	239	62
186	239	74
193	239	47
211	239	85
228	239	78
230	239	51
55	238	63
64	238	51
65	238	90
67	238	69
73	238	59
77	238	54
86	238	55
89	238	45
90	238	19
91	238	20
96	238	115
97	238	51
99	238	37
101	238	49
102	238	21
103	238	53
104	238	27
105	238	82
107	238	60
108	238	142
110	238	83
119	238	35
123	238	59
126	238	76
129	238	48
130	238	63
133	238	71
134	238	95
147	238	85
153	238	60
157	238	42
159	238	59
160	238	37
162	238	33
180	238	64
185	238	53
188	238	69
193	238	48
194	238	70
199	238	52
204	238	69
210	238	53
211	238	82
215	238	40
219	238	73
59	237	75
60	237	81
65	237	11
73	237	33
77	237	92
78	237	59
90	237	67
91	237	82
93	237	103
97	237	37
98	237	72
100	237	63
109	237	35
112	237	46
113	237	75
114	237	128
115	237	54
118	237	42
120	237	55
123	237	13
124	237	70
125	237	56
129	237	48
131	237	45
133	237	22
139	237	55
142	237	101
146	237	52
168	237	52
172	237	39
174	237	81
185	237	66
192	237	15
199	237	39
212	237	52
230	237	42
48	236	46
52	236	72
58	236	37
59	236	18
61	236	53
74	236	67
78	236	54
79	236	77
90	236	247
91	236	56
92	236	90
93	236	51
94	236	57
96	236	134
97	236	28
99	236	51
103	236	41
106	236	70
108	236	32
110	236	51
111	236	42
112	236	55
113	236	44
114	236	68
115	236	39
116	236	100
117	236	51
118	236	39
119	236	90
120	236	43
121	236	66
125	236	79
126	236	19
127	236	40
129	236	34
132	236	172
133	236	71
134	236	112
135	236	68
138	236	44
139	236	63
146	236	36
147	236	49
159	236	36
163	236	61
167	236	81
170	236	32
173	236	59
178	236	61
179	236	73
189	236	47
191	236	65
192	236	53
224	236	20
230	236	16
37	235	55
60	235	71
63	235	48
64	235	38
65	235	39
66	235	63
71	235	45
72	235	22
79	235	18
83	235	9
84	235	39
85	235	51
87	235	64
88	235	36
89	235	44
92	235	37
93	235	33
94	235	197
95	235	65
97	235	38
98	235	50
99	235	65
100	235	76
102	235	73
103	235	206
104	235	82
105	235	43
106	235	50
110	235	30
112	235	67
113	235	67
114	235	95
115	235	68
119	235	59
120	235	132
121	235	123
123	235	56
124	235	78
128	235	116
136	235	23
137	235	79
139	235	19
141	235	68
155	235	41
167	235	26
172	235	57
176	235	60
181	235	19
188	235	87
217	235	38
221	235	98
230	235	3
232	235	29
28	234	82
55	234	54
59	234	69
67	234	61
68	234	41
70	234	29
78	234	29
81	234	113
84	234	40
85	234	74
86	234	103
90	234	87
91	234	41
92	234	92
95	234	53
96	234	71
97	234	33
100	234	149
102	234	90
104	234	50
105	234	71
112	234	73
114	234	36
115	234	34
117	234	66
118	234	134
119	234	142
120	234	64
123	234	59
126	234	104
127	234	80
128	234	102
130	234	65
131	234	60
132	234	87
135	234	70
138	234	35
139	234	45
143	234	90
156	234	188
159	234	77
168	234	101
169	234	58
171	234	40
175	234	62
182	234	52
188	234	60
190	234	96
192	234	74
194	234	90
200	234	79
203	234	32
230	234	63
42	233	67
54	233	101
58	233	94
61	233	36
67	233	26
69	233	126
76	233	157
80	233	70
82	233	32
84	233	140
85	233	34
86	233	23
87	233	162
88	233	57
90	233	78
91	233	40
95	233	38
97	233	24
98	233	100
99	233	52
100	233	174
101	233	17
105	233	36
107	233	69
110	233	61
115	233	47
117	233	54
118	233	19
119	233	63
121	233	43
122	233	42
123	233	33
125	233	98
126	233	119
128	233	112
130	233	66
133	233	37
138	233	76
142	233	71
143	233	43
144	233	41
149	233	59
151	233	31
152	233	47
153	233	25
155	233	87
157	233	12
159	233	58
169	233	42
171	233	62
172	233	64
173	233	41
180	233	71
181	233	54
189	233	18
190	233	61
193	233	11
194	233	30
199	233	83
208	233	96
211	233	43
215	233	58
235	233	47
28	232	93
30	232	40
56	232	54
67	232	15
68	232	96
69	232	61
70	232	26
71	232	53
77	232	98
81	232	35
82	232	34
83	232	34
87	232	96
88	232	57
91	232	122
93	232	40
95	232	32
98	232	72
99	232	184
100	232	92
101	232	46
102	232	121
103	232	73
104	232	49
106	232	103
108	232	67
109	232	44
112	232	35
117	232	36
120	232	59
123	232	42
125	232	42
126	232	26
127	232	86
129	232	209
131	232	87
132	232	79
134	232	91
143	232	61
145	232	61
147	232	33
160	232	89
161	232	61
167	232	66
168	232	64
169	232	6
173	232	43
176	232	54
178	232	71
183	232	85
190	232	33
191	232	86
202	232	78
204	232	56
208	232	84
210	232	14
211	232	83
212	232	14
215	232	87
216	232	120
39	231	40
40	231	23
42	231	67
43	231	74
44	231	63
54	231	77
63	231	78
65	231	28
73	231	42
85	231	67
88	231	15
89	231	68
90	231	26
91	231	107
98	231	54
99	231	60
105	231	49
106	231	56
107	231	40
108	231	71
113	231	49
114	231	66
116	231	82
117	231	48
122	231	121
123	231	86
124	231	45
127	231	108
128	231	115
130	231	32
132	231	112
134	231	49
137	231	26
148	231	78
154	231	21
155	231	27
156	231	74
160	231	44
163	231	59
165	231	73
167	231	54
168	231	48
169	231	113
170	231	83
172	231	39
173	231	5
174	231	56
178	231	41
179	231	52
180	231	48
181	231	18
188	231	54
193	231	30
195	231	99
200	231	43
207	231	62
208	231	56
210	231	220
215	231	56
228	231	20
240	231	80
38	230	165
62	230	45
69	230	55
71	230	78
79	230	70
82	230	33
88	230	13
93	230	63
96	230	50
97	230	90
105	230	22
106	230	35
107	230	113
109	230	22
114	230	104
117	230	59
119	230	80
120	230	94
121	230	56
123	230	62
124	230	33
127	230	166
131	230	55
133	230	42
137	230	32
138	230	76
140	230	49
151	230	42
155	230	51
157	230	78
161	230	63
167	230	126
168	230	36
169	230	74
170	230	151
171	230	40
172	230	22
175	230	43
177	230	32
178	230	74
179	230	96
180	230	81
181	230	79
182	230	51
183	230	137
187	230	22
188	230	52
190	230	17
192	230	41
198	230	38
207	230	55
210	230	21
211	230	64
212	230	66
18	229	38
25	229	81
30	229	60
31	229	69
40	229	69
44	229	84
48	229	63
54	229	69
74	229	69
76	229	57
77	229	46
80	229	32
81	229	22
85	229	54
87	229	54
91	229	32
93	229	9
97	229	62
98	229	82
101	229	122
102	229	87
104	229	82
106	229	64
108	229	126
109	229	37
110	229	47
111	229	49
114	229	86
115	229	159
116	229	47
119	229	10
120	229	187
121	229	41
122	229	126
123	229	44
129	229	85
130	229	38
133	229	68
134	229	109
140	229	112
141	229	23
143	229	48
149	229	67
151	229	109
152	229	22
155	229	89
157	229	44
164	229	78
165	229	42
167	229	6
168	229	49
169	229	59
170	229	68
171	229	114
172	229	99
173	229	154
174	229	190
175	229	35
177	229	51
179	229	104
180	229	73
182	229	95
184	229	81
185	229	49
188	229	45
190	229	36
194	229	41
198	229	54
206	229	78
213	229	17
33	228	43
36	228	69
47	228	24
48	228	56
55	228	82
63	228	13
66	228	69
67	228	57
70	228	69
78	228	55
81	228	42
85	228	44
88	228	90
95	228	59
96	228	20
97	228	111
98	228	54
99	228	29
100	228	39
101	228	35
102	228	130
103	228	70
106	228	90
107	228	29
110	228	105
111	228	82
112	228	51
114	228	89
117	228	16
119	228	44
120	228	37
122	228	123
123	228	46
124	228	23
125	228	38
129	228	31
134	228	38
135	228	31
136	228	79
137	228	73
138	228	17
139	228	79
142	228	54
143	228	91
144	228	25
145	228	92
148	228	48
151	228	39
152	228	21
154	228	93
155	228	37
159	228	20
162	228	11
167	228	43
168	228	88
169	228	214
170	228	112
173	228	237
174	228	192
175	228	86
176	228	224
177	228	66
178	228	65
179	228	52
180	228	45
182	228	68
186	228	19
188	228	65
189	228	66
191	228	41
206	228	29
210	228	53
211	228	32
218	228	67
231	228	26
20	227	67
39	227	59
56	227	19
62	227	52
64	227	49
66	227	45
68	227	74
69	227	31
71	227	41
77	227	86
79	227	32
80	227	108
82	227	113
84	227	23
88	227	76
94	227	74
96	227	92
97	227	44
98	227	45
99	227	124
100	227	61
102	227	146
103	227	40
104	227	43
105	227	39
106	227	37
107	227	44
109	227	29
110	227	144
111	227	44
112	227	75
114	227	126
116	227	37
117	227	239
119	227	30
120	227	110
123	227	184
124	227	144
127	227	47
132	227	49
133	227	209
134	227	25
140	227	64
141	227	41
142	227	74
153	227	135
160	227	38
163	227	64
164	227	24
165	227	38
166	227	65
168	227	39
169	227	66
170	227	51
172	227	68
173	227	90
174	227	87
175	227	123
176	227	190
178	227	35
181	227	137
182	227	61
183	227	20
185	227	24
186	227	102
189	227	49
191	227	40
192	227	120
194	227	74
196	227	178
197	227	38
209	227	65
218	227	108
31	226	48
41	226	22
52	226	49
60	226	45
61	226	43
64	226	31
70	226	42
76	226	70
77	226	75
79	226	67
82	226	42
83	226	66
85	226	66
89	226	26
90	226	66
95	226	36
96	226	347
97	226	100
99	226	110
100	226	20
103	226	60
104	226	14
105	226	115
107	226	130
108	226	17
109	226	61
110	226	89
111	226	74
113	226	29
114	226	28
116	226	83
117	226	92
118	226	19
120	226	87
123	226	113
124	226	85
125	226	45
127	226	78
130	226	51
132	226	11
138	226	119
140	226	39
141	226	61
142	226	44
143	226	80
144	226	63
145	226	20
147	226	49
149	226	89
150	226	33
152	226	82
153	226	74
154	226	50
160	226	63
164	226	68
166	226	85
167	226	120
168	226	213
170	226	51
171	226	38
172	226	216
173	226	92
174	226	82
175	226	238
176	226	252
177	226	62
178	226	52
180	226	46
181	226	105
186	226	122
188	226	57
190	226	26
192	226	144
197	226	66
198	226	44
201	226	16
203	226	70
211	226	149
212	226	63
214	226	48
227	226	59
27	225	33
30	225	77
56	225	23
58	225	41
67	225	47
68	225	77
69	225	49
70	225	41
71	225	65
76	225	81
77	225	67
80	225	77
82	225	52
83	225	71
84	225	45
86	225	36
89	225	35
94	225	31
96	225	35
97	225	25
100	225	156
104	225	77
106	225	38
108	225	48
110	225	78
112	225	30
113	225	66
115	225	73
116	225	49
117	225	65
118	225	59
119	225	2
121	225	74
122	225	119
125	225	46
126	225	76
127	225	27
128	225	22
130	225	7
131	225	19
132	225	66
135	225	59
136	225	139
137	225	70
138	225	217
139	225	172
145	225	59
146	225	111
147	225	62
148	225	5
149	225	116
151	225	61
154	225	38
156	225	22
158	225	100
165	225	144
166	225	96
167	225	114
168	225	84
169	225	26
170	225	158
171	225	112
172	225	169
173	225	59
174	225	160
175	225	120
176	225	123
177	225	51
179	225	43
180	225	117
186	225	39
187	225	82
189	225	15
192	225	67
194	225	80
197	225	97
198	225	83
205	225	54
212	225	69
215	225	70
44	224	57
47	224	85
48	224	24
50	224	30
51	224	32
52	224	82
56	224	60
61	224	87
68	224	101
69	224	44
70	224	74
79	224	116
80	224	123
84	224	56
85	224	32
88	224	43
91	224	52
92	224	90
98	224	2
99	224	34
101	224	90
103	224	111
104	224	192
106	224	40
107	224	42
108	224	56
110	224	67
111	224	48
112	224	12
113	224	70
117	224	45
119	224	49
120	224	130
121	224	100
122	224	61
123	224	54
124	224	115
125	224	120
128	224	106
130	224	60
131	224	175
132	224	50
134	224	83
135	224	32
136	224	162
137	224	74
138	224	85
140	224	49
153	224	76
154	224	56
155	224	69
158	224	120
162	224	29
164	224	91
167	224	49
168	224	105
169	224	244
170	224	162
171	224	223
172	224	88
173	224	187
174	224	156
175	224	172
176	224	24
177	224	91
179	224	62
180	224	64
181	224	166
183	224	59
184	224	83
185	224	43
187	224	12
190	224	141
191	224	26
192	224	54
195	224	83
197	224	106
203	224	24
204	224	29
231	224	70
28	223	30
52	223	60
55	223	58
58	223	127
64	223	57
71	223	50
72	223	38
77	223	22
79	223	56
81	223	30
90	223	26
91	223	49
93	223	68
94	223	36
95	223	89
96	223	5
98	223	48
99	223	57
100	223	39
101	223	64
102	223	53
103	223	39
106	223	121
107	223	124
108	223	73
110	223	47
111	223	45
113	223	100
115	223	119
116	223	25
117	223	100
118	223	110
120	223	32
121	223	62
123	223	21
124	223	46
125	223	224
126	223	79
128	223	19
130	223	66
134	223	51
135	223	16
136	223	161
137	223	141
138	223	64
143	223	40
144	223	36
147	223	55
152	223	58
160	223	137
164	223	36
166	223	164
167	223	116
168	223	78
169	223	95
170	223	82
171	223	169
172	223	167
175	223	66
176	223	226
177	223	44
179	223	64
181	223	50
186	223	66
189	223	75
190	223	40
193	223	73
197	223	57
198	223	43
199	223	73
202	223	30
204	223	80
208	223	46
233	223	100
238	223	41
28	222	59
29	222	67
35	222	40
40	222	40
42	222	38
50	222	77
53	222	45
55	222	61
56	222	98
65	222	67
74	222	52
75	222	39
79	222	77
83	222	75
84	222	46
85	222	58
86	222	54
87	222	28
89	222	32
91	222	122
92	222	25
94	222	63
95	222	27
99	222	71
100	222	95
101	222	20
102	222	36
103	222	123
105	222	61
107	222	68
108	222	76
110	222	302
112	222	62
113	222	95
114	222	97
115	222	60
116	222	57
117	222	46
126	222	30
127	222	29
128	222	48
134	222	33
135	222	60
138	222	92
140	222	11
141	222	52
144	222	44
147	222	116
149	222	47
153	222	52
154	222	152
159	222	43
160	222	99
162	222	123
166	222	51
167	222	175
168	222	196
169	222	69
170	222	190
171	222	90
172	222	103
173	222	160
175	222	38
176	222	42
179	222	86
180	222	98
181	222	83
183	222	147
184	222	146
185	222	24
186	222	49
187	222	48
189	222	72
193	222	132
194	222	60
195	222	23
196	222	51
197	222	50
198	222	10
203	222	83
204	222	88
205	222	59
208	222	143
212	222	46
217	222	45
223	222	75
235	222	70
241	222	99
27	221	24
36	221	62
46	221	59
50	221	86
53	221	29
56	221	29
63	221	14
68	221	30
69	221	112
74	221	90
80	221	46
83	221	54
85	221	62
86	221	86
87	221	47
88	221	21
93	221	130
96	221	57
100	221	9
101	221	53
103	221	86
105	221	79
107	221	100
108	221	27
109	221	85
110	221	20
111	221	85
112	221	59
113	221	26
115	221	14
116	221	120
117	221	81
118	221	15
119	221	12
121	221	123
123	221	41
124	221	29
127	221	91
131	221	68
132	221	38
134	221	64
135	221	46
136	221	107
137	221	29
140	221	24
141	221	39
146	221	68
147	221	73
148	221	201
150	221	70
151	221	63
152	221	102
153	221	23
154	221	151
156	221	126
157	221	83
162	221	53
163	221	41
164	221	125
165	221	77
166	221	129
167	221	142
169	221	133
170	221	190
171	221	64
172	221	152
173	221	107
175	221	14
176	221	123
177	221	85
178	221	78
180	221	35
184	221	110
187	221	73
188	221	79
189	221	87
190	221	48
191	221	47
195	221	86
196	221	19
197	221	86
200	221	48
203	221	33
208	221	41
227	221	63
240	221	41
12	220	60
18	220	52
20	220	15
27	220	71
34	220	18
42	220	4
44	220	36
52	220	59
54	220	27
58	220	18
59	220	49
63	220	42
67	220	105
69	220	65
72	220	24
77	220	42
79	220	41
80	220	50
82	220	133
86	220	17
98	220	36
101	220	32
102	220	44
105	220	64
107	220	115
109	220	177
110	220	139
111	220	21
112	220	42
113	220	58
116	220	143
117	220	36
118	220	59
119	220	94
120	220	11
121	220	148
122	220	16
126	220	66
129	220	55
133	220	85
135	220	127
136	220	147
137	220	68
140	220	124
141	220	34
142	220	111
146	220	55
149	220	65
150	220	25
151	220	53
153	220	69
154	220	96
156	220	60
157	220	116
158	220	33
159	220	26
160	220	47
161	220	116
163	220	23
167	220	100
168	220	254
169	220	180
170	220	57
171	220	84
172	220	95
173	220	173
174	220	151
175	220	79
177	220	83
179	220	64
181	220	39
183	220	119
184	220	68
185	220	67
186	220	84
188	220	102
191	220	153
193	220	81
194	220	26
195	220	63
196	220	174
197	220	29
198	220	26
201	220	98
202	220	27
216	220	74
229	220	26
43	219	44
46	219	26
48	219	61
60	219	66
70	219	40
78	219	57
80	219	52
81	219	25
91	219	49
93	219	57
95	219	208
96	219	81
98	219	44
102	219	62
103	219	45
106	219	129
110	219	47
114	219	112
115	219	84
116	219	68
120	219	80
121	219	134
122	219	83
126	219	23
127	219	58
132	219	121
133	219	67
134	219	86
135	219	100
136	219	175
138	219	109
139	219	96
145	219	68
146	219	43
150	219	49
152	219	47
154	219	64
161	219	63
162	219	74
163	219	120
164	219	99
165	219	42
166	219	445
168	219	21
169	219	165
170	219	253
173	219	66
174	219	151
175	219	170
176	219	77
178	219	73
179	219	93
180	219	67
181	219	112
182	219	158
184	219	174
185	219	111
189	219	61
190	219	82
191	219	299
192	219	92
195	219	72
197	219	41
200	219	70
201	219	34
207	219	97
209	219	65
215	219	40
222	219	33
227	219	96
228	219	25
229	219	15
32	218	112
37	218	55
38	218	43
45	218	51
49	218	26
54	218	74
62	218	49
67	218	54
68	218	22
69	218	76
77	218	58
79	218	43
80	218	59
84	218	163
85	218	43
89	218	47
90	218	39
94	218	60
96	218	58
98	218	58
100	218	71
101	218	78
105	218	78
107	218	65
108	218	51
109	218	155
111	218	92
112	218	79
113	218	98
114	218	44
117	218	36
118	218	75
119	218	38
120	218	127
121	218	112
123	218	7
125	218	78
127	218	66
129	218	84
131	218	95
132	218	137
133	218	176
134	218	80
135	218	31
136	218	162
137	218	50
138	218	84
140	218	49
141	218	62
145	218	106
147	218	163
154	218	61
157	218	72
161	218	40
164	218	48
167	218	77
168	218	62
170	218	19
172	218	96
173	218	56
175	218	28
176	218	68
177	218	93
180	218	72
185	218	37
186	218	79
189	218	87
194	218	69
195	218	48
196	218	33
197	218	6
199	218	75
201	218	22
209	218	76
212	218	14
214	218	60
218	218	28
241	218	42
244	218	49
10	217	46
18	217	48
25	217	36
30	217	80
42	217	73
50	217	47
51	217	19
65	217	58
66	217	45
67	217	27
76	217	42
78	217	68
79	217	21
80	217	60
81	217	48
82	217	93
84	217	59
85	217	70
86	217	74
90	217	92
92	217	23
93	217	63
100	217	51
101	217	59
102	217	80
105	217	50
107	217	144
109	217	22
110	217	22
111	217	17
112	217	60
114	217	69
115	217	57
117	217	90
122	217	166
125	217	167
126	217	66
127	217	54
128	217	49
129	217	33
131	217	51
132	217	61
133	217	63
138	217	24
139	217	39
141	217	27
146	217	197
148	217	82
149	217	167
150	217	64
153	217	30
163	217	84
167	217	22
168	217	57
169	217	77
170	217	29
171	217	101
172	217	174
174	217	82
175	217	70
177	217	14
178	217	81
179	217	66
180	217	29
184	217	166
185	217	133
187	217	45
190	217	16
197	217	12
199	217	52
201	217	109
205	217	42
208	217	46
209	217	26
211	217	69
213	217	63
214	217	30
219	217	51
220	217	24
232	217	51
24	216	54
36	216	81
47	216	33
57	216	44
60	216	73
61	216	46
62	216	128
66	216	47
72	216	66
75	216	96
76	216	101
78	216	37
80	216	118
82	216	58
84	216	57
87	216	11
88	216	85
89	216	36
90	216	118
91	216	19
94	216	65
95	216	68
96	216	84
99	216	181
100	216	59
108	216	19
110	216	73
111	216	56
112	216	45
114	216	29
115	216	89
117	216	82
118	216	144
119	216	69
121	216	36
123	216	305
126	216	58
127	216	90
128	216	17
129	216	48
131	216	63
132	216	64
134	216	107
136	216	44
138	216	116
140	216	60
142	216	71
143	216	122
144	216	62
145	216	20
148	216	44
151	216	34
152	216	94
153	216	59
154	216	111
156	216	150
157	216	63
161	216	72
163	216	20
166	216	59
167	216	45
171	216	34
172	216	97
173	216	48
176	216	84
177	216	122
178	216	177
180	216	50
182	216	140
184	216	76
185	216	106
186	216	17
189	216	57
190	216	28
192	216	76
195	216	42
196	216	76
197	216	44
202	216	132
204	216	32
207	216	100
208	216	79
210	216	80
214	216	53
215	216	25
222	216	13
226	216	46
242	216	49
25	215	72
36	215	47
55	215	42
56	215	45
58	215	69
67	215	59
70	215	37
75	215	42
76	215	113
77	215	26
80	215	63
81	215	54
83	215	33
86	215	75
88	215	40
90	215	98
91	215	35
93	215	48
95	215	87
96	215	54
97	215	37
98	215	27
99	215	28
100	215	34
105	215	38
110	215	49
114	215	52
115	215	84
117	215	40
118	215	46
120	215	80
122	215	46
123	215	76
124	215	38
126	215	106
128	215	55
130	215	128
131	215	66
132	215	30
133	215	19
134	215	29
135	215	137
138	215	94
142	215	38
148	215	39
149	215	40
150	215	54
152	215	127
153	215	42
163	215	33
165	215	9
166	215	79
168	215	27
169	215	92
171	215	177
175	215	88
182	215	52
183	215	50
184	215	44
185	215	94
187	215	51
189	215	106
190	215	15
192	215	55
194	215	26
202	215	59
204	215	88
205	215	51
207	215	8
210	215	18
211	215	51
213	215	98
226	215	50
240	215	38
14	214	59
37	214	91
38	214	77
43	214	76
44	214	59
49	214	25
57	214	63
60	214	156
61	214	40
63	214	99
70	214	64
74	214	71
84	214	87
85	214	32
86	214	55
87	214	41
89	214	27
92	214	56
94	214	47
98	214	45
99	214	47
102	214	20
106	214	70
107	214	36
108	214	115
109	214	25
111	214	55
113	214	88
114	214	41
115	214	19
116	214	18
117	214	122
118	214	68
119	214	75
120	214	74
121	214	110
123	214	87
127	214	54
129	214	41
132	214	67
133	214	41
136	214	198
141	214	55
142	214	56
143	214	27
144	214	27
146	214	31
147	214	52
148	214	110
149	214	13
150	214	51
151	214	66
153	214	40
154	214	83
155	214	42
158	214	230
159	214	89
160	214	99
162	214	71
163	214	105
164	214	54
167	214	31
169	214	118
170	214	58
174	214	97
175	214	28
176	214	70
177	214	88
179	214	82
180	214	93
182	214	90
185	214	33
187	214	30
189	214	294
192	214	81
193	214	131
195	214	37
198	214	81
201	214	92
202	214	111
203	214	26
204	214	58
206	214	43
209	214	80
213	214	62
216	214	40
218	214	54
225	214	34
226	214	29
236	214	62
237	214	109
244	214	72
10	213	12
18	213	75
24	213	115
25	213	60
40	213	77
42	213	78
46	213	22
47	213	75
49	213	30
56	213	70
57	213	63
58	213	91
66	213	32
67	213	59
68	213	11
74	213	26
75	213	42
79	213	79
82	213	48
88	213	49
89	213	80
91	213	14
93	213	57
95	213	85
96	213	97
99	213	137
100	213	42
104	213	26
105	213	98
108	213	44
109	213	72
110	213	36
112	213	37
113	213	59
116	213	107
117	213	82
119	213	71
121	213	53
122	213	86
123	213	45
125	213	60
127	213	54
128	213	82
130	213	128
131	213	79
134	213	83
135	213	122
137	213	21
139	213	82
141	213	60
143	213	58
147	213	26
151	213	47
152	213	84
154	213	33
158	213	82
159	213	67
160	213	20
161	213	85
165	213	40
168	213	32
171	213	93
173	213	104
174	213	46
176	213	124
179	213	30
180	213	73
182	213	41
183	213	58
187	213	45
188	213	131
189	213	96
192	213	170
199	213	72
204	213	50
206	213	56
207	213	58
211	213	49
212	213	40
214	213	37
218	213	29
221	213	79
237	213	42
238	213	36
15	212	51
17	212	28
20	212	60
23	212	16
25	212	52
39	212	22
42	212	127
53	212	42
63	212	37
78	212	33
85	212	63
87	212	19
92	212	71
93	212	91
96	212	91
97	212	72
99	212	116
101	212	42
106	212	137
107	212	56
108	212	81
109	212	28
110	212	41
111	212	49
112	212	87
114	212	97
115	212	68
116	212	73
117	212	74
118	212	67
120	212	36
121	212	145
122	212	57
123	212	97
124	212	39
125	212	227
126	212	74
127	212	41
128	212	73
136	212	78
137	212	83
138	212	74
140	212	19
141	212	44
142	212	62
148	212	74
150	212	77
153	212	54
154	212	30
155	212	45
166	212	92
167	212	85
168	212	30
170	212	132
171	212	135
172	212	107
174	212	77
175	212	65
176	212	76
177	212	69
179	212	13
181	212	85
182	212	110
183	212	129
184	212	29
185	212	43
187	212	36
188	212	114
190	212	59
192	212	55
193	212	64
195	212	92
198	212	81
204	212	24
205	212	31
212	212	51
213	212	2
216	212	27
227	212	126
243	212	84
23	211	44
29	211	48
33	211	87
41	211	11
44	211	65
46	211	84
55	211	10
57	211	77
60	211	37
61	211	40
62	211	13
72	211	82
73	211	135
76	211	65
79	211	30
89	211	25
93	211	49
95	211	115
98	211	42
99	211	29
103	211	42
105	211	89
106	211	52
107	211	70
108	211	32
111	211	70
113	211	87
114	211	39
115	211	92
118	211	30
119	211	50
120	211	128
122	211	55
123	211	60
124	211	60
125	211	109
128	211	92
131	211	83
134	211	54
135	211	56
137	211	30
148	211	157
153	211	55
156	211	94
158	211	49
159	211	20
160	211	60
161	211	77
163	211	30
168	211	30
169	211	74
170	211	48
171	211	126
172	211	27
173	211	49
176	211	41
177	211	43
179	211	19
181	211	28
183	211	57
184	211	75
188	211	53
189	211	119
190	211	38
192	211	41
195	211	60
200	211	73
203	211	59
204	211	26
205	211	42
212	211	85
227	211	41
245	211	24
23	210	61
37	210	48
41	210	58
42	210	109
43	210	114
44	210	80
56	210	38
58	210	54
62	210	46
75	210	67
79	210	89
80	210	28
83	210	49
85	210	37
89	210	62
90	210	64
95	210	55
96	210	60
97	210	41
98	210	37
100	210	35
101	210	54
104	210	65
105	210	78
106	210	29
108	210	186
111	210	43
114	210	100
116	210	52
117	210	50
121	210	169
122	210	158
123	210	59
124	210	160
127	210	111
128	210	164
129	210	77
130	210	31
133	210	27
135	210	46
139	210	62
142	210	221
# chipNumber: 4
# chipName:   G 10 W69
# numHits:    333
15	210	30
14	209	26
45	202	44
11	200	56
29	198	68
56	194	50
19	193	14
17	190	75
23	190	97
43	183	32
12	182	87
33	181	42
19	179	5
18	178	79
43	177	40
14	176	37
51	175	68
14	174	48
37	174	17
42	174	44
51	174	80
16	173	89
29	173	43
87	173	46
29	172	41
13	169	58
25	169	63
50	168	46
51	167	73
84	167	71
21	166	40
22	166	19
31	166	30
22	165	76
26	163	77
30	163	76
32	161	85
45	154	60
90	154	87
91	154	101
24	148	42
108	146	30
108	145	92
67	144	37
10	143	54
108	143	65
109	143	69
110	143	34
113	143	93
10	142	93
20	142	53
109	142	67
30	141	59
131	141	41
74	140	61
83	139	39
77	137	35
104	133	59
82	132	51
144	130	39
13	128	138
14	127	52
17	127	64
20	126	20
10	125	61
16	125	43
17	125	75
18	125	54
18	124	40
10	123	96
11	123	56
14	123	47
92	123	83
19	122	80
24	121	68
136	121	65
110	120	56
146	119	42
129	118	66
130	117	23
133	117	34
168	117	25
91	116	73
131	116	81
129	115	67
162	115	83
12	114	56
80	114	56
105	114	65
106	114	71
130	113	66
147	113	29
140	112	53
148	112	74
143	111	89
145	111	27
33	110	51
128	110	85
136	110	27
144	109	55
106	108	43
118	108	54
141	108	38
160	108	43
126	107	63
129	107	67
145	107	9
124	106	82
125	106	71
132	106	67
155	106	24
110	105	45
122	105	62
144	105	60
146	105	17
128	104	25
129	103	50
130	103	66
137	103	49
140	103	23
155	103	43
9	102	36
103	102	28
140	102	62
151	102	29
163	102	58
101	101	34
121	101	41
126	101	57
130	101	50
137	101	64
128	100	115
137	100	30
153	100	72
167	100	73
148	99	47
151	99	57
151	98	44
15	97	39
118	97	41
141	97	61
128	96	37
129	96	41
148	96	48
149	96	65
159	96	20
143	95	44
144	95	73
148	95	25
149	95	52
150	95	40
120	94	24
129	94	43
135	94	29
140	94	62
159	94	39
169	94	81
138	93	54
141	93	45
148	93	53
158	93	37
142	92	43
143	92	36
146	92	43
147	92	40
151	92	42
138	91	102
141	91	66
142	91	61
143	91	50
146	91	113
165	91	62
124	90	56
137	90	38
139	90	79
144	90	53
147	90	17
148	90	80
151	90	31
155	90	46
165	90	37
100	89	25
127	89	42
135	89	24
137	89	91
145	89	48
173	89	46
99	88	55
136	88	39
137	88	30
140	88	37
173	88	56
117	87	72
139	87	54
148	87	68
154	87	52
160	87	34
143	86	38
144	86	46
146	86	55
118	85	66
121	85	54
141	85	28
144	85	42
147	85	75
148	85	23
105	84	64
106	84	40
140	84	23
141	84	66
143	84	33
148	84	63
149	84	55
151	84	22
156	84	92
164	84	51
115	83	81
133	83	56
135	83	38
142	83	68
143	83	43
149	83	54
164	83	60
136	82	44
138	82	52
140	82	42
157	82	76
160	82	28
115	81	102
133	81	59
140	81	69
160	81	5
109	80	44
134	80	49
138	80	65
144	80	49
149	80	114
158	80	56
159	80	49
166	80	37
159	79	35
115	78	35
116	78	57
121	78	18
149	77	71
173	77	17
177	77	28
116	76	49
127	76	41
142	76	52
147	76	86
156	76	74
158	76	65
128	75	57
129	75	35
132	75	39
143	75	77
164	75	47
160	74	62
161	74	16
162	74	69
164	74	34
148	73	62
155	72	30
132	71	6
138	71	82
142	71	62
147	71	26
152	71	46
151	69	66
167	69	71
184	69	35
152	68	18
155	68	34
196	67	63
212	67	44
159	66	34
139	65	72
193	64	50
139	63	30
174	63	33
136	62	28
147	62	82
188	61	76
153	60	57
156	60	48
189	58	35
181	57	64
188	57	56
183	54	35
203	53	51
207	53	58
130	51	25
187	51	28
207	49	73
209	49	35
158	47	49
213	47	44
214	47	54
164	46	16
180	46	55
214	45	38
185	41	55
132	40	51
215	40	66
194	39	62
180	38	72
192	37	38
224	37	23
204	35	30
214	35	22
204	34	18
208	34	92
193	32	35
197	32	39
211	32	61
188	29	50
223	27	67
226	27	54
223	25	42
202	19	26
206	18	49
211	18	7
221	17	42
217	16	42
226	16	40
246	15	28
202	14	47
213	14	17
246	14	62
239	7	82
192	6	40
234	1	29
# chipNumber: 5
# chipName:   D 9 W69
# numHits:    78
209	235	15
93	234	14
89	227	8
106	223	30
222	223	23
94	222	87
108	221	29
105	219	19
106	219	46
225	219	53
97	217	38
98	217	56
80	216	28
87	216	19
89	215	45
124	215	49
79	214	37
82	214	22
107	214	37
108	214	14
84	213	52
85	213	47
105	213	45
100	212	49
101	211	42
96	210	17
111	210	21
116	210	33
95	209	34
101	209	26
85	208	25
111	208	20
84	207	49
85	207	54
81	206	27
82	206	7
95	206	37
79	205	24
95	204	17
109	204	15
85	203	116
96	203	18
106	203	39
113	203	26
85	202	29
92	202	20
101	202	23
87	201	39
114	201	19
120	201	5
233	201	26
85	200	22
95	200	18
106	200	37
107	198	17
112	198	20
122	198	55
107	197	41
236	197	41
82	196	32
78	194	44
96	194	15
78	193	17
86	192	44
79	191	15
76	190	54
77	190	34
88	189	28
89	189	16
118	187	46
85	186	36
98	186	17
91	185	89
84	180	36
71	177	49
131	25	42
129	22	42
123	17	24
# chipNumber: 6
# chipName:   L 8 W69
# numHits:    50
33	235	32
166	233	11810
234	203	11810
28	182	46
45	174	31
39	166	20
45	162	32
15	159	18
26	155	62
38	155	91
39	155	44
71	145	14
71	144	39
86	137	80
65	136	28
37	133	40
91	131	22
86	123	36
94	123	14
74	122	72
114	119	20
86	118	16
130	110	29
103	108	48
115	104	16
72	101	24
72	100	14
73	100	19
104	99	14
108	99	17
106	98	28
127	97	49
116	93	16
101	92	41
124	91	30
100	89	78
134	69	51
150	68	57
151	61	27
185	51	3
191	43	22
168	40	33
186	40	24
176	38	30
171	30	52
189	29	26
219	27	23
190	16	8
190	12	35
189	11	17
