## [General]
## runNumber:        241
## runTime:       	 7200
## runTimeFrames: 	 0
## pathName:         data/runs/Run_241_181022-16-16
## dateTime:         2018-10-22.17:39:49
## numChips:         7
## shutterTime:      30
## shutterMode:      verylong
## runMode:          0
## fastClock:        0
## externalTrigger:  0
## [Event]
## eventNumber:      6602
## useHvFadc:    	 1
## fadcReadout:    	 1
## szint1ClockInt:	 0
## szint2ClockInt:	 4095
## fadcTriggerClock: 0
# chipNumber: 0
# chipName:   E 6 W69
# numHits:    0
# chipNumber: 1
# chipName:   K 6 W69
# numHits:    0
# chipNumber: 2
# chipName:   H 9 W69
# numHits:    204
143	151	52
139	147	48
149	147	26
133	146	59
155	144	75
133	143	49
137	143	39
137	142	23
158	142	80
144	141	48
156	141	19
142	140	49
133	138	43
136	138	62
135	137	69
136	137	11
137	137	34
149	137	24
152	137	30
155	137	45
146	135	30
147	135	52
148	135	25
149	135	137
150	135	30
129	134	50
138	134	32
143	134	36
149	134	86
151	134	41
130	133	22
132	133	54
138	133	72
143	133	34
146	133	39
148	133	24
126	132	39
128	132	78
137	132	20
140	132	32
143	132	82
144	132	14
147	132	59
148	132	98
149	132	45
152	132	57
129	131	41
146	131	76
126	130	20
137	130	44
149	130	43
129	129	56
133	129	85
136	129	49
146	129	14
147	129	65
126	128	65
140	128	34
143	128	27
126	127	70
135	127	81
137	127	46
139	127	37
140	127	26
141	127	59
145	127	85
156	127	44
116	126	46
119	126	92
130	126	72
136	126	48
146	126	48
141	125	52
147	125	92
148	125	48
131	124	84
135	124	51
137	124	39
143	124	52
119	123	73
137	123	95
140	123	81
146	123	31
119	122	43
134	122	51
135	122	36
141	122	45
144	122	29
146	122	83
147	122	40
134	121	67
139	121	88
142	121	60
147	121	65
130	120	39
135	120	40
139	120	30
142	120	86
149	120	75
150	120	62
136	119	42
137	119	30
141	119	37
143	119	84
147	119	66
149	119	62
152	119	86
155	119	43
137	118	29
138	118	21
139	118	59
149	118	32
134	117	54
137	117	65
149	117	92
139	116	66
143	116	46
144	116	29
150	116	43
134	115	39
137	115	36
147	115	37
149	115	53
133	111	76
141	110	28
143	110	49
145	110	24
141	109	92
133	107	64
145	107	51
239	87	63
218	67	49
231	67	51
233	67	66
218	66	32
227	66	83
222	61	75
196	57	42
217	57	44
229	56	39
166	55	15
235	53	31
198	52	60
229	52	38
242	52	44
229	51	30
236	51	53
217	50	98
230	50	71
199	49	16
210	48	14
243	48	36
203	47	51
241	47	17
203	46	112
204	46	44
209	46	38
203	45	20
204	45	44
207	43	46
209	43	55
217	42	55
217	41	33
218	39	62
240	39	49
226	38	44
207	37	64
209	37	61
155	36	62
207	35	99
243	35	95
244	35	25
206	34	38
211	34	44
244	34	31
223	33	36
196	30	63
202	30	64
205	30	52
214	27	48
209	26	24
236	26	36
161	25	70
237	25	74
230	24	52
224	23	34
173	22	58
143	21	66
209	20	24
222	20	70
115	19	69
189	19	69
203	19	46
156	18	68
198	18	57
169	17	52
217	17	49
167	16	78
231	16	55
233	16	18
167	15	50
231	15	19
130	14	28
229	8	90
# chipNumber: 3
# chipName:   H 10 W69
# numHits:    20401
106	180	47
110	180	63
121	180	24
122	180	59
130	180	38
137	180	47
139	180	38
141	180	81
142	180	62
145	180	70
146	180	79
147	180	96
149	180	75
152	180	69
153	180	61
154	180	24
156	180	59
158	180	22
162	180	30
164	180	98
165	180	165
166	180	60
168	180	14
169	180	18
170	180	58
172	180	23
173	180	114
174	180	59
175	180	147
176	180	176
177	180	161
178	180	124
179	180	26
181	180	90
182	180	49
183	180	53
184	180	128
185	180	113
187	180	167
189	180	92
190	180	108
191	180	66
194	180	15
196	180	80
199	180	28
200	180	144
208	180	83
213	180	79
214	180	62
219	180	26
221	180	62
222	180	46
223	180	60
229	180	57
232	180	54
237	180	85
14	179	131
19	179	92
22	179	56
27	179	45
28	179	15
30	179	79
33	179	51
38	179	161
46	179	70
47	179	69
50	179	169
54	179	25
56	179	121
57	179	84
58	179	87
59	179	35
60	179	93
62	179	79
63	179	70
64	179	51
65	179	117
67	179	60
69	179	70
52	245	45
75	244	60
76	244	31
79	244	159
84	244	75
86	244	71
88	244	51
90	244	74
91	244	30
96	244	33
97	244	55
172	244	44
188	244	71
204	244	69
37	243	24
47	243	69
73	243	46
77	243	97
90	243	47
97	243	85
115	243	28
121	243	42
122	243	62
129	243	82
164	243	52
167	243	14
175	243	30
194	243	46
32	242	37
56	242	45
66	242	26
70	242	52
74	242	47
76	242	81
77	242	28
79	242	45
91	242	30
92	242	67
99	242	16
101	242	38
102	242	59
106	242	89
124	242	76
128	242	72
133	242	49
166	242	39
180	242	28
182	242	69
187	242	66
17	241	33
21	241	45
32	241	93
45	241	64
52	241	56
53	241	66
67	241	41
68	241	76
72	241	26
80	241	51
81	241	67
86	241	58
89	241	37
91	241	65
93	241	71
103	241	87
104	241	57
107	241	29
118	241	54
122	241	65
144	241	67
157	241	84
170	241	72
183	241	69
199	241	40
39	240	64
41	240	70
42	240	66
55	240	87
68	240	23
70	240	84
71	240	75
72	240	60
73	240	85
75	240	68
76	240	88
80	240	67
82	240	52
87	240	41
89	240	90
90	240	46
92	240	97
106	240	70
113	240	59
115	240	22
118	240	56
131	240	21
135	240	85
136	240	82
161	240	45
163	240	104
168	240	65
170	240	135
173	240	74
183	240	28
184	240	76
185	240	46
187	240	42
30	239	29
44	239	66
50	239	113
63	239	55
68	239	15
83	239	61
89	239	29
90	239	116
92	239	71
94	239	110
99	239	60
100	239	93
101	239	42
102	239	33
105	239	84
109	239	39
131	239	49
134	239	44
135	239	49
139	239	15
147	239	54
150	239	70
157	239	46
168	239	43
172	239	64
173	239	37
175	239	49
179	239	55
195	239	13
21	238	63
47	238	56
49	238	25
52	238	25
66	238	57
68	238	49
72	238	42
87	238	49
91	238	40
95	238	54
96	238	58
99	238	17
103	238	114
104	238	111
109	238	17
112	238	63
124	238	62
137	238	77
139	238	68
140	238	62
142	238	63
149	238	44
154	238	46
156	238	44
157	238	66
158	238	23
161	238	45
165	238	59
167	238	20
168	238	52
174	238	4
178	238	38
181	238	63
183	238	86
184	238	80
21	237	38
22	237	41
24	237	60
38	237	60
45	237	28
49	237	68
51	237	84
55	237	70
60	237	80
70	237	14
72	237	110
73	237	24
81	237	47
82	237	65
83	237	96
84	237	32
90	237	102
91	237	69
92	237	47
99	237	53
100	237	99
138	237	37
143	237	95
145	237	90
147	237	37
152	237	52
154	237	41
157	237	80
164	237	40
165	237	17
168	237	94
170	237	32
173	237	81
178	237	75
179	237	15
180	237	103
181	237	161
186	237	67
199	237	24
213	237	78
40	236	72
49	236	127
60	236	38
63	236	33
64	236	53
65	236	36
68	236	71
77	236	122
82	236	18
83	236	22
86	236	38
87	236	43
88	236	56
90	236	86
91	236	21
101	236	48
102	236	68
105	236	130
118	236	21
141	236	84
144	236	66
154	236	52
160	236	92
168	236	25
169	236	62
171	236	42
173	236	22
176	236	32
178	236	32
179	236	15
182	236	58
183	236	35
187	236	73
196	236	51
29	235	83
46	235	37
47	235	59
49	235	77
50	235	54
55	235	14
65	235	51
74	235	32
76	235	46
78	235	60
79	235	21
83	235	62
90	235	46
91	235	37
94	235	23
96	235	62
98	235	84
99	235	38
101	235	51
102	235	52
104	235	57
110	235	26
113	235	35
121	235	40
128	235	34
134	235	27
138	235	47
145	235	17
151	235	42
152	235	48
161	235	49
162	235	60
163	235	25
164	235	37
167	235	42
169	235	87
172	235	61
175	235	44
176	235	15
177	235	47
193	235	22
194	235	32
198	235	64
200	235	54
206	235	31
11	234	43
22	234	45
27	234	50
29	234	24
38	234	42
43	234	62
49	234	93
51	234	52
54	234	51
63	234	48
68	234	33
72	234	46
76	234	44
79	234	41
82	234	129
83	234	88
84	234	32
85	234	35
88	234	117
90	234	147
91	234	148
92	234	78
93	234	48
95	234	36
96	234	80
97	234	76
99	234	44
100	234	75
107	234	64
119	234	55
120	234	67
144	234	20
147	234	5
149	234	41
153	234	77
161	234	54
165	234	22
169	234	60
171	234	91
172	234	80
173	234	105
175	234	66
177	234	10
178	234	53
185	234	19
187	234	69
191	234	34
194	234	49
208	234	65
18	233	60
28	233	60
41	233	83
53	233	37
55	233	17
64	233	87
65	233	52
67	233	34
68	233	75
69	233	90
70	233	30
72	233	27
73	233	88
74	233	20
76	233	45
78	233	35
79	233	36
80	233	33
83	233	42
84	233	47
85	233	120
86	233	51
90	233	65
91	233	23
92	233	66
94	233	47
95	233	40
96	233	15
98	233	60
100	233	51
101	233	68
102	233	42
103	233	25
106	233	36
108	233	87
119	233	44
152	233	93
153	233	20
157	233	73
164	233	38
165	233	15
166	233	55
174	233	37
176	233	52
182	233	26
183	233	85
185	233	36
187	233	23
188	233	56
189	233	77
193	233	21
199	233	49
18	232	45
30	232	62
42	232	81
43	232	90
55	232	49
57	232	65
58	232	32
64	232	125
65	232	50
68	232	65
69	232	66
71	232	56
74	232	40
76	232	83
77	232	37
79	232	31
84	232	56
85	232	54
87	232	75
88	232	38
89	232	44
90	232	38
95	232	58
96	232	200
97	232	68
98	232	91
103	232	46
106	232	82
107	232	29
108	232	76
109	232	48
119	232	43
120	232	51
127	232	66
150	232	60
154	232	73
156	232	56
161	232	18
165	232	59
169	232	38
174	232	81
175	232	48
179	232	32
183	232	47
186	232	166
187	232	31
188	232	43
193	232	49
194	232	22
195	232	35
205	232	85
15	231	49
38	231	27
41	231	43
43	231	18
44	231	133
49	231	15
50	231	29
54	231	86
59	231	113
64	231	52
66	231	54
69	231	67
70	231	54
72	231	49
73	231	20
74	231	31
75	231	15
78	231	48
84	231	110
85	231	19
86	231	126
87	231	113
89	231	129
93	231	54
96	231	31
97	231	25
100	231	51
103	231	136
106	231	30
112	231	151
114	231	61
121	231	49
130	231	32
153	231	82
158	231	65
162	231	71
163	231	54
169	231	47
173	231	66
174	231	61
177	231	59
179	231	56
193	231	72
197	231	26
199	231	24
203	231	67
27	230	45
29	230	68
30	230	99
38	230	33
39	230	48
42	230	60
43	230	38
46	230	122
50	230	26
51	230	99
52	230	30
59	230	56
61	230	40
62	230	124
66	230	25
68	230	95
70	230	13
73	230	46
76	230	51
77	230	82
81	230	109
82	230	55
85	230	69
87	230	22
88	230	214
94	230	70
97	230	44
98	230	74
100	230	45
101	230	87
111	230	48
112	230	100
113	230	85
121	230	52
122	230	80
127	230	39
133	230	33
140	230	51
141	230	49
147	230	55
148	230	53
149	230	37
154	230	137
155	230	21
156	230	77
158	230	26
159	230	94
161	230	144
163	230	38
165	230	46
172	230	54
173	230	110
183	230	40
184	230	43
186	230	93
187	230	75
193	230	68
197	230	57
18	229	20
22	229	43
25	229	60
27	229	28
31	229	33
38	229	28
42	229	27
51	229	24
52	229	53
56	229	30
60	229	96
62	229	70
63	229	84
67	229	51
71	229	57
73	229	50
74	229	144
77	229	113
79	229	31
80	229	38
82	229	9
83	229	85
84	229	57
86	229	63
87	229	50
88	229	120
89	229	41
95	229	112
96	229	29
105	229	158
119	229	87
122	229	52
123	229	60
130	229	73
132	229	76
139	229	42
141	229	156
146	229	27
151	229	51
155	229	55
157	229	133
160	229	37
161	229	60
165	229	25
166	229	48
167	229	58
174	229	54
176	229	46
177	229	74
183	229	21
192	229	69
194	229	55
198	229	28
211	229	107
234	229	29
14	228	50
20	228	47
22	228	49
23	228	16
28	228	65
29	228	64
30	228	70
33	228	170
43	228	46
50	228	40
57	228	67
58	228	56
61	228	67
63	228	55
65	228	65
66	228	119
67	228	47
72	228	18
73	228	32
76	228	45
77	228	42
78	228	32
81	228	21
82	228	119
84	228	49
88	228	53
93	228	85
100	228	41
103	228	94
105	228	70
106	228	62
114	228	64
120	228	83
126	228	54
129	228	34
137	228	54
140	228	23
144	228	23
147	228	64
150	228	59
151	228	46
153	228	70
155	228	49
157	228	66
158	228	60
160	228	161
161	228	85
162	228	51
167	228	69
168	228	63
169	228	92
170	228	30
176	228	52
178	228	85
182	228	63
184	228	54
185	228	36
187	228	57
204	228	51
23	227	79
32	227	78
33	227	36
36	227	68
39	227	54
42	227	61
45	227	66
47	227	22
48	227	26
49	227	57
51	227	38
52	227	40
54	227	53
56	227	74
57	227	37
59	227	22
60	227	62
62	227	23
64	227	22
65	227	109
67	227	62
68	227	40
69	227	59
74	227	51
76	227	49
77	227	87
78	227	95
79	227	66
87	227	120
90	227	88
93	227	59
94	227	51
97	227	55
101	227	21
115	227	56
120	227	29
128	227	19
131	227	27
132	227	32
138	227	30
140	227	101
141	227	49
145	227	23
146	227	104
150	227	43
152	227	79
155	227	59
157	227	57
162	227	58
165	227	29
167	227	69
169	227	34
170	227	52
174	227	66
175	227	41
180	227	65
181	227	49
182	227	37
185	227	65
187	227	47
188	227	39
195	227	53
206	227	35
217	227	30
32	226	61
37	226	31
38	226	58
39	226	48
45	226	22
46	226	95
47	226	47
48	226	83
51	226	42
54	226	40
57	226	87
58	226	76
65	226	140
66	226	50
67	226	31
70	226	43
71	226	72
73	226	62
76	226	101
79	226	75
80	226	19
85	226	47
91	226	117
92	226	46
93	226	73
96	226	80
97	226	109
99	226	49
102	226	43
107	226	77
108	226	61
114	226	67
120	226	56
127	226	55
131	226	92
132	226	36
139	226	53
141	226	27
142	226	83
153	226	37
154	226	61
160	226	126
164	226	23
165	226	13
167	226	63
170	226	81
172	226	42
174	226	48
175	226	65
181	226	52
183	226	107
184	226	73
185	226	54
187	226	41
190	226	83
191	226	95
194	226	45
197	226	137
13	225	45
25	225	49
26	225	87
28	225	37
44	225	28
45	225	41
48	225	100
52	225	66
54	225	27
55	225	65
56	225	50
57	225	74
61	225	61
62	225	69
67	225	82
69	225	106
70	225	61
71	225	87
74	225	54
75	225	70
78	225	62
79	225	69
80	225	22
81	225	36
83	225	17
85	225	82
86	225	43
88	225	101
93	225	75
96	225	57
98	225	29
99	225	117
100	225	139
101	225	45
108	225	55
117	225	71
120	225	65
121	225	54
127	225	29
129	225	42
136	225	71
138	225	29
139	225	40
140	225	87
142	225	56
143	225	45
154	225	69
155	225	29
158	225	58
159	225	42
160	225	115
162	225	113
164	225	57
165	225	15
167	225	142
168	225	61
170	225	60
171	225	22
174	225	86
181	225	11
182	225	67
183	225	112
184	225	79
185	225	17
186	225	99
189	225	37
192	225	59
194	225	63
199	225	49
235	225	14
24	224	35
29	224	65
41	224	96
42	224	20
50	224	35
51	224	102
53	224	47
54	224	34
62	224	50
64	224	103
66	224	54
68	224	24
74	224	81
76	224	44
77	224	19
78	224	66
79	224	39
82	224	29
84	224	29
88	224	70
90	224	51
93	224	160
94	224	71
96	224	120
98	224	82
104	224	66
106	224	25
108	224	53
120	224	44
124	224	50
126	224	45
132	224	38
134	224	40
139	224	25
144	224	78
147	224	56
149	224	57
150	224	39
157	224	84
158	224	72
159	224	64
162	224	56
163	224	46
164	224	136
166	224	72
167	224	57
169	224	47
172	224	36
173	224	97
174	224	121
180	224	30
186	224	87
187	224	92
192	224	48
194	224	46
208	224	61
227	224	17
235	224	48
18	223	29
21	223	33
36	223	71
42	223	72
44	223	66
46	223	73
48	223	31
53	223	79
55	223	2
58	223	148
63	223	58
68	223	53
69	223	48
71	223	106
73	223	81
74	223	53
76	223	23
81	223	124
82	223	37
83	223	42
89	223	66
90	223	57
92	223	9
93	223	66
95	223	87
97	223	92
98	223	122
103	223	22
106	223	97
114	223	16
120	223	77
130	223	17
141	223	53
144	223	54
148	223	43
152	223	28
155	223	41
156	223	164
158	223	34
159	223	52
160	223	54
161	223	81
162	223	96
164	223	90
165	223	45
166	223	14
168	223	92
170	223	103
172	223	58
175	223	39
176	223	146
177	223	16
178	223	88
179	223	81
180	223	95
181	223	29
186	223	80
193	223	66
194	223	24
197	223	70
200	223	46
206	223	42
14	222	46
19	222	18
29	222	71
31	222	15
32	222	73
44	222	128
45	222	56
46	222	115
47	222	22
48	222	90
50	222	53
54	222	61
55	222	29
56	222	64
57	222	75
58	222	156
60	222	25
61	222	41
62	222	32
63	222	60
64	222	49
67	222	50
69	222	57
70	222	122
71	222	67
73	222	79
76	222	31
78	222	99
81	222	76
85	222	34
86	222	24
92	222	38
93	222	137
94	222	15
95	222	101
96	222	35
97	222	93
98	222	68
100	222	109
103	222	71
107	222	25
108	222	36
109	222	75
112	222	74
115	222	48
120	222	77
122	222	16
123	222	50
127	222	63
149	222	35
150	222	45
151	222	79
155	222	57
156	222	56
159	222	15
161	222	69
163	222	143
164	222	196
172	222	36
173	222	146
174	222	61
177	222	175
178	222	79
181	222	142
183	222	69
189	222	40
191	222	84
194	222	42
221	222	97
20	221	67
27	221	26
32	221	11
39	221	54
43	221	14
46	221	60
48	221	92
49	221	39
52	221	73
53	221	52
54	221	44
56	221	66
60	221	67
63	221	58
68	221	80
71	221	43
74	221	55
76	221	162
77	221	57
80	221	47
84	221	86
86	221	81
88	221	194
89	221	52
90	221	57
93	221	92
94	221	62
96	221	30
101	221	12
107	221	90
108	221	118
114	221	43
121	221	55
123	221	24
127	221	34
134	221	15
138	221	82
142	221	98
148	221	48
155	221	38
156	221	61
157	221	150
159	221	106
160	221	88
161	221	80
162	221	97
166	221	26
170	221	20
175	221	67
176	221	47
181	221	61
182	221	90
183	221	52
184	221	63
186	221	117
187	221	39
192	221	19
199	221	105
221	221	30
14	220	54
19	220	44
23	220	32
26	220	15
27	220	52
30	220	51
39	220	78
45	220	35
47	220	19
49	220	80
50	220	30
51	220	42
53	220	4
58	220	88
61	220	110
63	220	75
67	220	70
68	220	39
69	220	83
72	220	125
73	220	71
75	220	115
77	220	26
78	220	117
85	220	47
86	220	46
87	220	49
88	220	36
95	220	66
97	220	31
100	220	68
104	220	36
105	220	33
110	220	64
119	220	70
121	220	29
129	220	70
131	220	56
134	220	44
137	220	29
140	220	29
144	220	26
151	220	51
153	220	76
155	220	22
156	220	59
157	220	193
158	220	90
160	220	27
163	220	62
164	220	23
168	220	75
169	220	103
172	220	80
173	220	79
174	220	10
175	220	120
176	220	64
180	220	79
181	220	57
192	220	103
193	220	19
216	220	24
219	220	65
19	219	83
34	219	33
38	219	131
41	219	57
44	219	32
48	219	125
51	219	55
52	219	25
54	219	65
55	219	33
56	219	39
57	219	68
58	219	74
60	219	16
62	219	125
63	219	32
64	219	125
67	219	29
70	219	110
72	219	75
74	219	139
75	219	80
76	219	67
78	219	26
79	219	39
80	219	55
81	219	41
83	219	68
84	219	34
86	219	71
88	219	33
90	219	39
97	219	63
100	219	25
101	219	72
102	219	43
103	219	54
109	219	32
110	219	45
111	219	61
112	219	36
123	219	46
129	219	41
134	219	166
136	219	73
143	219	41
150	219	67
151	219	109
152	219	17
154	219	229
157	219	36
159	219	53
160	219	54
161	219	76
165	219	23
166	219	33
167	219	63
168	219	117
169	219	46
170	219	57
172	219	84
173	219	17
174	219	68
175	219	133
177	219	49
179	219	74
183	219	64
184	219	65
192	219	62
195	219	94
199	219	8
204	219	33
208	219	49
25	218	75
27	218	31
30	218	48
32	218	79
35	218	31
36	218	185
37	218	37
39	218	59
40	218	26
49	218	46
50	218	96
52	218	15
56	218	52
57	218	66
60	218	96
67	218	50
68	218	29
69	218	75
72	218	44
73	218	43
74	218	13
76	218	45
77	218	58
78	218	20
79	218	55
80	218	126
81	218	52
82	218	196
84	218	81
86	218	80
87	218	125
92	218	63
100	218	31
104	218	51
105	218	67
108	218	70
109	218	79
110	218	47
113	218	99
118	218	83
121	218	30
122	218	54
123	218	26
124	218	15
127	218	51
130	218	66
133	218	56
136	218	7
138	218	36
143	218	86
145	218	47
146	218	56
150	218	98
151	218	36
152	218	69
154	218	173
156	218	51
157	218	45
159	218	30
161	218	42
162	218	102
163	218	84
164	218	20
165	218	92
166	218	11
167	218	83
168	218	14
170	218	14
172	218	159
173	218	42
174	218	66
176	218	47
178	218	41
184	218	72
185	218	56
187	218	84
189	218	94
193	218	91
194	218	33
195	218	23
196	218	83
209	218	12
13	217	113
22	217	13
25	217	19
33	217	27
37	217	41
38	217	125
39	217	60
40	217	34
46	217	36
47	217	54
48	217	61
49	217	118
61	217	86
63	217	86
66	217	74
67	217	67
70	217	45
71	217	38
72	217	41
78	217	57
79	217	158
83	217	31
84	217	27
89	217	153
91	217	68
95	217	60
96	217	59
98	217	34
100	217	41
101	217	63
104	217	43
105	217	69
106	217	54
107	217	76
111	217	59
114	217	62
119	217	47
120	217	21
125	217	80
128	217	43
133	217	58
137	217	41
138	217	31
142	217	88
145	217	53
147	217	53
151	217	60
154	217	35
155	217	33
156	217	105
158	217	82
164	217	89
166	217	167
167	217	65
171	217	33
172	217	256
173	217	85
174	217	79
175	217	67
178	217	172
185	217	27
188	217	30
189	217	35
191	217	47
195	217	33
196	217	78
200	217	25
204	217	64
208	217	91
11	216	54
16	216	45
21	216	57
24	216	33
27	216	66
33	216	54
34	216	64
35	216	56
44	216	59
45	216	75
46	216	66
49	216	61
52	216	66
56	216	49
58	216	64
59	216	44
60	216	95
61	216	78
70	216	76
72	216	56
73	216	11
76	216	26
77	216	124
79	216	144
80	216	72
83	216	47
88	216	66
89	216	76
90	216	48
93	216	138
94	216	102
106	216	134
107	216	18
113	216	54
115	216	50
126	216	90
128	216	63
129	216	56
135	216	43
138	216	54
140	216	86
141	216	49
145	216	37
149	216	95
151	216	47
154	216	46
158	216	92
160	216	131
161	216	56
162	216	181
163	216	22
164	216	80
167	216	49
171	216	93
172	216	101
174	216	107
175	216	58
178	216	28
179	216	48
194	216	59
198	216	47
202	216	34
208	216	10
212	216	87
213	216	51
232	216	74
35	215	33
42	215	114
44	215	30
47	215	62
48	215	63
53	215	52
54	215	58
55	215	52
57	215	15
61	215	88
64	215	46
66	215	46
69	215	41
70	215	35
71	215	19
73	215	47
75	215	70
79	215	64
80	215	54
81	215	21
83	215	72
84	215	49
87	215	78
88	215	22
90	215	104
93	215	23
97	215	74
110	215	81
112	215	30
114	215	63
118	215	12
125	215	58
127	215	18
129	215	62
135	215	79
136	215	50
141	215	38
142	215	69
147	215	23
152	215	39
153	215	40
154	215	77
155	215	126
158	215	45
159	215	84
161	215	63
163	215	52
164	215	77
165	215	62
166	215	59
167	215	87
170	215	50
174	215	47
176	215	56
178	215	80
184	215	96
185	215	57
186	215	55
187	215	96
188	215	16
191	215	59
192	215	73
196	215	52
203	215	65
210	215	67
212	215	71
240	215	51
17	214	49
21	214	80
22	214	19
25	214	65
27	214	54
35	214	30
36	214	22
37	214	37
47	214	62
48	214	64
50	214	56
52	214	101
53	214	41
55	214	116
57	214	132
59	214	76
60	214	66
66	214	51
68	214	148
69	214	35
70	214	34
71	214	37
72	214	37
78	214	124
82	214	83
85	214	30
86	214	18
88	214	65
89	214	26
94	214	43
97	214	85
102	214	49
119	214	32
120	214	44
122	214	36
124	214	53
126	214	62
128	214	79
132	214	78
136	214	84
138	214	48
141	214	46
145	214	62
156	214	57
158	214	50
160	214	65
161	214	17
163	214	42
168	214	146
171	214	49
172	214	45
175	214	49
176	214	41
177	214	135
179	214	117
180	214	163
181	214	37
182	214	45
183	214	60
185	214	48
187	214	29
188	214	46
189	214	42
193	214	32
196	214	53
203	214	89
204	214	57
233	214	76
19	213	40
20	213	92
22	213	65
25	213	32
33	213	38
40	213	33
44	213	88
45	213	59
51	213	7
53	213	139
58	213	45
59	213	22
63	213	39
64	213	46
65	213	27
66	213	32
67	213	109
68	213	71
69	213	63
70	213	65
71	213	127
73	213	13
74	213	28
75	213	60
76	213	51
83	213	46
87	213	153
91	213	30
95	213	32
96	213	46
99	213	26
101	213	47
102	213	76
108	213	38
109	213	16
110	213	46
111	213	103
113	213	54
117	213	59
120	213	65
123	213	38
142	213	13
146	213	59
147	213	41
150	213	38
152	213	17
155	213	48
156	213	32
157	213	65
159	213	118
162	213	53
163	213	53
164	213	3
171	213	62
176	213	52
177	213	58
180	213	22
183	213	62
185	213	38
187	213	134
188	213	21
189	213	78
190	213	88
193	213	127
201	213	86
203	213	76
204	213	76
213	213	11
217	213	81
218	213	27
29	212	17
34	212	108
35	212	31
36	212	74
37	212	96
41	212	11
44	212	60
45	212	28
56	212	56
57	212	22
58	212	43
59	212	28
64	212	56
70	212	80
71	212	60
73	212	52
74	212	85
78	212	79
82	212	76
83	212	35
89	212	23
91	212	25
92	212	27
97	212	75
100	212	94
103	212	13
104	212	148
110	212	37
116	212	65
117	212	4
120	212	55
122	212	35
127	212	55
128	212	92
136	212	47
137	212	41
142	212	52
147	212	71
148	212	55
149	212	26
153	212	41
157	212	37
159	212	49
161	212	62
162	212	21
168	212	60
170	212	57
173	212	121
175	212	49
176	212	107
177	212	175
183	212	103
188	212	152
191	212	40
195	212	43
202	212	65
203	212	37
218	212	76
222	212	67
226	212	83
229	212	72
15	211	51
24	211	81
31	211	37
33	211	56
36	211	85
43	211	17
45	211	44
50	211	39
51	211	68
54	211	44
59	211	27
60	211	65
67	211	46
68	211	52
72	211	50
74	211	121
75	211	53
76	211	26
82	211	19
88	211	78
89	211	52
90	211	63
91	211	83
92	211	118
94	211	72
103	211	106
104	211	88
114	211	71
122	211	102
128	211	41
129	211	42
133	211	50
136	211	83
144	211	49
145	211	34
146	211	39
147	211	44
148	211	67
149	211	65
154	211	48
157	211	127
158	211	70
159	211	47
160	211	50
161	211	104
162	211	95
163	211	127
164	211	70
165	211	14
166	211	85
168	211	75
170	211	86
171	211	53
172	211	114
173	211	35
176	211	68
180	211	98
185	211	62
186	211	60
187	211	72
189	211	42
191	211	108
195	211	93
199	211	90
200	211	74
209	211	36
211	211	42
218	211	42
24	210	7
26	210	45
31	210	25
32	210	146
33	210	24
34	210	77
35	210	43
37	210	41
41	210	80
45	210	54
46	210	38
49	210	72
52	210	166
54	210	67
55	210	61
62	210	30
65	210	40
75	210	43
81	210	74
82	210	65
84	210	29
85	210	47
87	210	53
88	210	49
90	210	42
92	210	36
95	210	56
96	210	74
102	210	53
106	210	52
107	210	118
109	210	66
114	210	22
116	210	65
121	210	153
125	210	49
129	210	59
133	210	49
135	210	62
137	210	52
138	210	44
140	210	14
142	210	89
144	210	131
146	210	46
148	210	97
150	210	61
153	210	97
156	210	74
158	210	24
160	210	215
161	210	95
163	210	133
164	210	57
165	210	26
166	210	65
167	210	36
171	210	78
172	210	225
174	210	223
176	210	118
177	210	131
179	210	105
181	210	152
182	210	143
184	210	63
185	210	62
186	210	93
190	210	50
197	210	75
204	210	121
244	210	96
20	209	62
24	209	69
37	209	25
38	209	112
42	209	78
43	209	60
45	209	69
47	209	34
52	209	96
53	209	166
57	209	62
59	209	70
62	209	60
65	209	53
69	209	96
71	209	82
72	209	51
73	209	47
78	209	88
81	209	31
82	209	69
83	209	43
85	209	124
87	209	51
88	209	25
90	209	26
92	209	53
95	209	45
96	209	9
100	209	37
101	209	38
105	209	36
106	209	142
108	209	44
110	209	56
111	209	99
117	209	43
118	209	37
119	209	71
121	209	39
122	209	34
127	209	72
131	209	49
132	209	37
136	209	43
137	209	33
139	209	78
140	209	55
141	209	34
146	209	56
152	209	75
153	209	36
154	209	42
160	209	150
161	209	58
162	209	57
163	209	54
164	209	59
165	209	56
167	209	78
168	209	22
169	209	34
170	209	54
171	209	45
172	209	46
175	209	79
179	209	60
188	209	59
189	209	59
199	209	53
208	209	42
213	209	51
235	209	51
242	209	78
244	209	12
24	208	26
26	208	67
28	208	51
31	208	44
36	208	132
43	208	97
44	208	64
47	208	117
57	208	26
58	208	35
59	208	20
60	208	71
62	208	39
63	208	34
66	208	126
67	208	69
68	208	41
69	208	45
70	208	83
74	208	11
75	208	38
79	208	40
80	208	62
81	208	31
82	208	79
83	208	71
85	208	44
86	208	65
90	208	22
91	208	60
92	208	66
93	208	88
94	208	40
97	208	109
98	208	88
99	208	65
101	208	63
106	208	80
107	208	6
108	208	30
109	208	13
119	208	76
120	208	94
121	208	86
122	208	80
129	208	76
130	208	137
132	208	32
133	208	86
134	208	55
140	208	71
146	208	16
147	208	70
150	208	62
152	208	138
156	208	92
158	208	125
161	208	45
162	208	95
163	208	64
166	208	53
167	208	56
168	208	38
169	208	28
171	208	74
172	208	195
173	208	79
174	208	26
178	208	134
180	208	79
181	208	77
182	208	68
183	208	50
184	208	22
186	208	105
187	208	67
191	208	22
196	208	103
197	208	41
206	208	53
13	207	74
24	207	54
36	207	77
37	207	112
38	207	45
44	207	55
45	207	57
46	207	81
50	207	57
53	207	24
54	207	51
64	207	28
65	207	18
66	207	40
67	207	30
69	207	40
71	207	58
74	207	68
76	207	215
77	207	55
79	207	145
81	207	14
83	207	56
84	207	125
85	207	54
91	207	127
95	207	66
96	207	118
97	207	88
100	207	82
101	207	44
103	207	22
104	207	18
108	207	100
109	207	55
110	207	51
111	207	95
112	207	40
118	207	29
119	207	14
131	207	76
132	207	37
134	207	36
135	207	60
136	207	40
137	207	9
139	207	73
141	207	14
142	207	76
143	207	49
144	207	49
146	207	87
148	207	52
149	207	69
150	207	42
152	207	43
154	207	74
156	207	49
157	207	62
158	207	74
167	207	84
168	207	102
170	207	106
172	207	15
176	207	86
180	207	37
181	207	41
182	207	61
183	207	22
184	207	37
186	207	119
187	207	123
190	207	81
209	207	49
218	207	22
232	207	49
26	206	128
31	206	55
36	206	67
37	206	16
41	206	23
44	206	62
45	206	77
46	206	49
48	206	37
51	206	43
58	206	61
59	206	41
63	206	52
67	206	68
68	206	56
69	206	110
70	206	11
71	206	47
74	206	49
76	206	66
77	206	137
78	206	71
79	206	75
81	206	13
87	206	33
94	206	55
95	206	78
100	206	91
105	206	57
106	206	64
108	206	39
118	206	98
120	206	40
125	206	45
128	206	20
131	206	44
135	206	24
136	206	62
137	206	59
138	206	44
141	206	55
150	206	185
156	206	51
159	206	47
160	206	85
162	206	114
163	206	163
167	206	128
170	206	35
175	206	77
177	206	54
178	206	9
180	206	58
183	206	14
185	206	61
192	206	26
193	206	51
194	206	84
201	206	44
205	206	33
206	206	75
210	206	57
23	205	38
26	205	60
35	205	38
40	205	38
42	205	14
45	205	148
52	205	20
53	205	71
56	205	20
57	205	27
59	205	88
60	205	30
69	205	152
70	205	66
75	205	57
76	205	78
77	205	22
84	205	18
85	205	67
88	205	33
90	205	18
91	205	70
93	205	69
98	205	68
99	205	50
103	205	33
110	205	46
113	205	73
115	205	26
117	205	64
120	205	103
121	205	124
130	205	27
140	205	163
141	205	12
144	205	43
145	205	49
146	205	52
147	205	23
149	205	63
150	205	23
152	205	69
159	205	93
160	205	54
161	205	42
164	205	50
166	205	82
167	205	51
169	205	138
177	205	31
178	205	31
181	205	72
190	205	43
191	205	124
197	205	39
198	205	64
199	205	24
206	205	71
231	205	74
8	204	70
13	204	25
14	204	59
16	204	38
35	204	19
36	204	28
37	204	77
38	204	75
39	204	89
40	204	68
45	204	26
47	204	51
51	204	64
53	204	96
54	204	84
56	204	59
57	204	65
58	204	43
63	204	38
65	204	60
71	204	44
72	204	45
74	204	65
77	204	46
81	204	101
83	204	68
84	204	37
85	204	32
86	204	74
87	204	116
88	204	30
89	204	160
92	204	60
94	204	9
103	204	71
104	204	47
108	204	46
116	204	59
117	204	34
120	204	109
121	204	51
122	204	17
126	204	59
133	204	73
136	204	46
138	204	66
141	204	19
142	204	18
143	204	96
146	204	48
147	204	24
156	204	115
157	204	157
159	204	72
160	204	28
162	204	48
163	204	14
165	204	119
167	204	41
168	204	73
171	204	86
172	204	50
173	204	60
175	204	17
176	204	75
178	204	60
179	204	78
180	204	38
181	204	33
183	204	11
184	204	44
188	204	86
189	204	65
193	204	71
199	204	56
201	204	34
202	204	4
203	204	60
204	204	91
207	204	62
210	204	67
211	204	12
212	204	85
219	204	25
9	203	94
16	203	17
17	203	36
30	203	79
36	203	96
42	203	69
47	203	106
49	203	64
50	203	31
56	203	45
57	203	15
60	203	58
61	203	68
63	203	142
66	203	74
70	203	22
71	203	56
72	203	56
78	203	34
79	203	51
82	203	21
83	203	18
86	203	52
88	203	33
92	203	80
93	203	76
94	203	60
95	203	62
98	203	90
109	203	83
113	203	23
123	203	36
128	203	57
129	203	20
132	203	47
134	203	67
135	203	12
139	203	117
141	203	37
142	203	66
143	203	63
145	203	60
146	203	62
150	203	40
151	203	108
155	203	47
156	203	78
158	203	49
160	203	49
161	203	141
165	203	55
166	203	15
167	203	25
169	203	34
170	203	42
174	203	28
175	203	72
178	203	85
181	203	25
183	203	90
186	203	57
187	203	58
194	203	54
195	203	38
196	203	37
202	203	17
210	203	60
219	203	68
222	203	89
18	202	58
21	202	66
25	202	38
26	202	36
30	202	65
41	202	62
45	202	59
59	202	38
61	202	34
63	202	31
64	202	46
65	202	50
66	202	59
67	202	53
69	202	38
73	202	123
74	202	19
76	202	34
77	202	37
79	202	26
81	202	39
85	202	56
86	202	52
91	202	28
92	202	48
94	202	109
103	202	84
105	202	133
110	202	48
114	202	52
115	202	51
116	202	82
122	202	72
125	202	69
127	202	81
128	202	59
129	202	49
142	202	65
143	202	87
144	202	60
146	202	71
149	202	34
150	202	60
151	202	62
152	202	108
154	202	80
157	202	34
158	202	32
159	202	63
162	202	42
165	202	54
168	202	23
170	202	70
171	202	52
175	202	54
176	202	62
177	202	55
179	202	147
185	202	65
186	202	66
192	202	51
200	202	41
202	202	90
210	202	52
216	202	52
221	202	53
232	202	80
26	201	77
29	201	22
30	201	33
31	201	45
34	201	53
35	201	82
37	201	98
38	201	58
41	201	43
44	201	106
52	201	22
57	201	57
58	201	130
59	201	15
62	201	49
65	201	45
66	201	72
71	201	31
72	201	82
89	201	89
90	201	100
92	201	53
93	201	68
94	201	203
102	201	57
108	201	25
110	201	66
120	201	75
123	201	126
125	201	44
127	201	36
130	201	51
131	201	105
135	201	31
136	201	46
138	201	62
142	201	84
143	201	30
145	201	26
147	201	47
148	201	182
149	201	36
150	201	87
151	201	32
154	201	74
155	201	96
157	201	19
171	201	19
172	201	95
175	201	33
176	201	113
177	201	40
178	201	79
180	201	61
184	201	110
187	201	121
189	201	98
191	201	72
201	201	64
202	201	71
205	201	79
217	201	38
219	201	38
224	201	56
240	201	109
15	200	57
26	200	30
28	200	50
30	200	75
31	200	97
35	200	26
46	200	11
48	200	17
52	200	67
59	200	59
62	200	100
72	200	105
75	200	131
77	200	61
78	200	51
80	200	89
82	200	98
83	200	27
84	200	83
87	200	42
98	200	69
102	200	118
105	200	116
107	200	129
111	200	89
114	200	45
117	200	65
120	200	48
123	200	88
130	200	64
131	200	59
134	200	90
136	200	111
138	200	69
139	200	82
142	200	61
147	200	40
148	200	46
149	200	79
150	200	19
157	200	51
159	200	67
163	200	51
168	200	114
171	200	96
173	200	42
176	200	49
179	200	78
190	200	98
191	200	125
192	200	66
193	200	42
206	200	101
211	200	74
218	200	44
223	200	84
233	200	48
247	200	56
22	199	58
26	199	115
27	199	23
36	199	59
37	199	14
38	199	154
41	199	27
43	199	90
44	199	78
48	199	66
49	199	60
51	199	43
56	199	50
59	199	94
60	199	45
66	199	35
67	199	20
69	199	78
72	199	65
74	199	30
78	199	75
84	199	80
87	199	48
88	199	42
89	199	103
90	199	17
91	199	38
93	199	26
96	199	46
98	199	43
101	199	34
102	199	77
104	199	94
107	199	37
110	199	58
113	199	45
115	199	38
118	199	88
120	199	64
124	199	50
132	199	39
134	199	96
138	199	33
141	199	24
142	199	43
143	199	43
145	199	57
147	199	38
149	199	62
151	199	105
162	199	31
167	199	96
168	199	46
169	199	158
171	199	84
177	199	75
181	199	67
182	199	66
188	199	59
190	199	126
191	199	58
192	199	68
198	199	36
216	199	40
220	199	26
225	199	59
10	198	80
14	198	74
29	198	82
34	198	8
36	198	38
38	198	29
45	198	32
49	198	145
52	198	45
58	198	69
59	198	24
61	198	81
62	198	46
65	198	58
68	198	39
70	198	40
76	198	69
78	198	49
79	198	50
82	198	16
88	198	29
89	198	79
91	198	35
95	198	42
96	198	86
102	198	34
104	198	83
112	198	20
114	198	45
127	198	126
131	198	31
132	198	37
135	198	50
137	198	74
138	198	95
139	198	59
141	198	113
144	198	89
148	198	20
149	198	28
150	198	110
154	198	57
159	198	27
161	198	112
162	198	27
163	198	31
164	198	37
166	198	139
171	198	82
175	198	160
179	198	65
181	198	18
184	198	74
189	198	7
190	198	39
194	198	13
198	198	54
205	198	26
208	198	46
210	198	52
211	198	55
228	198	41
232	198	62
235	198	26
17	197	36
19	197	36
20	197	124
37	197	54
39	197	59
43	197	41
48	197	86
63	197	69
64	197	70
73	197	45
74	197	49
75	197	83
80	197	47
82	197	45
89	197	16
95	197	44
96	197	13
99	197	34
109	197	62
110	197	55
111	197	49
112	197	30
113	197	86
116	197	75
130	197	67
138	197	78
139	197	109
145	197	76
146	197	59
147	197	49
148	197	55
149	197	81
151	197	18
152	197	47
154	197	90
155	197	29
156	197	17
157	197	58
158	197	33
162	197	48
165	197	80
166	197	23
168	197	64
169	197	53
174	197	58
175	197	71
176	197	58
179	197	39
184	197	82
185	197	52
189	197	43
191	197	17
193	197	17
195	197	27
203	197	57
211	197	88
217	197	51
222	197	29
234	197	87
20	196	94
21	196	41
28	196	56
33	196	10
37	196	65
38	196	69
43	196	77
46	196	64
47	196	79
48	196	57
62	196	124
66	196	66
67	196	43
70	196	16
73	196	162
74	196	38
76	196	43
79	196	40
89	196	82
101	196	52
102	196	57
103	196	87
110	196	45
112	196	68
114	196	99
117	196	26
121	196	50
123	196	98
126	196	59
128	196	29
129	196	30
133	196	45
135	196	16
136	196	28
139	196	37
142	196	29
144	196	24
147	196	23
148	196	59
152	196	57
153	196	41
157	196	69
158	196	23
159	196	48
160	196	40
168	196	44
169	196	43
171	196	51
176	196	43
181	196	79
183	196	41
185	196	53
187	196	96
190	196	60
196	196	96
201	196	63
207	196	50
215	196	18
216	196	54
217	196	93
218	196	123
21	195	58
36	195	44
46	195	16
47	195	20
48	195	90
49	195	20
51	195	29
52	195	91
53	195	81
64	195	44
68	195	66
69	195	40
72	195	37
74	195	32
75	195	41
78	195	63
89	195	64
95	195	90
107	195	44
113	195	58
121	195	117
122	195	55
128	195	22
130	195	21
141	195	45
145	195	44
148	195	59
149	195	54
150	195	61
153	195	86
155	195	93
156	195	68
160	195	73
163	195	34
169	195	153
171	195	129
172	195	64
173	195	122
174	195	47
175	195	76
177	195	52
178	195	41
179	195	46
180	195	63
181	195	13
183	195	108
185	195	54
189	195	15
192	195	72
195	195	70
200	195	130
204	195	38
206	195	71
211	195	90
215	195	63
216	195	218
217	195	111
220	195	45
234	195	76
15	194	22
16	194	73
26	194	40
28	194	49
29	194	77
36	194	38
37	194	55
38	194	71
40	194	63
46	194	62
50	194	65
55	194	108
82	194	56
84	194	41
91	194	46
94	194	62
98	194	54
99	194	26
106	194	41
107	194	36
108	194	69
109	194	35
113	194	62
120	194	54
123	194	75
124	194	61
125	194	35
130	194	82
131	194	87
139	194	50
141	194	47
142	194	47
144	194	96
145	194	92
146	194	51
147	194	13
150	194	103
151	194	54
152	194	55
159	194	63
160	194	86
162	194	65
165	194	22
167	194	63
168	194	52
170	194	18
171	194	41
172	194	23
174	194	67
175	194	168
177	194	59
182	194	15
183	194	68
184	194	79
186	194	81
187	194	56
193	194	55
194	194	68
201	194	61
204	194	41
206	194	48
207	194	130
212	194	35
222	194	95
223	194	118
226	194	71
230	194	25
234	194	26
236	194	43
242	194	62
245	194	35
246	194	35
24	193	74
28	193	43
29	193	45
37	193	52
45	193	40
53	193	49
57	193	34
58	193	2
60	193	39
62	193	154
67	193	60
68	193	46
69	193	15
70	193	59
71	193	128
72	193	47
76	193	29
77	193	71
84	193	66
87	193	52
89	193	137
90	193	78
94	193	58
100	193	42
101	193	38
104	193	65
108	193	24
113	193	34
120	193	40
123	193	97
133	193	24
134	193	60
137	193	33
139	193	12
141	193	101
142	193	66
143	193	66
145	193	37
146	193	78
147	193	38
149	193	37
152	193	72
153	193	59
154	193	19
155	193	64
157	193	139
159	193	40
161	193	32
164	193	82
165	193	58
166	193	79
170	193	46
171	193	75
172	193	28
173	193	80
175	193	67
176	193	83
180	193	128
181	193	211
182	193	11
183	193	57
184	193	18
188	193	67
189	193	160
190	193	63
192	193	72
194	193	27
199	193	43
204	193	75
205	193	37
206	193	42
208	193	35
209	193	59
223	193	55
225	193	21
226	193	53
230	193	114
231	193	18
234	193	82
236	193	96
237	193	42
24	192	140
30	192	53
38	192	85
41	192	69
44	192	36
45	192	24
46	192	27
49	192	37
58	192	31
60	192	61
62	192	153
63	192	81
64	192	45
65	192	52
66	192	24
67	192	98
68	192	53
69	192	70
70	192	35
72	192	59
73	192	67
75	192	134
77	192	87
78	192	27
79	192	48
88	192	48
91	192	142
92	192	90
116	192	57
119	192	49
120	192	42
128	192	64
133	192	6
135	192	86
136	192	45
137	192	62
140	192	91
141	192	17
146	192	44
148	192	30
149	192	88
150	192	74
154	192	141
155	192	24
156	192	58
159	192	52
160	192	57
165	192	19
166	192	143
167	192	42
168	192	95
170	192	36
172	192	79
173	192	60
175	192	71
176	192	89
179	192	56
182	192	151
183	192	52
184	192	86
185	192	36
186	192	75
191	192	49
192	192	113
194	192	44
195	192	176
196	192	81
197	192	8
201	192	36
203	192	64
204	192	47
207	192	145
214	192	23
216	192	87
218	192	66
222	192	39
228	192	50
229	192	35
230	192	67
231	192	60
233	192	116
237	192	43
240	192	81
247	192	50
13	191	22
14	191	56
22	191	2
50	191	46
56	191	39
60	191	47
61	191	20
66	191	24
67	191	49
71	191	46
75	191	29
76	191	62
78	191	32
80	191	90
87	191	63
94	191	16
98	191	115
102	191	43
103	191	13
104	191	51
108	191	38
109	191	28
112	191	139
113	191	51
128	191	96
129	191	47
130	191	59
137	191	36
144	191	66
146	191	74
148	191	22
149	191	28
150	191	181
154	191	20
156	191	29
157	191	60
158	191	65
159	191	98
160	191	78
162	191	80
166	191	32
167	191	41
171	191	87
175	191	83
177	191	41
178	191	44
180	191	44
183	191	80
184	191	200
185	191	55
186	191	47
189	191	41
190	191	83
191	191	49
192	191	116
193	191	43
194	191	29
195	191	66
196	191	138
197	191	41
198	191	46
199	191	13
208	191	88
215	191	25
228	191	21
231	191	70
233	191	22
236	191	90
239	191	36
241	191	41
246	191	54
13	190	57
27	190	17
32	190	102
35	190	18
40	190	54
42	190	30
44	190	15
49	190	102
51	190	39
54	190	61
55	190	48
60	190	64
63	190	134
65	190	82
68	190	16
70	190	56
73	190	33
81	190	64
82	190	54
88	190	80
89	190	89
91	190	35
94	190	54
98	190	53
104	190	55
105	190	22
106	190	47
122	190	60
129	190	24
133	190	96
134	190	50
135	190	59
142	190	117
146	190	63
149	190	60
150	190	20
151	190	53
155	190	35
156	190	95
169	190	76
171	190	116
174	190	37
175	190	85
179	190	121
180	190	127
181	190	35
183	190	73
186	190	119
188	190	100
189	190	47
191	190	44
193	190	121
198	190	26
199	190	49
200	190	75
208	190	66
213	190	22
214	190	73
215	190	41
217	190	100
221	190	43
225	190	52
226	190	27
227	190	13
231	190	71
237	190	69
242	190	76
9	189	56
12	189	19
16	189	72
18	189	106
22	189	32
25	189	60
26	189	51
27	189	78
35	189	51
40	189	135
41	189	17
43	189	71
48	189	88
51	189	25
54	189	43
57	189	51
59	189	53
61	189	108
62	189	83
66	189	27
67	189	34
68	189	65
69	189	110
72	189	167
73	189	39
74	189	42
77	189	25
79	189	26
80	189	22
81	189	49
93	189	38
100	189	77
101	189	30
108	189	86
109	189	52
111	189	28
118	189	122
119	189	21
124	189	9
126	189	13
132	189	75
133	189	67
136	189	36
137	189	62
139	189	28
141	189	128
143	189	165
144	189	41
145	189	54
146	189	97
147	189	20
155	189	11
162	189	147
167	189	50
168	189	54
170	189	104
174	189	27
175	189	31
180	189	66
181	189	38
182	189	54
183	189	17
184	189	54
186	189	57
188	189	59
190	189	26
192	189	42
194	189	39
196	189	35
206	189	31
214	189	99
220	189	102
223	189	58
225	189	58
232	189	26
234	189	88
244	189	85
10	188	49
23	188	118
25	188	22
41	188	44
44	188	19
46	188	53
49	188	35
55	188	43
56	188	73
57	188	45
60	188	14
61	188	40
64	188	86
66	188	48
67	188	17
69	188	83
70	188	102
72	188	32
78	188	69
83	188	89
87	188	48
89	188	77
93	188	34
97	188	36
98	188	41
108	188	39
113	188	36
121	188	68
122	188	68
128	188	78
129	188	44
130	188	108
134	188	38
136	188	69
137	188	30
139	188	57
140	188	23
142	188	93
143	188	89
146	188	134
147	188	38
149	188	33
151	188	73
158	188	123
159	188	30
165	188	45
167	188	69
170	188	77
171	188	83
172	188	192
173	188	51
175	188	6
177	188	85
180	188	22
182	188	48
184	188	56
186	188	183
187	188	71
188	188	33
190	188	55
193	188	37
194	188	12
195	188	109
196	188	32
199	188	114
207	188	67
214	188	58
223	188	94
224	188	60
230	188	20
238	188	29
242	188	163
245	188	93
246	188	51
20	187	73
30	187	40
32	187	13
34	187	53
40	187	59
43	187	78
44	187	105
45	187	57
48	187	112
53	187	30
54	187	62
55	187	9
57	187	46
60	187	37
61	187	109
62	187	62
64	187	173
65	187	92
66	187	42
67	187	87
68	187	50
72	187	45
74	187	33
76	187	22
77	187	32
78	187	77
79	187	36
84	187	77
87	187	34
88	187	30
94	187	45
99	187	42
106	187	15
109	187	114
114	187	69
116	187	101
117	187	163
120	187	94
125	187	51
127	187	21
131	187	30
135	187	73
139	187	107
141	187	30
145	187	157
146	187	93
150	187	73
151	187	71
156	187	49
157	187	36
165	187	132
168	187	67
169	187	44
172	187	122
176	187	34
178	187	48
180	187	49
183	187	56
186	187	63
188	187	70
192	187	76
193	187	119
194	187	26
195	187	248
196	187	19
198	187	46
201	187	99
202	187	22
207	187	64
211	187	100
212	187	78
213	187	76
215	187	140
230	187	85
232	187	55
234	187	61
239	187	76
241	187	144
244	187	53
10	186	99
13	186	25
27	186	58
39	186	24
41	186	64
54	186	95
55	186	53
56	186	28
62	186	15
63	186	49
64	186	84
65	186	82
68	186	73
69	186	24
71	186	21
72	186	75
73	186	57
74	186	78
75	186	150
76	186	108
77	186	73
79	186	23
80	186	45
81	186	19
83	186	118
84	186	50
86	186	46
88	186	33
89	186	65
90	186	145
91	186	16
93	186	86
96	186	36
103	186	40
105	186	27
110	186	49
112	186	49
113	186	26
133	186	162
134	186	64
135	186	79
136	186	64
140	186	36
142	186	66
144	186	52
147	186	61
153	186	65
154	186	36
155	186	102
159	186	15
161	186	153
165	186	41
166	186	70
167	186	15
168	186	137
169	186	28
170	186	16
172	186	88
175	186	53
176	186	54
177	186	58
178	186	195
180	186	68
181	186	120
182	186	173
183	186	47
184	186	48
185	186	79
187	186	79
188	186	87
189	186	47
193	186	31
194	186	16
195	186	101
196	186	49
200	186	67
203	186	86
204	186	50
209	186	101
212	186	137
215	186	147
218	186	108
223	186	261
224	186	51
240	186	108
247	186	71
13	185	62
23	185	23
29	185	89
32	185	74
36	185	76
38	185	68
39	185	42
40	185	106
41	185	75
51	185	85
53	185	26
59	185	32
62	185	120
63	185	17
64	185	90
65	185	40
68	185	69
69	185	16
70	185	53
71	185	55
72	185	54
73	185	61
74	185	73
75	185	190
76	185	22
77	185	68
79	185	69
80	185	96
81	185	46
83	185	30
92	185	19
93	185	77
104	185	7
105	185	19
115	185	48
127	185	33
131	185	58
135	185	40
136	185	79
138	185	12
140	185	44
144	185	29
145	185	45
148	185	180
151	185	74
156	185	54
160	185	31
166	185	67
167	185	116
168	185	121
175	185	47
177	185	67
179	185	13
180	185	91
183	185	76
187	185	48
194	185	69
195	185	108
198	185	113
201	185	67
206	185	61
208	185	244
209	185	41
211	185	90
212	185	38
216	185	73
218	185	10
220	185	47
221	185	42
222	185	66
223	185	41
226	185	71
241	185	116
247	185	26
12	184	53
13	184	47
15	184	31
16	184	63
20	184	75
24	184	18
27	184	115
29	184	46
31	184	90
34	184	81
40	184	57
43	184	31
50	184	61
54	184	25
57	184	47
58	184	195
60	184	14
61	184	158
62	184	67
65	184	160
66	184	71
68	184	48
69	184	55
70	184	78
73	184	54
74	184	66
77	184	55
79	184	32
92	184	16
93	184	60
94	184	19
95	184	36
98	184	69
108	184	39
112	184	46
120	184	88
133	184	197
134	184	30
136	184	100
141	184	13
142	184	32
144	184	61
145	184	180
146	184	80
155	184	46
156	184	90
157	184	33
160	184	48
161	184	117
162	184	97
168	184	118
170	184	49
171	184	156
172	184	79
173	184	39
174	184	148
175	184	21
179	184	84
182	184	47
183	184	94
185	184	119
186	184	33
188	184	116
189	184	90
190	184	42
191	184	53
192	184	150
197	184	52
200	184	46
203	184	67
206	184	16
207	184	140
208	184	28
209	184	70
213	184	87
215	184	65
216	184	108
219	184	64
220	184	44
227	184	48
230	184	54
235	184	39
236	184	54
239	184	50
240	184	44
10	183	14
11	183	41
12	183	67
14	183	56
15	183	82
16	183	25
18	183	16
23	183	85
24	183	30
26	183	16
28	183	57
29	183	21
31	183	42
43	183	41
48	183	53
51	183	24
57	183	111
58	183	6
59	183	71
61	183	85
62	183	82
63	183	45
64	183	84
65	183	62
66	183	201
68	183	56
69	183	185
70	183	126
71	183	42
72	183	73
73	183	117
74	183	71
76	183	46
80	183	86
81	183	35
84	183	31
85	183	99
89	183	186
90	183	203
91	183	71
93	183	29
94	183	37
103	183	97
113	183	72
114	183	29
117	183	78
122	183	63
123	183	32
125	183	20
126	183	42
128	183	49
132	183	65
134	183	71
141	183	73
146	183	77
152	183	114
154	183	48
158	183	74
159	183	65
161	183	71
164	183	141
166	183	141
168	183	200
169	183	120
172	183	150
173	183	36
174	183	107
176	183	51
177	183	15
179	183	76
180	183	53
181	183	48
185	183	65
187	183	67
188	183	26
192	183	84
193	183	48
194	183	51
202	183	75
203	183	72
206	183	14
210	183	78
214	183	130
215	183	49
216	183	33
219	183	54
221	183	76
222	183	100
223	183	80
224	183	65
230	183	15
231	183	105
232	183	74
238	183	11
239	183	47
241	183	45
12	182	99
13	182	44
16	182	52
17	182	107
20	182	46
22	182	72
26	182	181
30	182	58
32	182	26
33	182	38
37	182	59
45	182	100
46	182	38
47	182	51
49	182	56
56	182	42
59	182	41
60	182	18
61	182	63
63	182	60
64	182	40
65	182	74
66	182	71
67	182	128
69	182	18
70	182	95
73	182	56
74	182	76
75	182	25
76	182	29
78	182	137
79	182	53
82	182	156
84	182	112
85	182	96
86	182	35
96	182	58
98	182	23
101	182	76
109	182	70
110	182	109
112	182	60
118	182	170
124	182	17
126	182	30
131	182	57
132	182	120
134	182	69
154	182	80
157	182	85
158	182	72
162	182	106
165	182	44
169	182	101
170	182	31
171	182	109
173	182	35
174	182	113
175	182	93
176	182	63
180	182	42
181	182	52
183	182	177
185	182	60
187	182	66
188	182	45
193	182	83
195	182	53
196	182	83
198	182	52
203	182	121
204	182	46
205	182	60
206	182	45
207	182	34
210	182	51
214	182	62
218	182	55
223	182	23
229	182	110
230	182	52
235	182	54
237	182	133
238	182	57
241	182	83
245	182	91
246	182	68
12	181	69
15	181	55
18	181	59
19	181	111
24	181	51
25	181	49
33	181	59
34	181	138
37	181	79
38	181	18
41	181	21
42	181	131
46	181	91
52	181	33
53	181	52
54	181	19
55	181	30
58	181	122
59	181	26
61	181	163
62	181	79
63	181	103
64	181	68
65	181	74
67	181	54
68	181	38
72	181	99
75	181	63
76	181	139
77	181	38
78	181	158
80	181	58
81	181	121
82	181	105
85	181	112
92	181	58
94	181	57
100	181	62
101	181	49
102	181	105
106	181	26
115	181	50
117	181	112
118	181	70
119	181	74
123	181	60
128	181	91
132	181	46
137	181	88
143	181	36
149	181	79
152	181	41
155	181	61
164	181	122
167	181	22
168	181	73
170	181	50
171	181	90
172	181	105
173	181	121
174	181	116
175	181	61
176	181	106
178	181	116
180	181	42
181	181	95
182	181	128
183	181	80
186	181	70
187	181	37
192	181	20
193	181	60
194	181	79
198	181	15
201	181	58
204	181	26
211	181	54
213	181	52
219	181	221
221	181	132
222	181	28
225	181	118
226	181	49
229	181	77
233	181	52
237	181	65
242	181	118
245	181	62
14	180	58
15	180	39
17	180	44
21	180	87
24	180	68
29	180	51
30	180	66
34	180	35
46	180	129
47	180	120
56	180	22
59	180	61
60	180	60
61	180	52
62	180	56
64	180	70
67	180	37
68	180	46
70	180	60
72	180	119
73	180	77
74	180	62
76	180	102
77	180	132
79	180	37
82	180	85
85	180	53
86	180	53
87	180	86
88	180	65
93	180	165
96	180	69
# chipNumber: 4
# chipName:   G 10 W69
# numHits:    102
224	244	55
189	241	55
172	238	35
212	237	18
178	235	63
212	235	93
228	234	22
179	233	56
199	233	27
243	232	18
243	231	79
244	231	49
218	230	49
229	230	65
183	229	54
241	226	48
194	223	33
173	221	65
235	221	40
213	220	44
191	219	59
217	218	31
222	218	68
119	217	26
164	217	46
116	216	54
117	216	70
118	215	6
234	215	45
240	214	31
241	214	51
96	212	44
231	212	73
126	210	45
167	210	37
169	207	16
171	206	65
182	204	36
191	202	58
186	201	89
195	200	69
200	200	38
140	199	84
172	199	27
201	199	59
206	198	55
183	197	82
150	195	28
187	194	38
194	194	39
115	192	84
124	192	65
141	192	51
70	190	68
97	186	27
132	186	90
135	186	58
91	185	76
79	184	30
94	184	42
115	183	63
136	183	45
169	182	55
62	181	55
113	180	19
138	180	35
114	179	74
88	177	32
139	172	45
140	172	58
143	172	64
136	171	53
137	171	35
139	171	47
143	171	51
130	170	35
131	170	39
131	169	47
108	168	37
195	168	21
107	167	60
50	166	66
106	166	56
117	166	44
143	165	38
103	163	37
43	162	48
127	162	73
18	159	83
72	159	67
106	159	51
107	159	84
18	158	62
15	157	38
29	157	69
28	156	61
127	156	54
19	155	54
22	150	71
21	106	57
17	104	48
21	96	29
# chipNumber: 5
# chipName:   D 9 W69
# numHits:    1
179	232	36
# chipNumber: 6
# chipName:   L 8 W69
# numHits:    3
166	233	11810
37	211	15
234	203	11810
