## [General]
## runNumber:        241
## runTime:       	 7200
## runTimeFrames: 	 0
## pathName:         data/runs/Run_241_181022-16-16
## dateTime:         2018-10-22.17:28:51
## numChips:         7
## shutterTime:      30
## shutterMode:      verylong
## runMode:          0
## fastClock:        0
## externalTrigger:  0
## [Event]
## eventNumber:      5719
## useHvFadc:    	 1
## fadcReadout:    	 1
## szint1ClockInt:	 0
## szint2ClockInt:	 4095
## fadcTriggerClock: 238219
# chipNumber: 0
# chipName:   E 6 W69
# numHits:    0
# chipNumber: 1
# chipName:   K 6 W69
# numHits:    0
# chipNumber: 2
# chipName:   H 9 W69
# numHits:    0
# chipNumber: 3
# chipName:   H 10 W69
# numHits:    442
31	244	33
31	243	53
38	243	19
31	242	30
49	242	60
60	242	47
63	242	67
18	240	60
36	240	36
17	239	34
64	239	80
52	238	41
39	235	22
49	235	59
30	234	61
50	234	10
53	234	48
43	233	18
57	232	88
60	232	60
65	232	51
39	231	64
49	231	55
58	231	63
63	231	53
25	230	69
28	230	41
49	230	75
50	230	39
59	230	119
71	230	41
9	229	39
21	229	57
30	229	21
34	229	89
52	229	69
64	229	16
43	228	54
47	228	33
51	228	47
55	228	52
10	227	46
11	227	53
22	227	56
28	227	17
34	227	71
54	227	35
75	227	36
28	226	38
30	226	59
32	226	17
36	226	55
46	226	71
77	226	68
14	225	52
43	225	49
44	225	37
56	225	81
67	225	74
68	225	74
75	225	30
17	224	54
39	224	40
40	224	107
41	224	18
63	224	67
14	223	20
18	223	57
26	223	82
32	223	45
40	223	27
67	223	66
15	222	55
27	222	56
30	222	63
38	222	60
55	222	37
42	221	51
46	221	37
48	221	55
51	221	83
29	220	22
41	220	72
50	220	57
69	220	90
70	220	16
23	219	43
30	219	20
40	219	23
19	218	40
45	218	6
53	218	28
46	217	58
65	217	23
56	216	48
59	216	44
9	215	34
38	215	86
39	215	37
41	215	62
48	215	65
58	215	62
43	214	26
52	214	53
19	213	62
23	213	89
34	213	21
36	213	33
42	213	20
46	213	28
70	213	5
23	212	65
31	212	43
39	212	41
38	211	52
43	211	49
48	211	35
51	211	72
53	211	50
22	210	42
37	210	60
39	210	59
49	210	18
54	210	49
55	210	24
37	209	33
44	209	23
55	209	51
56	209	48
37	208	26
69	208	23
45	207	55
46	207	64
59	207	43
26	206	70
40	206	28
43	206	73
58	205	63
23	204	51
26	204	30
34	204	68
36	204	54
38	204	92
56	204	12
63	204	45
64	204	61
25	203	63
33	203	52
45	203	20
74	203	128
75	203	57
19	202	57
29	202	22
34	202	19
35	202	41
15	201	40
21	201	26
35	201	36
49	201	58
56	201	24
29	200	46
36	199	42
41	199	45
43	199	37
9	198	63
42	198	42
43	198	82
48	197	92
14	196	38
23	196	34
30	196	27
34	196	56
65	196	22
49	195	50
48	194	58
201	194	61
45	193	16
201	193	42
41	192	84
42	192	58
30	191	67
47	190	98
28	189	70
32	188	63
43	188	25
44	188	46
10	187	20
15	187	47
25	187	54
39	186	49
40	180	49
179	180	40
22	179	37
178	179	65
26	178	41
57	177	34
52	176	101
178	175	69
190	175	73
178	174	72
208	174	14
175	173	52
177	173	69
196	173	53
193	172	55
180	171	49
190	171	40
201	171	103
208	171	44
184	170	88
201	170	58
188	169	45
171	168	77
192	168	49
194	168	6
195	168	52
200	167	50
205	167	34
206	167	80
210	167	35
211	166	54
183	165	58
193	165	74
195	165	35
184	164	12
189	164	16
201	164	87
206	164	74
215	164	86
182	163	78
188	163	71
201	163	39
202	163	31
203	163	65
205	163	73
174	162	93
201	162	49
202	162	79
173	161	33
174	161	73
194	161	41
200	161	12
171	160	86
178	160	51
181	160	70
184	160	17
198	160	34
202	160	110
203	160	24
206	160	42
172	159	53
198	159	24
199	159	15
200	159	65
213	159	72
182	158	76
185	158	56
191	158	60
192	158	55
199	158	39
207	158	46
213	158	44
167	157	53
168	157	43
174	157	26
180	157	92
191	157	68
196	157	86
211	157	81
214	157	43
182	156	62
167	155	100
181	155	78
182	155	18
199	155	11
203	155	6
210	155	56
212	155	54
179	154	93
181	154	47
183	154	85
205	154	39
206	154	53
213	154	90
175	153	32
176	153	75
208	153	41
209	153	39
211	153	58
149	152	93
207	152	59
208	152	103
209	152	108
156	151	41
173	151	62
182	151	32
191	151	63
194	151	95
211	151	79
212	151	7
224	151	12
166	150	53
176	150	78
200	150	88
193	149	30
201	149	60
214	149	73
172	148	80
178	148	106
206	148	46
208	148	32
154	147	49
200	147	85
163	146	26
191	146	91
202	146	27
192	145	31
200	145	102
202	145	92
213	145	97
190	144	71
193	144	99
196	144	10
165	143	112
188	143	20
196	143	60
197	143	47
206	143	106
217	143	16
218	143	52
190	142	63
192	142	124
193	142	53
196	142	48
201	142	51
205	142	35
206	142	99
215	142	59
218	142	30
219	142	31
190	141	51
192	141	20
199	141	56
207	141	88
216	141	56
217	141	106
182	140	22
183	140	26
190	140	80
191	140	92
198	140	80
203	140	67
215	140	55
218	140	125
194	139	77
199	139	49
233	139	35
194	138	46
196	138	104
171	137	44
180	137	75
181	137	34
187	137	59
200	137	49
203	137	26
215	137	121
224	137	30
225	137	65
169	136	18
180	136	136
192	136	93
197	136	92
151	135	35
173	135	65
178	135	58
190	135	67
199	135	35
218	135	19
173	134	21
176	134	47
188	134	93
192	134	26
196	134	93
200	134	36
201	134	19
184	133	66
192	133	36
193	133	85
194	133	25
213	133	43
184	132	44
196	132	13
210	132	45
220	132	27
221	132	35
184	131	36
198	131	64
200	131	25
206	131	36
211	130	69
176	129	40
179	129	34
184	129	82
185	129	92
185	128	16
186	128	37
189	128	55
196	128	42
203	128	23
209	128	33
226	128	44
203	127	28
188	126	57
204	126	74
175	125	32
184	125	54
193	125	107
197	125	39
184	124	56
193	124	81
211	123	102
169	122	27
204	122	13
191	121	29
209	121	23
188	120	60
166	118	62
180	118	160
225	118	93
226	118	10
178	117	25
179	117	57
225	117	78
186	116	62
178	115	27
180	115	69
172	114	35
199	114	70
186	112	37
197	111	43
181	109	34
190	99	49
# chipNumber: 4
# chipName:   G 10 W69
# numHits:    0
# chipNumber: 5
# chipName:   D 9 W69
# numHits:    0
# chipNumber: 6
# chipName:   L 8 W69
# numHits:    2
166	233	11810
234	203	11810
