## [General]
## runNumber:        241
## runTime:       	 7200
## runTimeFrames: 	 0
## pathName:         data/runs/Run_241_181022-16-16
## dateTime:         2018-10-22.18:04:02
## numChips:         7
## shutterTime:      30
## shutterMode:      verylong
## runMode:          0
## fastClock:        0
## externalTrigger:  0
## [Event]
## eventNumber:      8505
## useHvFadc:    	 1
## fadcReadout:    	 1
## szint1ClockInt:	 0
## szint2ClockInt:	 4095
## fadcTriggerClock: 0
# chipNumber: 0
# chipName:   E 6 W69
# numHits:    0
# chipNumber: 1
# chipName:   K 6 W69
# numHits:    0
# chipNumber: 2
# chipName:   H 9 W69
# numHits:    37
230	192	90
234	149	79
246	147	65
241	141	68
246	137	44
241	135	56
242	135	80
236	133	38
229	130	83
238	130	100
245	130	31
247	127	42
232	123	64
247	123	42
241	120	33
230	116	62
226	113	70
234	112	45
244	112	48
243	111	78
238	107	55
230	106	76
237	105	54
242	103	73
229	101	36
236	96	77
228	95	50
243	91	83
242	88	29
242	82	112
242	81	44
231	78	26
238	78	54
236	77	43
241	65	59
232	61	35
240	61	42
# chipNumber: 3
# chipName:   H 10 W69
# numHits:    19455
101	195	53
102	195	78
103	195	53
104	195	45
105	195	109
106	195	147
107	195	33
110	195	43
113	195	15
116	195	58
117	195	51
119	195	136
120	195	67
124	195	60
125	195	34
127	195	50
130	195	23
131	195	110
132	195	31
133	195	215
134	195	92
135	195	48
136	195	28
138	195	15
139	195	47
140	195	49
145	195	19
146	195	44
152	195	10
153	195	56
158	195	92
161	195	79
162	195	46
166	195	41
168	195	76
174	195	62
177	195	63
179	195	34
181	195	81
182	195	68
183	195	63
184	195	62
203	195	122
206	195	65
211	195	11
212	195	82
219	195	110
220	195	54
221	195	62
223	195	79
226	195	60
227	195	93
229	195	79
232	195	101
233	195	89
234	195	88
235	195	80
16	194	22
19	194	87
23	194	100
28	194	63
30	194	58
31	194	59
34	194	68
35	194	71
36	194	34
38	194	45
39	194	122
41	194	58
42	194	89
45	194	90
46	194	70
48	194	66
50	194	21
51	194	168
54	194	42
58	194	69
66	194	48
68	194	7
71	194	97
76	194	49
78	194	108
79	194	59
80	194	91
81	194	30
82	194	69
85	194	85
88	194	22
89	194	22
92	194	52
93	194	51
95	194	30
96	194	37
99	194	56
100	194	27
103	194	51
106	194	26
107	194	71
108	194	40
109	194	53
110	194	24
118	194	81
119	194	23
120	194	54
121	194	45
123	194	22
124	194	70
125	194	203
129	194	51
130	194	129
131	194	143
133	194	20
134	194	60
136	194	77
137	194	135
138	194	23
143	194	77
148	194	46
149	194	41
150	194	72
161	194	60
162	194	65
164	194	120
165	194	36
167	194	33
171	194	70
173	194	38
175	194	81
176	194	35
180	194	30
185	194	4
198	194	50
199	194	40
200	194	34
202	194	30
209	194	59
210	194	31
212	194	60
213	194	37
214	194	70
215	194	41
217	194	67
220	194	207
222	194	28
223	194	24
224	194	65
227	194	24
230	194	78
234	194	83
242	194	75
246	194	35
17	193	17
23	193	48
25	193	16
27	193	114
29	193	59
30	193	114
32	193	110
34	193	81
35	193	16
39	193	44
41	193	49
42	193	185
45	193	124
46	193	51
48	193	50
49	193	48
52	193	39
53	193	57
54	193	125
55	193	65
56	193	73
57	193	94
61	193	21
63	193	22
68	193	78
70	193	98
75	193	63
77	193	73
78	193	52
79	193	22
81	193	72
83	193	10
84	193	63
86	193	28
87	193	39
93	193	44
94	193	40
101	193	21
102	193	175
103	193	85
104	193	87
105	193	27
106	193	59
107	193	57
110	193	76
112	193	62
115	193	76
118	193	61
119	193	19
121	193	37
122	193	37
123	193	103
126	193	39
128	193	62
129	193	54
132	193	47
133	193	77
134	193	54
135	193	107
136	193	49
137	193	80
138	193	137
139	193	28
141	193	57
144	193	83
145	193	28
148	193	17
151	193	33
154	193	29
155	193	65
159	193	41
163	193	73
164	193	69
166	193	66
167	193	45
168	193	66
170	193	43
176	193	34
183	193	14
186	193	48
193	193	61
195	193	73
200	193	37
201	193	53
202	193	115
204	193	62
205	193	33
207	193	63
213	193	72
217	193	25
220	193	51
222	193	53
224	193	74
225	193	174
228	193	36
230	193	62
232	193	34
233	193	63
234	193	47
237	193	87
240	193	90
241	193	66
245	193	91
15	192	61
16	192	83
19	192	60
21	192	36
23	192	44
24	192	45
28	192	81
30	192	72
32	192	60
33	192	64
34	192	67
35	192	47
39	192	38
40	192	141
43	192	99
44	192	92
45	192	68
46	192	158
53	192	58
54	192	86
55	192	109
57	192	31
59	192	43
60	192	19
61	192	48
63	192	110
66	192	78
78	192	128
79	192	70
80	192	81
82	192	76
85	192	84
87	192	47
93	192	39
94	192	85
97	192	62
101	192	49
103	192	63
105	192	36
106	192	65
107	192	38
111	192	26
114	192	65
115	192	54
117	192	62
120	192	40
121	192	33
122	192	77
125	192	34
130	192	13
132	192	57
134	192	88
135	192	17
138	192	25
141	192	72
142	192	16
143	192	25
144	192	38
145	192	66
146	192	146
149	192	35
150	192	94
160	192	30
164	192	90
168	192	80
170	192	118
171	192	125
173	192	59
175	192	73
176	192	10
177	192	100
178	192	44
181	192	60
188	192	55
190	192	82
191	192	39
193	192	58
196	192	102
198	192	67
202	192	41
205	192	86
208	192	15
209	192	61
212	192	61
214	192	140
217	192	146
218	192	109
220	192	64
228	192	101
231	192	59
232	192	75
233	192	59
234	192	114
235	192	64
236	192	29
240	192	67
242	192	79
243	192	32
21	191	30
22	191	33
23	191	40
24	191	172
29	191	43
31	191	43
33	191	27
38	191	32
41	191	9
42	191	49
43	191	26
44	191	103
45	191	60
46	191	26
49	191	60
54	191	60
55	191	134
56	191	214
62	191	33
63	191	73
64	191	26
65	191	23
72	191	67
75	191	57
78	191	36
81	191	46
82	191	79
85	191	47
87	191	52
92	191	25
98	191	74
99	191	67
101	191	27
104	191	49
109	191	57
110	191	86
112	191	168
114	191	73
115	191	89
117	191	62
120	191	53
121	191	42
122	191	102
123	191	42
126	191	37
129	191	57
132	191	25
137	191	157
139	191	35
141	191	39
142	191	50
151	191	28
153	191	56
155	191	41
156	191	22
158	191	65
160	191	42
165	191	59
178	191	90
181	191	38
183	191	86
184	191	14
186	191	69
187	191	53
189	191	22
198	191	66
199	191	20
201	191	81
203	191	61
209	191	38
214	191	17
215	191	63
218	191	34
222	191	57
227	191	75
231	191	75
232	191	24
235	191	57
242	191	20
247	191	11
15	190	41
16	190	82
18	190	79
26	190	70
30	190	63
32	190	47
33	190	9
34	190	173
37	190	89
42	190	50
50	190	56
51	190	44
52	190	45
54	190	58
56	190	35
57	190	52
58	190	42
60	190	48
61	190	33
62	190	183
63	190	66
64	190	82
65	190	11
72	190	65
73	190	66
78	190	61
80	190	62
81	190	74
82	190	30
83	190	30
87	190	64
88	190	44
91	190	15
92	190	49
93	190	100
94	190	60
96	190	67
97	190	43
100	190	44
101	190	29
103	190	46
104	190	101
108	190	134
111	190	14
112	190	95
114	190	103
115	190	90
116	190	38
117	190	65
119	190	44
122	190	19
123	190	139
124	190	69
125	190	29
128	190	90
131	190	60
133	190	134
134	190	135
135	190	66
138	190	60
139	190	67
140	190	16
141	190	31
142	190	32
143	190	55
144	190	74
145	190	20
149	190	30
153	190	71
155	190	80
160	190	42
161	190	33
165	190	6
167	190	29
168	190	72
170	190	77
173	190	41
174	190	69
176	190	89
182	190	45
186	190	61
199	190	59
200	190	81
203	190	54
206	190	147
207	190	103
208	190	42
214	190	110
220	190	59
221	190	49
224	190	84
226	190	61
227	190	65
228	190	147
229	190	90
230	190	54
234	190	59
238	190	51
239	190	108
243	190	68
15	189	31
25	189	41
26	189	87
31	189	34
32	189	34
44	189	29
48	189	119
49	189	68
50	189	36
54	189	61
58	189	16
61	189	57
66	189	57
68	189	30
71	189	127
74	189	66
77	189	25
78	189	92
81	189	42
84	189	78
87	189	39
92	189	163
93	189	67
94	189	169
95	189	40
96	189	44
99	189	56
100	189	55
101	189	108
102	189	99
103	189	48
104	189	124
105	189	57
107	189	53
108	189	57
109	189	26
110	189	62
112	189	121
115	189	25
116	189	56
118	189	174
119	189	55
120	189	57
121	189	78
123	189	29
124	189	116
125	189	70
126	189	81
127	189	55
130	189	62
136	189	29
137	189	95
139	189	40
143	189	103
147	189	45
156	189	61
158	189	151
163	189	46
179	189	54
181	189	82
196	189	43
198	189	50
199	189	23
200	189	105
206	189	60
207	189	56
209	189	37
212	189	65
214	189	80
216	189	92
218	189	24
219	189	52
220	189	120
222	189	47
223	189	66
226	189	22
227	189	17
231	189	41
233	189	55
235	189	55
236	189	42
238	189	75
239	189	46
241	189	51
244	189	72
8	188	25
16	188	141
17	188	52
21	188	71
23	188	56
28	188	47
29	188	22
31	188	87
33	188	33
34	188	144
35	188	70
36	188	41
41	188	62
43	188	120
44	188	58
47	188	141
48	188	60
53	188	40
54	188	45
55	188	79
56	188	51
57	188	20
58	188	32
59	188	47
60	188	38
61	188	18
65	188	45
67	188	27
69	188	95
70	188	53
74	188	49
80	188	44
81	188	84
82	188	143
83	188	103
85	188	21
92	188	122
93	188	33
95	188	74
96	188	44
97	188	67
99	188	36
101	188	122
102	188	75
106	188	32
107	188	57
108	188	96
113	188	49
115	188	45
116	188	101
117	188	54
120	188	58
122	188	64
123	188	162
126	188	73
127	188	60
128	188	40
131	188	40
133	188	137
135	188	38
137	188	66
138	188	43
139	188	112
142	188	70
143	188	110
145	188	56
146	188	57
151	188	28
153	188	50
154	188	62
158	188	46
161	188	88
162	188	60
176	188	59
177	188	30
181	188	60
183	188	44
185	188	31
188	188	45
193	188	44
195	188	42
196	188	31
201	188	12
212	188	64
214	188	37
217	188	74
222	188	41
225	188	60
226	188	48
228	188	57
229	188	79
230	188	80
231	188	46
232	188	13
241	188	65
13	187	28
14	187	38
16	187	54
23	187	59
31	187	66
34	187	66
35	187	70
37	187	71
38	187	97
41	187	38
42	187	179
43	187	45
47	187	43
49	187	16
50	187	31
51	187	56
53	187	59
55	187	15
58	187	25
59	187	26
61	187	140
64	187	79
65	187	88
67	187	38
68	187	71
69	187	134
75	187	45
77	187	40
78	187	48
82	187	122
83	187	55
90	187	41
93	187	153
94	187	57
95	187	105
97	187	47
98	187	38
99	187	27
100	187	49
101	187	92
106	187	34
107	187	92
108	187	191
109	187	54
110	187	124
113	187	86
117	187	81
118	187	54
119	187	38
120	187	47
123	187	45
125	187	36
126	187	207
132	187	104
133	187	60
134	187	45
136	187	95
138	187	85
141	187	95
142	187	61
143	187	48
144	187	57
166	187	45
173	187	22
181	187	52
188	187	53
192	187	43
198	187	93
200	187	82
201	187	106
203	187	45
204	187	21
207	187	31
209	187	62
211	187	31
212	187	20
214	187	56
217	187	56
218	187	75
223	187	48
227	187	82
228	187	161
229	187	46
233	187	64
236	187	56
238	187	34
240	187	37
245	187	37
15	186	53
23	186	28
33	186	12
34	186	24
37	186	62
49	186	53
53	186	55
54	186	16
55	186	39
56	186	70
58	186	32
59	186	135
61	186	136
70	186	77
72	186	73
73	186	57
75	186	36
80	186	61
85	186	103
86	186	62
87	186	29
94	186	13
95	186	67
100	186	66
103	186	44
106	186	30
107	186	122
108	186	73
110	186	68
111	186	74
114	186	20
116	186	131
118	186	68
120	186	139
121	186	42
122	186	62
123	186	59
124	186	76
126	186	129
134	186	42
137	186	60
138	186	50
139	186	214
140	186	76
142	186	29
143	186	36
144	186	106
145	186	34
150	186	64
152	186	65
161	186	49
165	186	101
167	186	55
172	186	92
180	186	46
181	186	113
188	186	19
196	186	37
200	186	114
207	186	78
209	186	80
210	186	75
211	186	74
214	186	78
215	186	48
216	186	30
218	186	30
220	186	99
224	186	60
225	186	65
227	186	73
228	186	88
230	186	125
231	186	59
233	186	193
236	186	91
241	186	18
245	186	99
17	185	38
21	185	76
22	185	66
29	185	36
31	185	41
35	185	49
36	185	74
37	185	62
38	185	49
42	185	47
43	185	103
44	185	41
45	185	81
46	185	41
50	185	46
51	185	45
53	185	30
54	185	54
56	185	54
58	185	152
61	185	10
62	185	44
63	185	63
64	185	24
65	185	19
66	185	74
67	185	88
76	185	64
78	185	49
79	185	43
81	185	34
83	185	100
84	185	64
85	185	96
87	185	27
89	185	27
92	185	73
93	185	12
94	185	16
96	185	57
98	185	128
101	185	95
102	185	87
103	185	36
107	185	45
108	185	124
109	185	26
110	185	29
112	185	43
113	185	90
114	185	78
115	185	38
116	185	123
119	185	65
120	185	114
121	185	28
122	185	59
123	185	37
125	185	64
128	185	16
129	185	40
131	185	74
133	185	125
134	185	73
135	185	125
136	185	42
137	185	27
138	185	57
139	185	130
141	185	29
143	185	63
147	185	37
158	185	91
168	185	57
169	185	39
170	185	51
172	185	78
180	185	153
181	185	52
182	185	60
185	185	18
188	185	23
191	185	78
193	185	85
199	185	21
202	185	85
207	185	60
209	185	55
214	185	38
219	185	26
222	185	61
226	185	38
230	185	71
232	185	18
234	185	31
237	185	69
239	185	63
243	185	55
13	184	24
15	184	83
19	184	30
22	184	37
30	184	58
31	184	55
40	184	186
41	184	34
43	184	79
48	184	94
50	184	49
52	184	47
56	184	18
57	184	96
60	184	44
61	184	97
62	184	15
63	184	7
66	184	134
73	184	51
76	184	24
77	184	42
79	184	81
80	184	35
81	184	37
83	184	43
87	184	61
88	184	145
89	184	38
92	184	38
95	184	50
98	184	46
99	184	183
101	184	32
102	184	51
106	184	86
118	184	46
126	184	84
128	184	50
129	184	52
133	184	103
134	184	51
137	184	47
138	184	69
139	184	35
141	184	74
144	184	70
146	184	53
148	184	49
119	246	37
171	246	52
32	245	15
79	245	42
110	245	42
121	245	60
33	244	65
62	244	70
71	244	45
80	244	35
83	244	56
101	244	34
116	244	38
117	244	41
135	244	31
166	244	59
38	243	73
41	243	102
52	243	58
61	243	68
62	243	15
85	243	23
105	243	52
114	243	68
115	243	162
116	243	44
176	243	43
177	243	18
193	243	127
194	243	69
20	242	33
37	242	24
43	242	72
48	242	44
52	242	32
62	242	81
64	242	74
68	242	55
69	242	24
88	242	102
115	242	40
130	242	21
135	242	68
138	242	27
169	242	52
170	242	66
176	242	210
189	242	23
20	241	51
36	241	56
53	241	115
55	241	79
59	241	26
64	241	39
65	241	124
68	241	47
79	241	57
84	241	47
85	241	56
88	241	33
90	241	39
114	241	57
115	241	65
126	241	17
127	241	18
128	241	96
137	241	6
138	241	57
154	241	63
174	241	44
176	241	108
178	241	67
184	241	28
186	241	46
191	241	23
192	241	48
193	241	71
29	240	24
42	240	18
48	240	66
53	240	100
62	240	91
63	240	44
64	240	25
66	240	72
67	240	65
71	240	50
88	240	42
95	240	73
114	240	26
118	240	52
128	240	48
130	240	110
138	240	37
168	240	73
169	240	75
170	240	35
185	240	47
187	240	30
188	240	47
191	240	49
197	240	28
202	240	50
206	240	45
32	239	33
45	239	42
48	239	112
53	239	12
55	239	52
56	239	107
58	239	116
66	239	46
67	239	91
68	239	86
73	239	42
75	239	49
76	239	63
82	239	34
89	239	40
117	239	33
122	239	11
133	239	50
136	239	63
141	239	86
142	239	41
143	239	76
146	239	107
152	239	55
157	239	51
167	239	103
169	239	56
172	239	41
178	239	115
183	239	58
188	239	27
208	239	47
209	239	79
45	238	33
54	238	65
57	238	114
58	238	51
59	238	119
62	238	33
64	238	65
82	238	85
83	238	61
86	238	90
88	238	67
99	238	79
102	238	17
106	238	63
112	238	57
113	238	49
123	238	59
130	238	26
137	238	70
168	238	111
169	238	29
173	238	40
175	238	29
176	238	78
183	238	97
199	238	37
230	238	56
40	237	78
42	237	47
45	237	46
46	237	22
54	237	28
55	237	26
56	237	80
57	237	36
61	237	64
62	237	27
63	237	114
65	237	63
68	237	115
71	237	38
73	237	31
76	237	19
77	237	26
78	237	65
79	237	65
81	237	65
84	237	69
87	237	31
88	237	74
90	237	67
91	237	34
99	237	131
112	237	52
113	237	29
118	237	29
122	237	59
141	237	39
148	237	76
152	237	53
153	237	73
156	237	48
158	237	15
164	237	71
166	237	51
169	237	46
170	237	120
173	237	24
176	237	54
184	237	88
193	237	13
200	237	54
223	237	42
16	236	51
46	236	87
49	236	68
51	236	65
52	236	55
54	236	64
55	236	50
57	236	50
58	236	41
59	236	174
62	236	95
63	236	81
73	236	55
79	236	54
86	236	64
88	236	71
95	236	50
109	236	62
112	236	73
117	236	33
119	236	53
124	236	103
135	236	88
141	236	42
146	236	43
163	236	44
167	236	59
169	236	71
170	236	63
182	236	67
187	236	49
192	236	20
195	236	42
201	236	106
206	236	57
231	236	38
22	235	36
29	235	65
36	235	81
37	235	67
41	235	94
48	235	97
49	235	44
50	235	101
51	235	24
54	235	98
62	235	80
64	235	107
66	235	26
67	235	76
68	235	100
69	235	79
70	235	88
74	235	62
80	235	23
84	235	65
85	235	36
87	235	41
96	235	60
98	235	56
109	235	34
126	235	70
128	235	70
129	235	19
134	235	33
146	235	55
164	235	49
168	235	23
172	235	76
175	235	62
178	235	82
180	235	63
183	235	32
187	235	79
193	235	54
232	235	33
29	234	51
41	234	58
45	234	39
47	234	68
51	234	26
52	234	103
54	234	78
57	234	24
59	234	69
60	234	15
61	234	22
62	234	33
63	234	123
66	234	121
67	234	78
70	234	78
72	234	58
73	234	40
74	234	27
78	234	41
81	234	62
83	234	31
87	234	38
93	234	43
95	234	25
103	234	30
110	234	63
115	234	18
123	234	34
126	234	34
130	234	52
131	234	37
138	234	50
147	234	88
150	234	62
152	234	65
153	234	84
168	234	34
172	234	89
173	234	36
182	234	103
185	234	86
187	234	42
190	234	32
193	234	51
203	234	22
205	234	40
207	234	30
33	233	54
35	233	99
45	233	96
48	233	26
49	233	59
50	233	60
51	233	40
52	233	18
53	233	83
57	233	77
60	233	19
62	233	20
63	233	48
64	233	26
65	233	77
67	233	25
72	233	66
79	233	64
82	233	38
87	233	21
95	233	32
96	233	69
99	233	103
105	233	22
114	233	34
117	233	77
121	233	30
129	233	94
132	233	49
134	233	47
138	233	26
148	233	27
151	233	21
154	233	59
155	233	60
157	233	68
167	233	110
176	233	84
177	233	70
178	233	43
180	233	45
182	233	65
186	233	72
192	233	51
205	233	112
223	233	56
230	233	45
238	233	6
31	232	62
32	232	36
36	232	56
37	232	47
40	232	57
45	232	79
46	232	79
48	232	62
51	232	41
53	232	44
54	232	29
60	232	67
62	232	85
65	232	65
67	232	40
70	232	75
71	232	41
72	232	42
75	232	61
76	232	30
78	232	65
79	232	50
90	232	30
92	232	42
93	232	29
94	232	103
101	232	75
105	232	18
112	232	73
114	232	30
118	232	57
119	232	63
124	232	41
131	232	93
134	232	78
143	232	42
146	232	66
147	232	78
148	232	39
149	232	61
150	232	38
153	232	67
160	232	100
168	232	60
170	232	22
171	232	10
175	232	33
177	232	67
179	232	48
180	232	59
182	232	52
191	232	82
198	232	29
214	232	27
222	232	69
226	232	35
28	231	56
29	231	78
34	231	153
36	231	55
43	231	75
50	231	33
52	231	27
53	231	110
54	231	33
60	231	35
61	231	48
62	231	23
64	231	12
65	231	52
66	231	79
70	231	67
72	231	40
75	231	126
76	231	58
81	231	26
88	231	73
91	231	48
93	231	163
94	231	84
98	231	49
99	231	71
100	231	101
101	231	62
102	231	44
116	231	76
117	231	59
120	231	115
121	231	34
122	231	34
123	231	78
124	231	65
146	231	46
147	231	106
153	231	16
154	231	43
155	231	86
158	231	17
166	231	29
172	231	72
177	231	29
191	231	76
193	231	22
199	231	31
200	231	146
205	231	48
208	231	33
218	231	46
234	231	21
26	230	29
46	230	23
47	230	66
52	230	177
53	230	65
55	230	27
56	230	22
61	230	16
67	230	61
68	230	82
72	230	42
76	230	42
80	230	37
82	230	81
89	230	70
93	230	58
94	230	46
95	230	83
100	230	15
101	230	52
102	230	56
111	230	52
114	230	59
117	230	27
119	230	74
126	230	13
133	230	56
136	230	28
145	230	15
150	230	51
155	230	58
158	230	61
161	230	42
165	230	64
166	230	42
167	230	55
172	230	38
179	230	49
182	230	61
188	230	72
224	230	49
29	229	61
30	229	45
31	229	42
33	229	45
44	229	73
45	229	72
46	229	15
59	229	50
60	229	76
63	229	24
64	229	37
66	229	23
67	229	42
68	229	98
72	229	71
74	229	52
76	229	45
79	229	49
80	229	65
81	229	48
85	229	63
88	229	23
92	229	42
93	229	48
100	229	19
102	229	46
108	229	36
109	229	52
115	229	61
119	229	81
129	229	63
130	229	62
131	229	49
132	229	69
135	229	115
140	229	126
142	229	33
143	229	33
145	229	35
151	229	32
154	229	213
159	229	66
160	229	47
162	229	28
164	229	18
178	229	51
185	229	47
189	229	40
215	229	28
217	229	6
218	229	31
25	228	95
29	228	56
32	228	62
33	228	43
39	228	55
48	228	35
49	228	33
50	228	68
52	228	49
53	228	30
55	228	64
56	228	112
58	228	80
61	228	34
62	228	115
68	228	44
71	228	38
72	228	45
75	228	36
77	228	48
81	228	50
83	228	21
87	228	56
89	228	54
90	228	50
91	228	49
97	228	35
102	228	89
108	228	45
114	228	13
116	228	90
117	228	61
119	228	53
128	228	49
131	228	62
136	228	90
143	228	22
151	228	32
154	228	70
161	228	75
163	228	21
180	228	58
181	228	36
183	228	67
190	228	51
196	228	50
204	228	75
217	228	65
219	228	34
23	227	90
34	227	74
45	227	20
46	227	62
48	227	57
49	227	49
55	227	62
56	227	89
57	227	161
61	227	39
63	227	47
64	227	96
65	227	35
66	227	51
69	227	15
71	227	72
72	227	26
73	227	15
74	227	26
76	227	60
77	227	34
79	227	60
80	227	20
81	227	48
83	227	75
88	227	151
93	227	14
95	227	49
98	227	65
101	227	62
119	227	64
121	227	30
124	227	164
126	227	45
129	227	39
135	227	50
137	227	70
138	227	26
140	227	38
142	227	65
150	227	41
153	227	30
155	227	82
158	227	74
178	227	111
181	227	46
189	227	87
190	227	43
208	227	62
216	227	71
217	227	74
37	226	49
41	226	39
46	226	53
49	226	23
50	226	47
51	226	72
53	226	47
57	226	27
59	226	33
60	226	66
63	226	53
64	226	67
65	226	141
67	226	77
72	226	62
73	226	47
74	226	38
75	226	72
76	226	58
82	226	19
85	226	23
87	226	40
94	226	31
97	226	75
102	226	86
103	226	27
104	226	18
106	226	85
107	226	46
108	226	20
109	226	147
110	226	42
118	226	22
121	226	87
123	226	64
125	226	79
134	226	13
135	226	45
138	226	40
158	226	101
160	226	38
165	226	63
173	226	39
174	226	66
184	226	19
190	226	95
234	226	127
21	225	57
31	225	33
36	225	54
38	225	35
40	225	31
41	225	59
46	225	67
50	225	35
61	225	80
62	225	69
65	225	82
66	225	158
73	225	20
74	225	16
75	225	56
77	225	26
82	225	56
83	225	69
85	225	104
90	225	33
94	225	64
100	225	102
101	225	52
107	225	113
109	225	49
110	225	57
111	225	98
115	225	48
119	225	68
121	225	90
122	225	7
123	225	59
124	225	157
140	225	59
141	225	111
142	225	40
153	225	84
154	225	61
159	225	90
160	225	26
164	225	73
166	225	97
167	225	77
178	225	18
181	225	21
188	225	60
208	225	38
215	225	81
226	225	81
232	225	74
28	224	66
35	224	47
37	224	77
41	224	68
48	224	93
52	224	58
55	224	41
57	224	49
58	224	41
59	224	32
60	224	129
61	224	74
64	224	107
67	224	67
73	224	12
74	224	93
77	224	76
78	224	35
80	224	85
88	224	85
92	224	55
93	224	48
94	224	94
95	224	25
99	224	35
101	224	96
102	224	42
103	224	33
105	224	153
106	224	55
108	224	52
109	224	14
110	224	63
111	224	45
112	224	135
113	224	38
114	224	113
115	224	51
116	224	49
121	224	78
122	224	49
135	224	53
136	224	76
137	224	53
142	224	34
158	224	54
164	224	75
179	224	159
190	224	54
191	224	21
194	224	43
197	224	45
199	224	104
205	224	25
210	224	80
215	224	23
223	224	66
234	224	69
35	223	51
37	223	50
39	223	55
44	223	66
49	223	53
53	223	31
56	223	41
57	223	35
58	223	43
60	223	48
62	223	126
64	223	52
65	223	61
66	223	69
67	223	59
68	223	98
69	223	66
72	223	52
73	223	65
80	223	37
84	223	71
85	223	54
87	223	32
94	223	39
95	223	119
96	223	137
97	223	108
101	223	48
105	223	60
108	223	43
110	223	108
113	223	78
118	223	57
119	223	43
120	223	41
124	223	78
138	223	20
144	223	52
148	223	52
150	223	47
172	223	73
174	223	62
177	223	34
181	223	49
182	223	51
185	223	6
189	223	84
205	223	88
207	223	80
217	223	60
20	222	63
22	222	26
29	222	27
54	222	9
55	222	51
56	222	43
57	222	150
61	222	65
63	222	94
64	222	194
66	222	30
71	222	54
75	222	57
76	222	109
77	222	106
78	222	109
79	222	119
80	222	33
82	222	70
83	222	36
84	222	121
85	222	32
88	222	62
91	222	42
92	222	73
93	222	56
94	222	89
99	222	66
102	222	80
103	222	52
104	222	79
112	222	67
113	222	34
114	222	51
115	222	52
116	222	40
117	222	94
122	222	19
123	222	38
124	222	40
127	222	48
128	222	67
132	222	36
138	222	22
142	222	47
154	222	69
157	222	41
159	222	38
163	222	68
173	222	51
179	222	102
187	222	69
189	222	22
212	222	72
215	222	88
241	222	28
27	221	40
33	221	36
37	221	54
45	221	21
46	221	122
54	221	60
56	221	49
58	221	35
62	221	34
65	221	51
66	221	43
68	221	82
70	221	55
71	221	48
72	221	23
74	221	76
76	221	50
79	221	66
82	221	63
83	221	63
84	221	25
86	221	32
87	221	74
91	221	59
95	221	40
99	221	49
105	221	59
107	221	53
108	221	28
110	221	69
111	221	54
112	221	82
113	221	21
114	221	30
118	221	48
120	221	51
123	221	15
126	221	41
133	221	23
140	221	113
149	221	95
150	221	85
151	221	67
162	221	48
173	221	61
179	221	60
181	221	82
183	221	30
184	221	47
206	221	43
209	221	79
215	221	78
217	221	31
226	221	67
236	221	66
246	221	51
15	220	74
27	220	86
37	220	49
38	220	57
47	220	109
55	220	61
57	220	31
58	220	38
60	220	42
66	220	145
67	220	62
70	220	190
71	220	183
73	220	98
75	220	49
76	220	86
80	220	46
81	220	64
82	220	54
83	220	30
84	220	90
88	220	56
89	220	4
92	220	38
93	220	35
94	220	32
95	220	90
97	220	55
98	220	32
99	220	73
103	220	66
109	220	80
110	220	104
111	220	59
112	220	135
113	220	80
116	220	21
117	220	44
119	220	79
122	220	60
123	220	57
124	220	65
130	220	90
132	220	88
135	220	32
137	220	32
138	220	65
142	220	33
150	220	48
151	220	72
162	220	57
164	220	59
166	220	61
173	220	26
181	220	61
190	220	23
198	220	73
202	220	79
204	220	60
209	220	52
211	220	42
218	220	31
220	220	36
235	220	89
16	219	94
30	219	98
33	219	55
37	219	107
40	219	21
42	219	60
50	219	99
55	219	51
57	219	69
62	219	41
63	219	58
64	219	118
65	219	57
66	219	66
68	219	22
70	219	41
71	219	37
72	219	31
73	219	18
75	219	63
76	219	78
77	219	74
78	219	54
79	219	105
81	219	35
82	219	62
83	219	28
84	219	44
88	219	31
90	219	68
91	219	28
92	219	111
94	219	48
97	219	44
100	219	62
101	219	76
102	219	62
103	219	68
105	219	65
111	219	46
113	219	72
119	219	20
120	219	57
121	219	48
124	219	37
125	219	45
127	219	30
130	219	31
137	219	96
138	219	106
142	219	35
149	219	36
151	219	123
153	219	60
155	219	28
162	219	72
165	219	47
167	219	46
171	219	54
175	219	49
176	219	83
178	219	37
179	219	103
181	219	84
213	219	69
214	219	22
215	219	70
216	219	43
222	219	140
223	219	36
237	219	74
26	218	94
27	218	30
31	218	45
33	218	26
37	218	94
39	218	38
40	218	49
41	218	14
42	218	60
44	218	50
47	218	52
49	218	47
51	218	19
56	218	22
61	218	142
63	218	53
65	218	150
66	218	45
67	218	114
68	218	45
72	218	119
75	218	52
77	218	45
78	218	49
79	218	29
81	218	37
82	218	114
84	218	108
86	218	45
90	218	72
91	218	67
95	218	17
96	218	133
97	218	14
98	218	26
100	218	42
101	218	75
104	218	57
111	218	57
115	218	26
116	218	172
117	218	13
121	218	75
124	218	147
125	218	17
130	218	52
133	218	66
136	218	20
141	218	129
142	218	75
151	218	19
152	218	66
160	218	45
161	218	159
162	218	78
164	218	74
165	218	36
173	218	54
177	218	73
180	218	53
189	218	47
194	218	66
196	218	15
198	218	88
200	218	74
211	218	117
216	218	119
223	218	47
232	218	26
233	218	36
29	217	36
32	217	15
38	217	26
40	217	41
41	217	8
42	217	38
44	217	50
45	217	110
46	217	22
47	217	67
51	217	52
54	217	22
56	217	38
57	217	48
61	217	31
63	217	89
64	217	28
65	217	46
66	217	47
68	217	111
70	217	34
72	217	73
73	217	39
75	217	42
77	217	52
80	217	122
82	217	58
84	217	15
85	217	64
89	217	122
92	217	80
93	217	34
95	217	65
97	217	65
98	217	45
100	217	35
103	217	35
105	217	114
114	217	88
115	217	161
116	217	65
117	217	63
118	217	76
120	217	5
122	217	72
123	217	12
124	217	51
125	217	109
127	217	83
128	217	47
134	217	31
138	217	58
141	217	34
143	217	17
144	217	28
147	217	50
152	217	28
154	217	30
158	217	71
159	217	49
161	217	79
164	217	58
167	217	61
171	217	34
179	217	49
180	217	119
186	217	58
188	217	61
190	217	47
194	217	107
195	217	39
196	217	20
197	217	61
202	217	42
211	217	107
212	217	8
226	217	108
227	217	75
232	217	86
234	217	43
235	217	63
236	217	78
11	216	68
27	216	60
37	216	73
39	216	63
41	216	42
44	216	60
45	216	125
50	216	73
51	216	42
54	216	59
56	216	10
59	216	79
61	216	105
62	216	31
63	216	145
65	216	56
66	216	59
67	216	63
68	216	51
70	216	27
71	216	40
76	216	74
77	216	59
78	216	142
81	216	80
84	216	52
86	216	54
90	216	131
91	216	60
93	216	125
101	216	103
102	216	57
105	216	128
106	216	63
108	216	73
112	216	90
113	216	89
114	216	54
116	216	113
120	216	61
122	216	50
125	216	52
128	216	63
130	216	73
131	216	70
134	216	31
140	216	19
141	216	56
142	216	48
144	216	68
149	216	55
156	216	201
157	216	70
162	216	13
164	216	46
166	216	52
168	216	89
175	216	30
176	216	114
177	216	40
178	216	68
190	216	24
192	216	67
195	216	75
198	216	63
206	216	129
210	216	87
212	216	11
217	216	32
219	216	72
222	216	9
225	216	73
230	216	117
231	216	62
233	216	58
240	216	36
31	215	68
33	215	57
34	215	104
35	215	64
48	215	57
49	215	30
50	215	143
51	215	35
54	215	92
57	215	39
58	215	18
61	215	61
63	215	61
64	215	30
65	215	44
69	215	80
71	215	27
73	215	62
75	215	88
76	215	73
77	215	54
81	215	63
82	215	64
84	215	30
86	215	49
87	215	38
88	215	103
89	215	91
90	215	61
91	215	33
92	215	52
93	215	77
94	215	28
95	215	71
97	215	30
98	215	37
99	215	57
101	215	37
102	215	67
105	215	50
109	215	120
112	215	34
113	215	56
114	215	26
115	215	226
117	215	86
119	215	41
120	215	19
126	215	61
128	215	45
130	215	74
131	215	102
133	215	73
135	215	147
140	215	61
141	215	60
144	215	118
145	215	42
146	215	41
153	215	74
154	215	66
157	215	29
169	215	78
172	215	18
174	215	37
175	215	65
176	215	105
177	215	13
178	215	41
188	215	48
193	215	80
194	215	31
197	215	69
198	215	88
200	215	40
203	215	21
207	215	40
220	215	43
221	215	53
224	215	66
226	215	90
228	215	31
229	215	107
230	215	56
21	214	41
32	214	16
33	214	52
41	214	88
43	214	130
45	214	91
46	214	114
49	214	86
50	214	45
52	214	76
55	214	41
57	214	15
60	214	65
61	214	49
62	214	76
63	214	72
64	214	44
66	214	46
71	214	35
72	214	135
73	214	48
78	214	52
79	214	27
80	214	133
82	214	14
83	214	85
85	214	50
86	214	88
87	214	20
88	214	36
89	214	35
91	214	83
93	214	52
96	214	58
100	214	114
101	214	36
102	214	57
104	214	64
108	214	80
110	214	62
113	214	25
114	214	50
117	214	65
118	214	57
119	214	100
121	214	20
129	214	54
130	214	55
141	214	40
142	214	41
143	214	84
144	214	15
149	214	30
151	214	53
152	214	81
158	214	111
160	214	24
161	214	52
162	214	106
171	214	25
174	214	67
175	214	82
179	214	27
186	214	55
187	214	172
191	214	11
194	214	62
195	214	6
210	214	46
218	214	11
221	214	108
227	214	52
228	214	40
230	214	45
231	214	32
26	213	34
38	213	71
41	213	73
45	213	52
46	213	66
47	213	65
48	213	26
49	213	66
51	213	55
55	213	64
56	213	63
57	213	64
60	213	43
62	213	95
65	213	36
67	213	16
68	213	91
69	213	136
71	213	66
75	213	46
78	213	58
79	213	17
80	213	44
81	213	33
86	213	54
91	213	40
92	213	71
94	213	50
100	213	45
102	213	52
103	213	117
104	213	33
105	213	43
106	213	82
108	213	47
109	213	42
112	213	60
116	213	61
129	213	32
130	213	25
134	213	49
135	213	59
137	213	48
139	213	59
141	213	11
143	213	26
146	213	26
157	213	52
159	213	62
165	213	48
167	213	29
172	213	41
175	213	139
176	213	42
188	213	18
191	213	63
192	213	72
195	213	59
203	213	57
212	213	23
213	213	61
214	213	23
215	213	65
220	213	23
221	213	59
225	213	30
230	213	69
235	213	68
236	213	12
238	213	34
240	213	72
241	213	58
26	212	40
29	212	55
33	212	36
34	212	46
39	212	106
40	212	26
41	212	14
48	212	63
52	212	69
54	212	84
58	212	96
64	212	70
65	212	22
66	212	40
71	212	70
73	212	8
74	212	158
76	212	80
77	212	212
78	212	55
81	212	44
82	212	65
84	212	68
85	212	37
86	212	168
87	212	36
88	212	52
89	212	105
90	212	69
91	212	84
92	212	101
93	212	116
94	212	109
95	212	33
99	212	83
100	212	52
101	212	165
102	212	37
103	212	80
105	212	34
112	212	51
121	212	52
122	212	50
126	212	54
127	212	26
130	212	64
132	212	57
133	212	68
134	212	33
135	212	48
136	212	45
138	212	72
139	212	52
144	212	27
145	212	67
160	212	81
162	212	62
164	212	79
167	212	100
169	212	133
171	212	53
172	212	59
177	212	30
178	212	27
181	212	24
184	212	70
202	212	54
205	212	20
217	212	64
219	212	53
225	212	13
226	212	61
231	212	47
242	212	52
14	211	67
37	211	29
40	211	59
45	211	10
49	211	122
51	211	67
55	211	55
56	211	63
57	211	118
58	211	69
61	211	58
63	211	90
65	211	66
66	211	74
67	211	39
69	211	44
70	211	41
72	211	125
73	211	165
75	211	77
77	211	40
79	211	80
81	211	99
83	211	113
84	211	137
85	211	27
86	211	53
89	211	16
90	211	59
92	211	77
93	211	11
96	211	91
97	211	51
98	211	49
100	211	67
102	211	40
105	211	56
106	211	63
107	211	54
109	211	55
112	211	87
113	211	11
115	211	47
116	211	37
117	211	76
120	211	2
121	211	89
123	211	27
130	211	77
131	211	50
134	211	68
135	211	5
138	211	129
140	211	101
141	211	40
150	211	87
156	211	128
161	211	8
167	211	27
168	211	55
185	211	41
194	211	54
196	211	69
201	211	65
203	211	78
205	211	17
208	211	62
210	211	16
211	211	36
223	211	79
224	211	54
226	211	147
239	211	17
15	210	62
23	210	39
28	210	61
30	210	54
32	210	68
34	210	34
37	210	75
38	210	49
39	210	65
41	210	65
43	210	42
46	210	32
47	210	113
50	210	40
53	210	69
54	210	72
55	210	20
56	210	135
57	210	129
58	210	81
59	210	35
61	210	44
63	210	43
64	210	69
66	210	136
67	210	74
70	210	52
71	210	78
73	210	43
74	210	7
77	210	43
80	210	51
84	210	40
86	210	51
87	210	53
88	210	127
89	210	105
90	210	73
91	210	51
92	210	172
93	210	30
94	210	45
95	210	68
96	210	139
100	210	54
101	210	131
102	210	65
104	210	45
106	210	69
107	210	62
111	210	51
113	210	22
115	210	59
117	210	39
118	210	22
120	210	33
121	210	22
125	210	73
126	210	42
128	210	72
129	210	85
131	210	44
132	210	74
136	210	31
137	210	36
140	210	57
143	210	66
147	210	117
148	210	136
149	210	70
157	210	62
160	210	23
163	210	37
167	210	56
171	210	77
174	210	79
175	210	52
184	210	48
194	210	37
199	210	156
202	210	50
203	210	84
214	210	53
218	210	106
219	210	40
220	210	83
221	210	14
222	210	45
228	210	59
230	210	73
231	210	63
232	210	74
238	210	81
239	210	40
241	210	86
8	209	30
28	209	73
29	209	59
31	209	31
35	209	54
37	209	41
40	209	56
48	209	85
49	209	99
50	209	35
53	209	49
54	209	76
55	209	103
57	209	69
58	209	103
59	209	12
60	209	51
61	209	53
63	209	98
64	209	60
65	209	80
66	209	82
67	209	40
71	209	48
72	209	39
73	209	37
77	209	24
82	209	61
86	209	51
87	209	70
88	209	36
90	209	75
92	209	130
97	209	61
98	209	12
99	209	12
100	209	42
101	209	32
103	209	88
104	209	52
105	209	39
106	209	70
107	209	68
108	209	24
110	209	58
114	209	143
115	209	47
116	209	94
118	209	109
121	209	82
125	209	18
129	209	70
132	209	120
136	209	96
138	209	75
147	209	42
158	209	55
167	209	41
175	209	44
180	209	51
183	209	51
184	209	57
185	209	22
191	209	39
192	209	68
193	209	42
200	209	23
216	209	83
218	209	34
220	209	14
222	209	71
224	209	23
225	209	64
226	209	55
228	209	38
230	209	22
23	208	40
26	208	66
38	208	114
39	208	24
41	208	67
42	208	59
46	208	113
50	208	37
51	208	100
52	208	44
53	208	41
56	208	72
58	208	163
60	208	108
61	208	131
66	208	36
67	208	45
68	208	53
69	208	65
71	208	94
74	208	71
75	208	113
76	208	37
81	208	50
84	208	45
85	208	207
86	208	24
88	208	121
89	208	84
90	208	50
92	208	36
93	208	44
94	208	83
99	208	118
100	208	141
102	208	75
107	208	86
108	208	54
111	208	98
119	208	24
121	208	17
122	208	68
126	208	48
127	208	30
128	208	63
130	208	69
131	208	34
132	208	50
135	208	44
138	208	52
141	208	64
144	208	32
145	208	54
146	208	52
148	208	30
165	208	53
169	208	54
171	208	74
173	208	64
175	208	48
184	208	60
200	208	33
208	208	42
213	208	77
214	208	203
215	208	203
218	208	55
219	208	65
224	208	68
225	208	44
226	208	83
228	208	64
234	208	46
238	208	70
241	208	117
22	207	24
32	207	135
34	207	99
38	207	20
39	207	22
40	207	55
41	207	45
43	207	42
44	207	82
45	207	83
49	207	50
51	207	52
52	207	66
53	207	122
56	207	103
57	207	70
59	207	122
61	207	101
63	207	76
64	207	54
70	207	45
71	207	43
73	207	184
80	207	53
82	207	93
83	207	66
85	207	143
93	207	61
94	207	27
96	207	58
98	207	47
99	207	56
105	207	37
110	207	63
112	207	94
116	207	38
122	207	14
125	207	50
130	207	89
133	207	23
135	207	46
137	207	49
139	207	40
140	207	45
144	207	14
145	207	65
146	207	48
149	207	18
150	207	65
156	207	59
157	207	45
160	207	42
161	207	36
170	207	52
176	207	104
179	207	54
183	207	27
190	207	44
198	207	54
200	207	74
203	207	50
208	207	16
211	207	24
216	207	60
226	207	59
227	207	52
233	207	75
234	207	48
235	207	36
18	206	38
27	206	71
31	206	24
32	206	85
33	206	56
39	206	68
40	206	118
41	206	58
42	206	13
43	206	22
46	206	111
47	206	46
50	206	40
51	206	144
53	206	64
56	206	231
60	206	35
62	206	25
63	206	111
64	206	82
65	206	22
66	206	30
67	206	64
68	206	93
69	206	78
71	206	175
74	206	54
76	206	28
80	206	20
83	206	42
84	206	57
85	206	44
89	206	57
93	206	139
97	206	38
98	206	11
100	206	14
102	206	79
104	206	144
109	206	81
110	206	113
112	206	21
113	206	67
115	206	36
118	206	72
119	206	32
121	206	93
122	206	37
124	206	59
126	206	30
127	206	29
129	206	33
131	206	17
136	206	62
148	206	69
151	206	70
161	206	59
163	206	67
164	206	52
166	206	67
178	206	34
180	206	22
181	206	66
187	206	30
189	206	68
194	206	109
197	206	66
202	206	92
203	206	65
209	206	33
211	206	40
214	206	56
215	206	52
216	206	97
218	206	49
221	206	218
227	206	78
229	206	52
232	206	55
237	206	30
239	206	49
244	206	51
32	205	60
34	205	65
39	205	44
43	205	57
44	205	148
46	205	56
47	205	47
48	205	97
49	205	85
51	205	101
53	205	68
57	205	38
58	205	68
59	205	44
61	205	44
62	205	106
68	205	79
70	205	102
71	205	114
72	205	49
74	205	123
77	205	16
78	205	23
80	205	39
81	205	81
82	205	43
83	205	173
87	205	50
91	205	89
94	205	27
95	205	52
96	205	26
98	205	22
102	205	110
103	205	68
104	205	78
106	205	110
107	205	67
108	205	45
109	205	37
110	205	30
114	205	30
116	205	65
120	205	50
126	205	61
127	205	26
128	205	114
130	205	76
131	205	54
134	205	63
136	205	52
140	205	155
143	205	77
144	205	49
145	205	29
150	205	62
155	205	52
156	205	68
164	205	76
165	205	18
169	205	126
171	205	70
176	205	18
178	205	56
179	205	21
181	205	42
188	205	110
192	205	52
195	205	92
198	205	39
200	205	57
201	205	65
203	205	85
207	205	84
208	205	68
211	205	27
213	205	31
214	205	21
219	205	48
222	205	204
228	205	46
229	205	76
232	205	48
235	205	122
239	205	106
240	205	51
241	205	54
242	205	15
12	204	43
20	204	59
25	204	94
30	204	59
34	204	97
37	204	46
38	204	52
42	204	18
43	204	154
44	204	122
45	204	104
46	204	43
47	204	59
49	204	62
50	204	3
54	204	70
55	204	27
56	204	43
57	204	132
58	204	82
59	204	208
64	204	96
65	204	56
66	204	35
67	204	54
68	204	51
69	204	25
70	204	90
71	204	70
72	204	94
73	204	33
76	204	81
79	204	114
80	204	62
82	204	37
83	204	120
84	204	69
85	204	136
91	204	106
93	204	49
95	204	83
98	204	57
103	204	81
104	204	87
105	204	40
108	204	90
112	204	57
118	204	11
119	204	74
122	204	48
123	204	60
124	204	55
127	204	46
134	204	85
136	204	153
137	204	62
138	204	83
140	204	42
141	204	57
142	204	131
143	204	43
145	204	50
150	204	67
152	204	61
158	204	43
159	204	51
160	204	66
161	204	72
162	204	62
166	204	53
168	204	42
175	204	50
179	204	71
188	204	164
189	204	89
192	204	49
193	204	42
195	204	39
203	204	73
209	204	154
210	204	51
214	204	85
220	204	78
221	204	56
222	204	65
232	204	57
233	204	95
17	203	62
23	203	128
24	203	44
25	203	31
32	203	47
35	203	92
36	203	69
37	203	92
40	203	19
42	203	126
43	203	24
48	203	27
50	203	87
51	203	13
52	203	30
53	203	82
54	203	34
56	203	93
57	203	238
58	203	66
64	203	51
69	203	2
70	203	42
72	203	92
74	203	55
75	203	22
76	203	7
79	203	77
81	203	63
82	203	124
86	203	23
89	203	146
90	203	175
93	203	171
94	203	50
96	203	40
97	203	40
100	203	35
101	203	105
103	203	132
104	203	59
107	203	108
108	203	19
109	203	77
110	203	67
112	203	59
115	203	82
116	203	75
117	203	82
118	203	190
119	203	89
120	203	75
122	203	62
123	203	66
124	203	86
125	203	128
128	203	34
129	203	47
130	203	55
136	203	18
137	203	16
138	203	28
139	203	84
140	203	76
141	203	83
143	203	125
144	203	61
147	203	30
152	203	56
158	203	104
160	203	97
161	203	49
162	203	34
163	203	73
165	203	69
179	203	18
181	203	71
182	203	34
188	203	73
189	203	22
190	203	169
191	203	31
192	203	59
194	203	78
196	203	73
198	203	40
199	203	48
200	203	46
202	203	38
207	203	81
209	203	34
210	203	86
211	203	63
218	203	49
219	203	31
220	203	76
222	203	71
223	203	21
226	203	93
227	203	34
229	203	47
235	203	82
23	202	9
26	202	51
28	202	74
29	202	67
33	202	23
34	202	78
36	202	140
37	202	41
39	202	110
40	202	48
41	202	91
43	202	79
45	202	70
46	202	71
47	202	33
49	202	26
50	202	148
51	202	88
52	202	59
58	202	14
59	202	25
60	202	67
62	202	65
63	202	32
66	202	28
69	202	55
73	202	70
75	202	53
76	202	64
82	202	132
84	202	92
86	202	23
87	202	73
89	202	75
90	202	48
93	202	90
95	202	34
99	202	60
100	202	71
102	202	90
103	202	54
104	202	70
105	202	50
108	202	27
109	202	99
111	202	76
115	202	41
116	202	38
118	202	86
119	202	98
120	202	82
123	202	23
124	202	135
125	202	30
133	202	29
134	202	28
136	202	72
137	202	113
138	202	88
139	202	56
140	202	120
141	202	41
142	202	92
145	202	96
148	202	56
152	202	40
153	202	126
155	202	58
158	202	43
160	202	68
161	202	61
162	202	43
166	202	49
167	202	23
179	202	51
184	202	64
188	202	70
189	202	73
190	202	70
195	202	49
199	202	94
201	202	56
206	202	161
208	202	69
210	202	149
211	202	64
216	202	51
219	202	58
220	202	78
221	202	107
223	202	78
224	202	34
229	202	51
232	202	57
234	202	55
241	202	81
27	201	40
32	201	57
34	201	48
36	201	68
39	201	30
40	201	78
42	201	51
44	201	70
45	201	6
46	201	84
47	201	79
48	201	65
49	201	52
50	201	231
51	201	61
52	201	75
53	201	75
54	201	63
55	201	52
56	201	15
59	201	40
62	201	89
63	201	61
67	201	13
69	201	25
71	201	30
72	201	99
73	201	68
74	201	99
82	201	16
85	201	47
87	201	83
93	201	33
94	201	107
95	201	33
96	201	25
97	201	65
99	201	105
100	201	149
101	201	15
104	201	110
106	201	50
107	201	4
108	201	100
109	201	39
113	201	24
114	201	83
117	201	73
118	201	106
119	201	169
122	201	29
125	201	93
127	201	56
129	201	49
136	201	73
137	201	41
140	201	112
141	201	92
147	201	85
151	201	70
153	201	43
158	201	140
165	201	25
170	201	30
174	201	52
175	201	14
176	201	41
183	201	52
199	201	62
207	201	100
208	201	63
209	201	98
213	201	68
217	201	13
221	201	73
224	201	72
225	201	32
228	201	64
229	201	51
235	201	63
237	201	46
25	200	90
29	200	78
31	200	22
33	200	202
36	200	34
40	200	172
41	200	56
42	200	76
43	200	88
46	200	109
50	200	58
52	200	92
53	200	116
54	200	155
55	200	47
56	200	68
59	200	101
63	200	44
64	200	88
70	200	71
71	200	88
73	200	22
76	200	45
77	200	68
81	200	106
83	200	17
84	200	101
90	200	36
97	200	57
99	200	19
100	200	45
102	200	58
104	200	30
105	200	47
106	200	23
107	200	125
109	200	40
113	200	49
114	200	28
120	200	35
121	200	43
123	200	87
124	200	60
127	200	47
129	200	39
133	200	60
134	200	27
138	200	112
141	200	71
143	200	14
146	200	125
152	200	69
154	200	23
157	200	28
160	200	86
162	200	40
163	200	46
169	200	64
180	200	55
183	200	46
187	200	76
190	200	65
193	200	28
194	200	38
196	200	68
198	200	54
203	200	37
210	200	22
212	200	43
217	200	44
218	200	51
220	200	130
222	200	36
223	200	23
224	200	115
236	200	47
241	200	67
26	199	41
31	199	105
33	199	43
34	199	78
35	199	25
39	199	33
42	199	24
43	199	91
44	199	35
47	199	27
48	199	22
49	199	55
50	199	75
51	199	62
52	199	61
53	199	55
54	199	114
55	199	66
57	199	26
58	199	66
61	199	95
63	199	37
64	199	18
66	199	50
69	199	55
70	199	79
72	199	25
74	199	48
77	199	29
78	199	38
80	199	100
82	199	69
83	199	83
84	199	78
85	199	20
87	199	54
88	199	126
91	199	155
92	199	40
94	199	54
95	199	36
96	199	65
98	199	59
99	199	73
100	199	128
101	199	57
102	199	106
103	199	42
105	199	46
106	199	42
107	199	29
108	199	101
109	199	102
110	199	51
111	199	40
112	199	146
113	199	34
114	199	87
115	199	32
116	199	57
123	199	21
125	199	49
127	199	21
128	199	28
130	199	90
134	199	150
137	199	116
138	199	80
139	199	44
142	199	65
143	199	51
151	199	61
152	199	158
159	199	29
161	199	48
162	199	35
163	199	42
194	199	55
197	199	83
199	199	111
205	199	49
206	199	77
207	199	51
208	199	51
210	199	57
211	199	111
213	199	89
216	199	79
218	199	118
221	199	58
224	199	92
225	199	152
226	199	77
228	199	13
233	199	49
15	198	73
29	198	57
31	198	43
33	198	15
34	198	74
35	198	65
36	198	79
37	198	36
38	198	43
41	198	115
42	198	112
43	198	146
44	198	96
45	198	45
46	198	72
47	198	60
51	198	37
56	198	57
57	198	31
59	198	112
62	198	66
63	198	87
64	198	120
66	198	75
67	198	56
71	198	75
73	198	83
74	198	69
75	198	92
78	198	93
79	198	8
80	198	62
82	198	52
85	198	101
87	198	78
88	198	54
92	198	180
93	198	46
96	198	55
97	198	33
98	198	73
100	198	32
102	198	73
103	198	54
104	198	36
105	198	89
106	198	84
107	198	110
108	198	60
112	198	43
114	198	63
116	198	25
119	198	24
121	198	47
122	198	11
123	198	91
124	198	57
125	198	87
126	198	85
127	198	62
128	198	85
129	198	44
130	198	49
132	198	53
133	198	51
134	198	132
135	198	71
144	198	13
145	198	27
157	198	59
161	198	80
166	198	33
171	198	51
178	198	66
190	198	73
193	198	58
197	198	30
198	198	13
199	198	91
206	198	82
207	198	119
211	198	50
214	198	39
216	198	68
219	198	90
220	198	29
221	198	70
223	198	53
227	198	85
229	198	85
231	198	31
241	198	46
32	197	55
33	197	117
35	197	51
37	197	29
38	197	96
40	197	50
41	197	29
42	197	139
43	197	25
44	197	126
46	197	17
47	197	63
48	197	13
52	197	45
53	197	108
54	197	109
56	197	81
58	197	130
59	197	42
64	197	74
67	197	117
69	197	86
71	197	24
72	197	60
73	197	112
74	197	57
75	197	51
76	197	84
77	197	81
78	197	113
81	197	152
87	197	47
88	197	71
89	197	28
90	197	38
92	197	45
94	197	60
97	197	18
103	197	26
104	197	92
105	197	20
106	197	40
107	197	18
108	197	98
109	197	74
111	197	13
112	197	91
116	197	62
118	197	22
119	197	74
120	197	50
123	197	38
126	197	98
129	197	83
137	197	34
141	197	41
142	197	65
143	197	88
145	197	86
151	197	103
161	197	56
168	197	29
169	197	65
171	197	29
178	197	66
179	197	84
180	197	95
181	197	27
184	197	92
187	197	50
197	197	24
200	197	69
201	197	29
205	197	45
214	197	53
219	197	95
220	197	73
225	197	27
226	197	44
228	197	26
230	197	60
231	197	65
232	197	112
233	197	75
238	197	18
239	197	56
241	197	70
242	197	78
13	196	51
23	196	66
27	196	73
33	196	40
34	196	48
39	196	124
42	196	56
43	196	95
44	196	46
45	196	28
49	196	68
51	196	67
52	196	79
54	196	45
55	196	57
56	196	150
57	196	44
58	196	50
59	196	67
62	196	138
63	196	96
64	196	37
65	196	81
67	196	73
70	196	58
71	196	32
74	196	78
78	196	214
79	196	48
80	196	111
81	196	12
83	196	85
85	196	81
86	196	144
89	196	28
93	196	92
94	196	21
99	196	49
100	196	62
101	196	46
102	196	62
104	196	58
105	196	82
108	196	41
109	196	58
110	196	68
112	196	153
113	196	25
114	196	40
115	196	26
118	196	22
119	196	44
121	196	28
124	196	43
129	196	29
133	196	60
135	196	41
139	196	65
140	196	95
144	196	86
153	196	57
163	196	19
170	196	84
171	196	40
172	196	26
176	196	79
179	196	39
182	196	112
183	196	82
192	196	56
195	196	7
197	196	62
216	196	169
219	196	41
220	196	151
223	196	26
226	196	52
227	196	45
229	196	18
230	196	83
231	196	43
238	196	44
247	196	81
15	195	25
18	195	34
23	195	53
27	195	37
28	195	153
29	195	85
31	195	45
32	195	46
34	195	84
37	195	57
42	195	115
43	195	79
46	195	65
47	195	46
48	195	72
51	195	67
52	195	38
54	195	27
55	195	56
56	195	23
57	195	40
60	195	104
62	195	71
64	195	19
67	195	60
68	195	59
73	195	36
74	195	59
80	195	98
81	195	135
82	195	34
83	195	90
84	195	59
85	195	89
87	195	55
88	195	51
90	195	49
91	195	46
92	195	32
93	195	32
95	195	41
96	195	19
98	195	139
99	195	122
# chipNumber: 4
# chipName:   G 10 W69
# numHits:    32
70	221	4
9	176	64
25	173	43
9	171	50
32	156	62
32	154	68
10	151	32
10	147	16
15	147	69
41	143	13
42	141	50
19	140	65
18	139	31
32	136	7
12	135	38
13	132	24
14	132	95
20	131	64
25	130	38
26	130	68
17	127	53
9	120	35
21	115	45
12	114	19
9	113	107
12	111	59
11	106	82
140	18	70
141	17	49
140	16	42
155	9	47
157	8	45
# chipNumber: 5
# chipName:   D 9 W69
# numHits:    0
# chipNumber: 6
# chipName:   L 8 W69
# numHits:    3
49	241	38
166	233	11810
234	203	11810
