## [General]
## runNumber:        241
## runTime:       	 7200
## runTimeFrames: 	 0
## pathName:         data/runs/Run_241_181022-16-16
## dateTime:         2018-10-22.17:10:06
## numChips:         7
## shutterTime:      30
## shutterMode:      verylong
## runMode:          0
## fastClock:        0
## externalTrigger:  0
## [Event]
## eventNumber:      4237
## useHvFadc:    	 1
## fadcReadout:    	 1
## szint1ClockInt:	 0
## szint2ClockInt:	 0
## fadcTriggerClock: 0
# chipNumber: 0
# chipName:   E 6 W69
# numHits:    0
# chipNumber: 1
# chipName:   K 6 W69
# numHits:    0
# chipNumber: 2
# chipName:   H 9 W69
# numHits:    286
242	157	101
244	157	60
235	156	61
237	156	107
238	155	153
230	153	40
210	146	71
232	146	45
237	145	22
245	145	46
244	144	104
245	144	65
227	142	81
242	142	98
242	141	61
242	140	86
231	139	42
239	138	26
240	137	20
241	137	40
227	136	55
238	136	39
234	134	52
243	134	28
245	134	83
247	134	51
232	133	38
238	133	37
246	133	32
247	133	54
245	132	13
247	132	98
248	132	70
151	131	43
159	131	27
236	130	64
238	130	83
240	130	64
160	128	47
238	128	46
245	128	33
157	127	78
240	127	60
147	126	32
157	126	27
208	126	53
226	126	56
244	126	65
156	125	37
223	125	49
240	125	46
247	125	44
120	124	51
122	124	36
155	124	65
156	124	37
213	124	94
232	124	76
233	124	80
241	124	50
134	123	36
150	123	33
241	123	41
140	122	65
146	122	53
227	122	48
240	122	45
147	121	16
150	121	99
168	121	98
194	121	91
232	121	50
246	121	40
139	120	32
197	120	40
237	120	42
239	120	44
141	119	51
145	119	52
153	119	24
242	119	19
111	118	26
112	118	69
119	118	66
145	118	59
169	118	33
239	118	36
112	117	103
144	117	31
167	117	84
169	117	82
240	117	39
101	116	84
153	116	50
164	116	30
195	116	30
243	116	59
146	115	39
159	115	41
164	115	57
234	115	63
239	115	64
240	115	63
241	115	25
139	114	81
142	114	112
145	114	66
151	114	32
158	114	49
159	114	45
223	114	103
238	114	65
240	114	59
139	113	42
140	113	34
141	113	30
146	113	73
160	113	61
161	113	92
245	113	57
136	112	63
234	112	54
239	112	61
241	112	22
243	112	73
148	111	23
149	111	39
151	111	10
236	111	34
237	111	63
247	111	14
76	110	58
176	110	33
180	110	49
121	109	14
140	109	37
148	109	30
149	109	47
191	109	70
76	108	41
133	108	66
136	108	61
137	108	24
148	108	46
149	108	16
151	108	25
159	108	41
239	108	34
140	107	53
148	107	67
149	107	65
153	107	22
232	107	54
239	107	70
247	107	43
122	106	97
141	106	90
142	106	150
143	106	25
149	106	26
72	105	32
163	105	63
237	105	69
239	105	53
242	105	43
61	104	77
71	104	47
149	104	36
157	104	52
170	104	62
8	103	41
97	103	15
99	103	74
130	103	49
136	103	86
138	103	27
148	103	38
168	103	34
219	103	43
97	102	55
141	102	52
234	102	29
144	101	26
148	101	29
149	101	48
150	101	53
162	101	49
164	101	64
244	101	78
120	100	48
141	100	22
142	100	65
224	100	45
48	99	38
114	99	24
148	99	63
153	99	6
159	99	49
36	98	21
113	98	124
132	98	106
153	98	30
65	97	33
108	97	19
114	97	25
160	97	8
35	96	72
53	96	74
62	96	49
103	96	21
126	96	47
155	96	15
158	96	20
242	96	79
54	95	59
61	95	53
96	95	56
102	95	61
115	95	51
127	95	51
137	95	25
148	95	33
155	95	22
241	95	41
244	95	43
21	94	90
120	94	43
73	93	41
138	93	30
20	92	45
75	92	49
98	92	36
107	92	68
114	92	53
171	92	41
56	91	59
83	91	49
94	91	41
20	90	83
44	90	52
71	90	44
72	90	51
73	90	85
92	90	44
23	89	54
47	89	59
88	89	10
104	88	84
25	87	69
47	87	37
84	87	40
49	86	30
123	86	33
30	85	47
30	84	31
119	84	26
11	83	21
73	83	57
11	82	66
73	82	43
73	81	26
13	80	28
27	79	62
57	79	37
244	79	20
30	77	63
34	76	29
10	75	34
21	74	51
239	72	82
18	60	106
240	58	53
15	56	45
240	52	93
246	43	38
160	36	72
185	32	45
175	23	32
217	21	51
238	18	84
212	16	48
191	14	44
223	12	29
224	12	46
225	9	22
147	8	42
# chipNumber: 3
# chipName:   H 10 W69
# numHits:    22576
50	205	59
52	205	67
53	205	172
55	205	5
56	205	229
57	205	9
58	205	73
61	205	71
62	205	60
63	205	121
64	205	150
65	205	27
70	205	59
75	205	56
81	205	28
83	205	88
85	205	170
86	205	38
87	205	77
88	205	32
90	205	113
94	205	86
96	205	76
97	205	62
102	205	92
103	205	44
105	205	27
108	205	111
109	205	106
110	205	81
112	205	103
113	205	43
115	205	155
116	205	42
118	205	110
119	205	113
120	205	67
122	205	77
124	205	17
126	205	92
128	205	57
131	205	11
137	205	69
138	205	39
140	205	12
142	205	53
146	205	52
147	205	87
149	205	69
153	205	76
154	205	179
155	205	57
161	205	25
163	205	78
169	205	36
170	205	11
171	205	26
172	205	100
174	205	82
175	205	21
176	205	48
177	205	55
178	205	162
179	205	129
193	205	68
194	205	29
195	205	38
202	205	109
206	205	26
212	205	26
214	205	43
215	205	98
216	205	67
219	205	80
220	205	48
222	205	52
237	205	106
12	204	46
15	204	15
16	204	50
18	204	30
20	204	70
21	204	55
22	204	78
25	204	58
26	204	97
27	204	29
29	204	43
30	204	116
31	204	51
32	204	61
33	204	39
34	204	94
35	204	134
39	204	98
43	204	48
44	204	72
45	204	134
46	204	36
48	204	148
49	204	45
53	204	40
54	204	33
57	204	59
59	204	73
62	204	75
63	204	65
65	204	83
66	204	45
70	204	56
74	204	59
76	204	52
82	204	81
85	204	66
88	204	121
90	204	189
91	204	99
92	204	76
94	204	58
97	204	69
101	204	23
102	204	68
103	204	50
108	204	101
110	204	43
113	204	60
114	204	69
115	204	114
116	204	19
117	204	70
121	204	54
124	204	32
125	204	93
126	204	60
135	204	100
139	204	60
140	204	158
142	204	67
143	204	66
150	204	30
153	204	77
156	204	17
163	204	93
166	204	51
168	204	59
169	204	17
170	204	79
174	204	26
179	204	51
180	204	33
182	204	40
187	204	60
188	204	49
190	204	27
194	204	87
195	204	61
205	204	70
212	204	36
220	204	34
222	204	25
10	203	26
14	203	1
15	203	34
16	203	90
19	203	42
26	203	50
27	203	14
28	203	40
30	203	79
31	203	29
32	203	22
34	203	47
35	203	30
36	203	93
38	203	125
44	203	89
46	203	65
48	203	71
51	203	84
52	203	5
59	203	68
60	203	41
62	203	66
63	203	54
65	203	130
66	203	57
70	203	56
71	203	36
72	203	119
73	203	34
75	203	69
78	203	16
79	203	79
83	203	11
84	203	92
86	203	71
95	203	71
96	203	67
98	203	29
99	203	54
100	203	59
101	203	53
103	203	92
105	203	57
108	203	50
110	203	100
113	203	54
114	203	29
119	203	71
122	203	26
124	203	71
129	203	19
135	203	18
140	203	49
142	203	83
143	203	42
144	203	32
145	203	49
155	203	33
156	203	86
158	203	20
159	203	65
163	203	30
165	203	87
166	203	45
167	203	94
171	203	41
172	203	60
173	203	73
174	203	162
175	203	20
176	203	139
177	203	37
178	203	135
179	203	31
187	203	56
188	203	92
190	203	90
191	203	77
192	203	62
195	203	65
197	203	169
200	203	25
202	203	75
203	203	81
210	203	79
214	203	60
215	203	25
217	203	68
218	203	41
220	203	57
225	203	70
238	203	46
17	202	118
22	202	30
23	202	103
24	202	25
27	202	84
30	202	39
32	202	26
34	202	85
35	202	87
36	202	74
37	202	76
40	202	113
41	202	43
42	202	49
43	202	122
44	202	101
45	202	76
48	202	33
49	202	38
50	202	33
52	202	91
53	202	54
54	202	76
56	202	74
59	202	52
60	202	134
61	202	72
62	202	140
64	202	49
65	202	51
66	202	125
67	202	43
68	202	56
69	202	54
70	202	31
71	202	51
72	202	19
75	202	138
78	202	16
80	202	26
81	202	46
82	202	96
85	202	62
88	202	31
89	202	40
91	202	97
92	202	62
94	202	9
98	202	70
99	202	22
102	202	31
106	202	71
107	202	70
110	202	122
114	202	55
119	202	45
120	202	76
121	202	37
122	202	55
123	202	96
124	202	72
125	202	56
127	202	76
130	202	109
135	202	78
137	202	40
138	202	47
139	202	47
140	202	83
142	202	16
144	202	69
145	202	113
147	202	94
153	202	140
154	202	239
155	202	15
162	202	57
163	202	77
165	202	77
167	202	56
168	202	78
173	202	22
176	202	13
177	202	55
178	202	52
179	202	62
185	202	96
186	202	46
195	202	23
199	202	79
200	202	76
201	202	49
202	202	90
204	202	67
206	202	20
209	202	103
211	202	78
220	202	75
222	202	21
225	202	38
227	202	68
239	202	41
240	202	77
21	201	43
22	201	135
23	201	40
24	201	45
27	201	85
29	201	53
31	201	77
33	201	34
35	201	49
37	201	79
42	201	55
44	201	140
48	201	87
51	201	43
53	201	46
54	201	144
55	201	100
56	201	27
57	201	46
58	201	42
60	201	152
64	201	89
65	201	49
66	201	122
68	201	38
69	201	75
71	201	44
74	201	113
75	201	19
77	201	8
78	201	86
80	201	50
84	201	56
86	201	142
90	201	74
92	201	57
93	201	61
95	201	77
96	201	50
97	201	38
98	201	93
99	201	84
100	201	52
101	201	52
102	201	66
104	201	111
108	201	73
116	201	22
117	201	58
118	201	61
120	201	17
125	201	22
128	201	34
129	201	54
131	201	52
140	201	63
141	201	35
142	201	91
143	201	21
144	201	39
148	201	42
151	201	28
152	201	45
153	201	59
158	201	33
162	201	81
164	201	58
166	201	39
170	201	53
172	201	68
173	201	45
175	201	100
179	201	56
182	201	77
183	201	158
184	201	26
185	201	89
186	201	59
187	201	105
195	201	69
196	201	25
199	201	43
201	201	89
202	201	58
204	201	138
207	201	41
218	201	44
219	201	25
221	201	77
223	201	74
224	201	42
225	201	145
226	201	135
240	201	47
11	200	58
15	200	58
16	200	36
17	200	38
18	200	18
21	200	72
27	200	77
30	200	62
31	200	13
32	200	136
33	200	60
34	200	67
36	200	17
37	200	122
40	200	79
43	200	110
45	200	23
52	200	70
53	200	15
57	200	39
58	200	77
59	200	62
60	200	52
61	200	122
62	200	53
63	200	59
65	200	110
68	200	78
69	200	67
72	200	41
76	200	41
77	200	67
78	200	83
84	200	68
87	200	65
88	200	33
89	200	54
90	200	17
95	200	113
96	200	144
97	200	28
98	200	33
101	200	39
103	200	103
105	200	80
106	200	65
107	200	123
109	200	23
110	200	53
113	200	64
114	200	39
119	200	65
126	200	78
127	200	104
128	200	60
130	200	84
132	200	33
136	200	36
138	200	55
140	200	37
141	200	71
142	200	53
143	200	15
146	200	57
147	200	84
148	200	24
149	200	140
156	200	61
157	200	9
163	200	40
164	200	76
165	200	34
166	200	61
168	200	107
169	200	23
170	200	24
171	200	64
172	200	55
173	200	74
174	200	75
175	200	49
176	200	102
178	200	60
179	200	77
180	200	57
181	200	71
190	200	91
192	200	165
193	200	107
194	200	54
196	200	197
202	200	135
204	200	78
206	200	71
210	200	64
211	200	100
212	200	95
213	200	38
215	200	101
216	200	56
217	200	29
226	200	48
228	200	80
232	200	119
233	200	53
234	200	43
13	199	16
14	199	60
23	199	63
27	199	14
28	199	37
29	199	27
30	199	147
31	199	38
33	199	22
35	199	105
38	199	28
39	199	34
40	199	8
43	199	49
45	199	40
46	199	79
47	199	79
48	199	56
49	199	158
50	199	98
51	199	16
52	199	43
54	199	84
56	199	116
57	199	38
58	199	47
61	199	68
63	199	82
64	199	35
66	199	77
69	199	56
70	199	96
71	199	72
72	199	72
73	199	86
78	199	67
79	199	79
82	199	47
84	199	38
85	199	51
87	199	81
89	199	61
95	199	40
96	199	29
97	199	97
98	199	49
99	199	106
103	199	50
104	199	54
105	199	26
107	199	41
108	199	93
109	199	41
110	199	118
117	199	55
119	199	60
121	199	37
124	199	68
130	199	28
131	199	42
135	199	5
138	199	95
139	199	28
143	199	84
144	199	82
146	199	27
147	199	55
150	199	146
155	199	101
156	199	83
159	199	204
161	199	109
162	199	28
164	199	57
169	199	70
170	199	41
171	199	82
173	199	47
174	199	23
175	199	105
176	199	52
177	199	122
178	199	34
179	199	102
180	199	57
181	199	49
182	199	17
184	199	46
186	199	87
187	199	47
188	199	72
189	199	100
198	199	49
199	199	19
200	199	49
201	199	33
205	199	48
207	199	25
209	199	51
211	199	89
214	199	33
215	199	82
216	199	53
217	199	44
218	199	39
222	199	92
223	199	26
232	199	27
233	199	60
242	199	34
13	198	45
14	198	101
16	198	95
18	198	20
21	198	59
27	198	40
31	198	57
32	198	56
35	198	4
36	198	84
38	198	29
39	198	7
41	198	57
43	198	56
46	198	125
48	198	139
49	198	112
50	198	65
51	198	36
52	198	72
59	198	13
61	198	56
62	198	143
65	198	66
68	198	93
69	198	59
70	198	38
74	198	89
75	198	33
76	198	22
77	198	49
80	198	82
81	198	86
83	198	45
84	198	23
85	198	145
86	198	81
87	198	23
88	198	54
89	198	60
92	198	45
93	198	34
96	198	73
97	198	61
98	198	90
100	198	44
103	198	70
104	198	82
106	198	50
107	198	190
108	198	181
110	198	128
111	198	98
115	198	46
117	198	109
120	198	81
123	198	118
125	198	25
127	198	37
128	198	57
129	198	126
132	198	31
135	198	72
136	198	27
139	198	94
140	198	55
141	198	88
142	198	10
143	198	26
144	198	144
150	198	165
151	198	57
154	198	36
155	198	144
157	198	45
160	198	18
166	198	59
169	198	63
170	198	27
172	198	98
173	198	49
177	198	44
179	198	90
180	198	45
182	198	83
183	198	36
184	198	53
185	198	69
186	198	72
187	198	49
189	198	29
190	198	43
197	198	23
198	198	203
200	198	68
201	198	40
202	198	43
205	198	78
211	198	25
213	198	39
214	198	68
215	198	52
216	198	56
217	198	45
221	198	52
222	198	53
224	198	74
227	198	29
228	198	83
229	198	76
231	198	127
232	198	54
233	198	68
20	197	54
21	197	21
24	197	87
25	197	57
30	197	30
32	197	77
33	197	48
40	197	153
44	197	106
46	197	90
47	197	29
48	197	68
49	197	46
50	197	73
51	197	83
55	197	17
56	197	107
59	197	31
61	197	34
62	197	69
63	197	38
64	197	133
65	197	33
67	197	45
68	197	23
74	197	76
76	197	30
77	197	59
78	197	32
80	197	113
84	197	78
89	197	50
97	197	74
98	197	56
100	197	93
102	197	21
104	197	43
109	197	15
110	197	89
112	197	114
116	197	71
118	197	82
120	197	18
121	197	82
125	197	23
126	197	28
127	197	108
128	197	61
130	197	50
132	197	170
135	197	14
137	197	49
138	197	43
140	197	27
141	197	45
144	197	28
150	197	44
155	197	47
157	197	39
160	197	40
161	197	34
163	197	42
164	197	45
165	197	61
166	197	23
169	197	47
170	197	92
173	197	121
174	197	24
176	197	117
177	197	58
178	197	110
181	197	49
182	197	60
184	197	57
186	197	59
188	197	11
190	197	75
191	197	60
194	197	65
197	197	60
200	197	59
202	197	76
203	197	71
205	197	67
207	197	95
209	197	32
210	197	60
213	197	74
215	197	48
217	197	36
220	197	55
226	197	81
229	197	50
240	197	85
19	196	44
24	196	47
25	196	54
26	196	51
27	196	65
29	196	116
30	196	64
31	196	82
32	196	30
34	196	37
37	196	158
39	196	10
40	196	75
41	196	24
42	196	53
45	196	70
46	196	204
47	196	39
48	196	44
50	196	177
51	196	63
52	196	34
54	196	28
55	196	106
61	196	63
62	196	40
65	196	56
66	196	71
71	196	60
72	196	56
73	196	48
74	196	99
79	196	51
80	196	147
81	196	112
82	196	82
83	196	102
84	196	122
85	196	44
89	196	23
92	196	44
94	196	148
97	196	73
99	196	30
101	196	54
102	196	13
104	196	100
105	196	57
108	196	40
110	196	28
111	196	38
113	196	69
115	196	62
117	196	74
120	196	52
121	196	159
124	196	68
125	196	141
126	196	68
127	196	95
129	196	89
131	196	70
133	196	96
135	196	39
136	196	103
137	196	82
139	196	56
140	196	44
142	196	68
147	196	131
150	196	53
152	196	49
153	196	47
154	196	59
157	196	35
160	196	19
161	196	38
162	196	55
164	196	13
167	196	29
168	196	137
173	196	78
180	196	31
183	196	54
184	196	181
185	196	73
187	196	49
188	196	20
189	196	56
191	196	52
192	196	78
194	196	78
207	196	38
209	196	57
210	196	48
211	196	93
212	196	92
213	196	57
214	196	81
218	196	22
219	196	104
222	196	54
224	196	51
225	196	72
229	196	55
230	196	10
231	196	23
233	196	125
234	196	65
235	196	57
236	196	125
237	196	122
238	196	51
239	196	77
19	195	55
21	195	28
25	195	139
26	195	120
28	195	76
34	195	53
35	195	80
36	195	18
38	195	46
40	195	36
42	195	152
43	195	16
44	195	83
45	195	59
49	195	69
50	195	162
52	195	74
55	195	45
58	195	52
60	195	53
61	195	128
63	195	4
64	195	72
65	195	52
66	195	100
67	195	37
69	195	43
73	195	54
75	195	115
76	195	95
77	195	40
91	195	115
92	195	54
94	195	105
97	195	39
101	195	62
104	195	5
106	195	62
108	195	65
109	195	131
110	195	103
112	195	37
114	195	28
117	195	56
118	195	50
119	195	72
120	195	30
121	195	17
123	195	87
124	195	17
125	195	80
128	195	13
129	195	141
133	195	69
135	195	38
136	195	26
137	195	70
138	195	54
144	195	82
145	195	89
146	195	46
148	195	41
150	195	84
153	195	57
154	195	76
155	195	152
157	195	45
158	195	67
159	195	76
162	195	31
165	195	62
167	195	37
168	195	96
169	195	56
174	195	25
175	195	18
178	195	212
179	195	11
180	195	132
182	195	137
184	195	45
186	195	116
187	195	137
188	195	183
190	195	100
191	195	22
192	195	32
196	195	122
197	195	48
198	195	43
199	195	31
200	195	105
204	195	28
207	195	60
208	195	147
214	195	74
215	195	117
220	195	52
221	195	83
222	195	24
223	195	79
230	195	36
231	195	27
234	195	18
236	195	59
237	195	30
239	195	16
240	195	27
12	194	25
18	194	57
19	194	67
20	194	31
27	194	142
31	194	64
32	194	21
34	194	67
35	194	136
36	194	61
38	194	16
39	194	26
40	194	24
41	194	62
42	194	44
43	194	66
44	194	95
45	194	27
46	194	38
48	194	111
49	194	51
50	194	175
52	194	68
53	194	59
54	194	78
57	194	49
58	194	128
60	194	62
61	194	24
62	194	57
63	194	70
65	194	52
66	194	96
76	194	73
80	194	115
82	194	59
86	194	35
87	194	105
88	194	98
89	194	53
90	194	47
91	194	39
94	194	37
95	194	30
100	194	129
107	194	68
111	194	59
112	194	99
114	194	44
116	194	57
118	194	37
119	194	65
120	194	60
121	194	60
124	194	68
125	194	38
127	194	51
130	194	95
132	194	40
135	194	70
137	194	11
138	194	46
139	194	35
140	194	144
141	194	129
143	194	47
145	194	16
147	194	29
148	194	38
149	194	71
150	194	67
153	194	74
154	194	30
157	194	104
159	194	24
162	194	33
165	194	55
166	194	49
167	194	105
168	194	87
169	194	106
173	194	54
174	194	57
179	194	34
181	194	12
182	194	79
185	194	66
186	194	79
187	194	30
191	194	185
192	194	79
195	194	40
197	194	67
198	194	22
202	194	74
204	194	77
206	194	57
207	194	65
208	194	31
209	194	65
213	194	49
214	194	89
215	194	87
217	194	133
218	194	67
219	194	37
220	194	57
223	194	154
228	194	21
238	194	66
12	193	59
19	193	40
20	193	99
26	193	51
27	193	108
31	193	12
32	193	69
35	193	12
38	193	47
39	193	63
40	193	49
42	193	106
43	193	125
44	193	83
46	193	121
48	193	19
49	193	237
50	193	84
51	193	24
52	193	75
56	193	65
57	193	21
58	193	23
60	193	99
61	193	114
62	193	39
63	193	73
64	193	154
65	193	61
66	193	77
67	193	33
73	193	32
76	193	68
81	193	26
82	193	117
83	193	18
85	193	115
87	193	44
88	193	56
89	193	46
93	193	13
95	193	77
100	193	51
101	193	98
105	193	24
108	193	42
110	193	33
112	193	131
115	193	25
117	193	43
120	193	50
123	193	28
124	193	59
129	193	41
130	193	41
131	193	154
133	193	69
134	193	100
135	193	4
136	193	51
137	193	98
138	193	120
139	193	79
142	193	54
150	193	49
154	193	93
156	193	35
157	193	69
158	193	95
159	193	55
161	193	85
162	193	216
166	193	73
167	193	36
168	193	58
171	193	82
174	193	52
175	193	49
177	193	37
178	193	76
180	193	65
185	193	46
186	193	42
188	193	103
190	193	61
197	193	142
198	193	85
202	193	64
203	193	60
208	193	59
209	193	137
211	193	57
213	193	67
214	193	40
215	193	37
216	193	74
219	193	69
220	193	50
221	193	110
223	193	104
224	193	69
225	193	52
226	193	118
227	193	40
228	193	148
230	193	52
235	193	79
240	193	51
21	192	74
26	192	62
28	192	132
30	192	110
31	192	28
32	192	29
33	192	35
35	192	60
37	192	81
38	192	25
39	192	66
40	192	160
43	192	41
44	192	58
45	192	112
46	192	108
47	192	144
50	192	146
52	192	164
54	192	101
55	192	106
59	192	45
60	192	86
64	192	73
65	192	80
66	192	57
67	192	97
69	192	75
70	192	58
74	192	94
76	192	27
80	192	42
81	192	23
87	192	28
88	192	77
89	192	18
90	192	26
95	192	37
99	192	62
101	192	20
103	192	66
107	192	26
109	192	34
112	192	75
114	192	80
116	192	147
118	192	51
120	192	41
121	192	60
124	192	38
125	192	64
126	192	30
127	192	103
128	192	100
131	192	37
133	192	105
134	192	199
137	192	77
138	192	52
140	192	59
141	192	49
142	192	70
143	192	87
144	192	65
145	192	38
147	192	91
148	192	63
149	192	33
150	192	49
152	192	122
153	192	170
154	192	22
159	192	42
161	192	70
163	192	129
164	192	43
165	192	91
168	192	42
169	192	89
170	192	84
175	192	92
178	192	27
179	192	89
180	192	116
181	192	103
182	192	101
187	192	56
190	192	48
191	192	46
193	192	91
194	192	183
195	192	58
198	192	84
200	192	106
205	192	70
210	192	58
212	192	67
213	192	193
214	192	169
219	192	105
220	192	58
222	192	119
223	192	143
224	192	17
225	192	45
226	192	90
230	192	54
231	192	18
232	192	25
234	192	20
235	192	42
14	191	70
16	191	54
19	191	65
24	191	75
28	191	20
29	191	59
32	191	77
34	191	109
37	191	288
38	191	65
41	191	82
45	191	79
46	191	38
47	191	88
48	191	151
51	191	126
52	191	165
53	191	22
54	191	96
56	191	121
57	191	88
58	191	59
59	191	56
61	191	17
63	191	77
64	191	49
65	191	29
67	191	100
68	191	47
72	191	81
78	191	70
82	191	45
84	191	63
85	191	117
86	191	116
87	191	124
90	191	66
91	191	25
92	191	44
96	191	119
98	191	111
99	191	70
103	191	96
109	191	36
110	191	53
111	191	149
112	191	48
113	191	100
115	191	80
118	191	68
119	191	67
121	191	26
122	191	57
124	191	218
125	191	39
126	191	48
127	191	70
129	191	178
132	191	84
133	191	17
136	191	36
138	191	171
139	191	50
140	191	17
141	191	24
142	191	100
144	191	76
146	191	136
147	191	36
152	191	58
153	191	96
154	191	26
155	191	43
159	191	34
162	191	76
164	191	15
166	191	10
167	191	104
168	191	57
171	191	109
174	191	56
175	191	80
177	191	39
178	191	56
179	191	144
181	191	76
182	191	75
185	191	25
187	191	24
188	191	65
190	191	107
191	191	78
194	191	100
196	191	55
198	191	45
202	191	104
204	191	62
205	191	46
209	191	94
210	191	50
211	191	38
212	191	29
215	191	11
216	191	33
217	191	40
218	191	182
219	191	49
220	191	161
222	191	19
226	191	52
227	191	61
229	191	112
237	191	60
244	191	85
18	190	64
21	190	26
22	190	54
28	190	43
29	190	49
30	190	19
32	190	34
33	190	119
34	190	44
37	190	59
38	190	41
40	190	52
42	190	57
43	190	21
45	190	6
47	190	77
49	190	111
50	190	94
51	190	54
52	190	155
53	190	54
55	190	95
59	190	59
60	190	52
61	190	56
62	190	197
63	190	75
71	190	149
72	190	31
75	190	98
77	190	70
79	190	51
82	190	29
84	190	120
86	190	75
91	190	124
98	190	25
100	190	82
101	190	29
104	190	70
105	190	32
108	190	68
114	190	50
116	190	28
119	190	53
123	190	96
125	190	143
128	190	48
129	190	135
130	190	150
131	190	52
133	190	60
134	190	67
135	190	53
136	190	29
138	190	55
139	190	143
140	190	29
141	190	173
142	190	128
143	190	20
148	190	147
149	190	54
150	190	110
152	190	112
153	190	20
156	190	66
157	190	122
159	190	62
163	190	49
164	190	24
167	190	61
169	190	134
170	190	87
171	190	146
176	190	66
177	190	37
179	190	70
180	190	80
184	190	55
187	190	41
188	190	119
189	190	44
192	190	26
195	190	32
197	190	41
198	190	37
199	190	81
200	190	38
202	190	15
203	190	85
209	190	43
211	190	108
213	190	46
216	190	111
217	190	82
219	190	70
221	190	70
222	190	95
223	190	122
225	190	182
226	190	22
229	190	47
232	190	70
237	190	55
243	190	33
12	189	36
16	189	29
17	189	53
23	189	83
24	189	76
27	189	66
28	189	27
30	189	34
37	189	31
38	189	39
39	189	79
40	189	68
42	189	41
43	189	52
44	189	43
46	189	68
47	189	110
49	189	42
50	189	133
52	189	65
54	189	54
57	189	62
58	189	51
60	189	116
62	189	62
63	189	4
68	189	15
71	189	63
73	189	142
74	189	87
75	189	49
76	189	24
77	189	94
82	189	91
84	189	64
92	189	18
94	189	62
98	189	30
100	189	62
101	189	60
102	189	37
103	189	84
104	189	50
109	189	15
110	189	74
112	189	54
114	189	30
116	189	47
117	189	47
119	189	50
120	189	38
125	189	31
126	189	103
127	189	137
128	189	103
129	189	91
130	189	55
131	189	137
132	189	108
134	189	46
135	189	37
136	189	130
137	189	28
138	189	70
139	189	37
141	189	67
142	189	159
143	189	41
144	189	68
146	189	72
147	189	33
149	189	105
150	189	74
151	189	111
152	189	115
153	189	87
154	189	79
157	189	68
158	189	7
159	189	137
163	189	154
164	189	79
165	189	139
166	189	20
167	189	82
168	189	27
169	189	62
170	189	55
174	189	16
177	189	178
178	189	73
180	189	49
181	189	61
185	189	109
187	189	50
188	189	65
189	189	70
191	189	41
192	189	128
194	189	20
196	189	43
197	189	65
203	189	49
209	189	32
213	189	57
214	189	42
215	189	50
218	189	41
222	189	68
223	189	106
225	189	29
227	189	64
228	189	80
229	189	128
230	189	39
231	189	116
232	189	53
236	189	56
242	189	71
16	188	40
17	188	57
22	188	33
25	188	66
29	188	60
31	188	35
33	188	37
34	188	131
35	188	77
37	188	108
38	188	144
39	188	23
41	188	70
45	188	100
47	188	90
48	188	133
50	188	119
51	188	90
52	188	104
53	188	36
54	188	54
55	188	81
56	188	55
58	188	69
59	188	241
61	188	140
70	188	32
74	188	41
75	188	24
78	188	97
79	188	9
81	188	27
86	188	122
87	188	51
92	188	59
93	188	63
94	188	58
97	188	37
98	188	43
99	188	35
102	188	161
106	188	65
107	188	52
108	188	40
109	188	63
110	188	16
111	188	68
112	188	92
114	188	57
118	188	52
119	188	45
121	188	45
124	188	56
126	188	65
128	188	144
129	188	171
130	188	19
131	188	17
133	188	44
134	188	32
136	188	87
137	188	19
138	188	51
141	188	31
142	188	51
143	188	119
144	188	41
146	188	88
148	188	148
151	188	151
153	188	232
154	188	126
162	188	64
165	188	75
166	188	90
167	188	69
168	188	133
169	188	15
170	188	29
173	188	101
174	188	13
175	188	105
176	188	77
177	188	42
179	188	173
180	188	71
181	188	128
182	188	41
183	188	44
186	188	68
187	188	43
189	188	54
190	188	46
192	188	159
196	188	49
197	188	81
200	188	109
202	188	83
203	188	38
207	188	49
210	188	73
211	188	41
216	188	50
217	188	44
219	188	115
220	188	86
222	188	60
223	188	62
224	188	79
225	188	76
227	188	57
232	188	59
235	188	90
236	188	59
237	188	41
23	187	56
26	187	30
27	187	71
28	187	36
29	187	29
31	187	115
32	187	122
33	187	32
34	187	69
37	187	71
38	187	239
39	187	38
40	187	69
41	187	112
42	187	26
43	187	117
45	187	38
51	187	47
54	187	83
56	187	41
57	187	59
59	187	100
60	187	33
61	187	111
64	187	69
67	187	48
68	187	121
69	187	121
72	187	73
73	187	15
75	187	57
76	187	94
81	187	65
83	187	80
84	187	149
85	187	51
86	187	29
91	187	65
92	187	72
93	187	34
96	187	59
97	187	66
101	187	44
104	187	86
105	187	257
108	187	55
110	187	76
113	187	36
116	187	45
118	187	319
119	187	69
121	187	62
123	187	93
124	187	24
126	187	81
127	187	33
128	187	35
129	187	62
130	187	145
131	187	66
133	187	67
134	187	133
135	187	94
137	187	54
139	187	106
140	187	141
141	187	142
143	187	30
145	187	105
146	187	90
147	187	37
151	187	52
152	187	72
153	187	230
154	187	29
158	187	75
160	187	53
161	187	102
164	187	89
165	187	49
169	187	22
172	187	41
174	187	82
177	187	57
178	187	109
180	187	78
181	187	156
182	187	77
184	187	103
186	187	82
187	187	39
188	187	71
190	187	19
191	187	75
192	187	57
196	187	68
197	187	118
198	187	74
204	187	91
208	187	57
210	187	52
212	187	65
213	187	70
214	187	92
218	187	139
219	187	31
220	187	25
221	187	76
222	187	80
223	187	75
224	187	51
225	187	46
228	187	57
229	187	36
231	187	67
232	187	104
233	187	52
234	187	98
241	187	10
12	186	43
15	186	12
86	245	55
87	245	64
26	244	66
51	244	43
72	244	57
80	244	92
101	244	41
113	244	25
33	243	97
53	243	30
73	243	64
85	243	107
93	243	42
97	243	81
101	243	78
116	243	40
49	242	38
50	242	70
51	242	91
53	242	89
54	242	54
59	242	41
70	242	18
72	242	50
84	242	18
87	242	41
92	242	37
100	242	54
105	242	70
119	242	65
128	242	21
131	242	18
177	242	33
178	242	93
181	242	18
188	242	65
19	241	70
29	241	22
51	241	31
53	241	30
54	241	52
65	241	45
73	241	57
74	241	49
77	241	43
85	241	61
91	241	77
94	241	49
97	241	37
99	241	45
100	241	91
102	241	53
105	241	52
106	241	40
109	241	155
113	241	24
115	241	50
139	241	39
177	241	159
180	241	8
36	240	68
46	240	27
53	240	87
64	240	57
68	240	79
70	240	57
72	240	43
80	240	29
85	240	41
88	240	51
89	240	148
90	240	20
91	240	41
92	240	25
93	240	45
94	240	37
96	240	60
102	240	64
106	240	46
157	240	33
189	240	40
19	239	38
38	239	41
43	239	27
56	239	25
58	239	43
60	239	23
66	239	27
85	239	60
87	239	36
90	239	76
91	239	37
92	239	108
94	239	56
97	239	52
102	239	52
105	239	42
107	239	47
121	239	62
122	239	39
22	238	47
30	238	13
41	238	54
45	238	63
52	238	79
55	238	18
57	238	41
58	238	48
62	238	28
64	238	52
68	238	78
69	238	15
70	238	32
77	238	54
79	238	66
81	238	141
89	238	92
96	238	87
100	238	84
104	238	109
106	238	55
107	238	48
108	238	85
111	238	28
113	238	80
131	238	63
172	238	77
182	238	32
203	238	24
33	237	57
38	237	91
42	237	17
46	237	82
55	237	15
57	237	62
60	237	54
67	237	42
68	237	41
70	237	62
71	237	46
72	237	42
73	237	19
82	237	38
89	237	58
92	237	59
97	237	75
99	237	153
101	237	71
108	237	32
112	237	47
113	237	85
116	237	58
117	237	57
222	237	79
27	236	24
28	236	118
30	236	106
34	236	17
39	236	102
40	236	110
45	236	38
48	236	58
54	236	74
57	236	122
69	236	19
71	236	32
75	236	49
76	236	15
81	236	73
83	236	10
88	236	21
90	236	46
91	236	72
96	236	59
103	236	54
108	236	52
112	236	93
113	236	48
115	236	48
116	236	108
117	236	49
118	236	55
122	236	43
131	236	70
157	236	44
24	235	28
34	235	92
36	235	108
38	235	12
41	235	54
42	235	15
48	235	50
49	235	44
50	235	44
53	235	68
56	235	101
57	235	98
58	235	30
71	235	34
72	235	25
76	235	35
79	235	13
80	235	21
81	235	77
84	235	90
85	235	83
86	235	69
88	235	118
95	235	73
99	235	12
103	235	54
106	235	85
108	235	89
112	235	80
118	235	48
120	235	49
130	235	35
131	235	48
166	235	29
193	235	36
196	235	41
16	234	91
21	234	41
26	234	44
37	234	67
38	234	58
40	234	99
41	234	82
46	234	74
50	234	33
54	234	61
58	234	35
59	234	37
61	234	70
63	234	33
65	234	33
66	234	61
68	234	20
71	234	81
79	234	78
80	234	39
86	234	41
88	234	62
89	234	58
90	234	128
92	234	54
93	234	16
97	234	40
103	234	65
111	234	77
113	234	44
116	234	42
121	234	38
123	234	49
131	234	61
187	234	14
200	234	41
28	233	48
40	233	55
42	233	37
50	233	13
52	233	63
58	233	97
61	233	115
62	233	47
64	233	82
67	233	15
68	233	80
71	233	53
73	233	45
75	233	48
76	233	69
80	233	49
81	233	35
82	233	39
86	233	29
88	233	44
89	233	51
90	233	60
91	233	43
92	233	62
93	233	70
97	233	8
98	233	33
100	233	30
101	233	205
102	233	80
106	233	53
114	233	26
119	233	61
120	233	60
121	233	38
129	233	86
144	233	19
145	233	63
161	233	60
220	233	75
221	233	71
19	232	46
24	232	42
28	232	90
36	232	38
39	232	63
40	232	61
41	232	21
45	232	88
47	232	57
48	232	27
49	232	63
50	232	58
54	232	70
56	232	84
60	232	64
61	232	57
62	232	31
66	232	11
68	232	50
69	232	68
73	232	64
74	232	57
76	232	22
80	232	67
83	232	26
85	232	141
87	232	58
89	232	33
91	232	87
92	232	71
96	232	108
97	232	71
99	232	62
100	232	22
104	232	17
105	232	104
108	232	82
109	232	62
112	232	81
120	232	58
122	232	22
124	232	52
136	232	79
177	232	42
181	232	38
185	232	51
186	232	25
191	232	51
236	232	89
23	231	40
27	231	127
28	231	63
36	231	69
38	231	66
40	231	41
45	231	93
46	231	70
47	231	64
48	231	76
49	231	21
52	231	75
54	231	32
65	231	50
66	231	82
71	231	36
74	231	82
83	231	74
85	231	54
86	231	29
92	231	108
93	231	28
94	231	15
95	231	83
100	231	62
103	231	98
104	231	71
105	231	70
108	231	48
111	231	26
112	231	99
115	231	60
117	231	61
118	231	42
119	231	63
121	231	13
188	231	40
191	231	73
22	230	49
27	230	24
28	230	87
31	230	33
35	230	52
37	230	58
39	230	43
41	230	67
45	230	37
46	230	72
49	230	37
59	230	23
61	230	59
63	230	59
66	230	79
72	230	55
74	230	84
79	230	60
80	230	44
82	230	15
83	230	29
84	230	67
85	230	48
86	230	57
88	230	20
89	230	33
92	230	82
93	230	59
94	230	99
95	230	69
98	230	90
101	230	28
103	230	34
106	230	62
107	230	91
112	230	17
117	230	56
135	230	78
143	230	59
150	230	57
159	230	52
199	230	61
17	229	69
22	229	95
27	229	64
28	229	57
35	229	17
38	229	38
39	229	34
41	229	57
42	229	15
43	229	45
44	229	23
46	229	53
57	229	100
58	229	73
59	229	37
60	229	52
61	229	42
62	229	47
65	229	42
67	229	13
72	229	52
75	229	74
79	229	59
84	229	101
85	229	72
87	229	40
92	229	50
95	229	56
96	229	78
99	229	100
100	229	39
101	229	57
102	229	108
105	229	143
109	229	53
111	229	13
113	229	8
115	229	37
118	229	16
124	229	53
134	229	32
150	229	51
164	229	30
184	229	42
188	229	111
224	229	50
25	228	56
40	228	85
47	228	37
56	228	70
57	228	25
58	228	58
59	228	75
60	228	17
62	228	49
63	228	22
69	228	62
70	228	47
72	228	33
74	228	94
75	228	44
76	228	116
79	228	25
82	228	63
85	228	53
86	228	24
95	228	9
96	228	65
97	228	159
101	228	7
104	228	100
110	228	61
111	228	49
113	228	30
116	228	61
118	228	35
119	228	105
121	228	57
122	228	30
123	228	32
129	228	22
140	228	56
144	228	112
145	228	48
150	228	81
151	228	41
166	228	99
175	228	109
197	228	41
198	228	43
17	227	12
18	227	52
24	227	42
28	227	27
30	227	47
33	227	75
34	227	30
35	227	57
36	227	60
37	227	18
40	227	35
43	227	34
45	227	61
46	227	70
48	227	33
50	227	98
51	227	9
53	227	33
55	227	63
58	227	146
59	227	89
60	227	81
61	227	29
62	227	22
63	227	90
66	227	65
67	227	54
68	227	15
69	227	62
71	227	19
72	227	56
75	227	125
77	227	83
82	227	48
83	227	57
91	227	42
93	227	83
94	227	145
97	227	101
98	227	52
101	227	73
105	227	87
106	227	80
107	227	126
108	227	24
110	227	71
114	227	34
115	227	54
116	227	31
118	227	54
126	227	48
134	227	45
140	227	32
145	227	23
149	227	56
154	227	26
179	227	37
187	227	43
198	227	69
206	227	38
209	227	48
225	227	49
19	226	45
22	226	64
24	226	27
25	226	23
26	226	79
27	226	54
35	226	76
36	226	86
38	226	132
42	226	67
43	226	116
49	226	53
53	226	59
55	226	99
56	226	73
58	226	85
64	226	49
69	226	17
70	226	53
74	226	76
78	226	72
81	226	42
82	226	49
84	226	68
88	226	64
89	226	41
93	226	51
94	226	31
100	226	53
101	226	68
102	226	47
103	226	11
105	226	36
106	226	115
107	226	60
112	226	25
113	226	106
115	226	11
120	226	42
133	226	76
145	226	55
176	226	69
184	226	103
190	226	12
209	226	79
21	225	81
22	225	75
24	225	66
31	225	78
33	225	96
36	225	51
37	225	22
38	225	51
43	225	23
47	225	43
49	225	38
50	225	162
54	225	74
55	225	59
60	225	16
63	225	47
64	225	45
68	225	59
70	225	89
76	225	71
79	225	20
83	225	51
86	225	20
92	225	75
96	225	87
97	225	33
98	225	60
99	225	55
100	225	31
101	225	68
102	225	21
103	225	112
106	225	80
112	225	23
118	225	35
119	225	75
128	225	59
149	225	42
154	225	16
175	225	71
179	225	29
185	225	32
186	225	34
188	225	116
222	225	59
15	224	30
20	224	61
23	224	30
24	224	33
26	224	103
28	224	67
29	224	58
30	224	73
31	224	67
34	224	29
35	224	60
36	224	61
38	224	49
45	224	24
47	224	117
53	224	54
54	224	145
56	224	25
59	224	53
60	224	32
63	224	115
64	224	136
65	224	116
68	224	48
77	224	190
86	224	54
90	224	20
91	224	45
92	224	57
96	224	39
97	224	10
98	224	78
99	224	48
100	224	15
101	224	57
102	224	109
103	224	32
104	224	42
106	224	61
110	224	65
112	224	22
114	224	11
115	224	39
119	224	120
125	224	29
129	224	73
135	224	28
136	224	76
148	224	70
155	224	70
161	224	11
174	224	50
175	224	36
178	224	48
196	224	77
206	224	25
226	224	47
14	223	25
15	223	63
19	223	40
29	223	32
33	223	42
34	223	53
36	223	72
39	223	27
42	223	35
43	223	57
49	223	21
51	223	42
53	223	49
57	223	51
66	223	47
74	223	71
75	223	63
76	223	16
77	223	57
78	223	95
79	223	141
81	223	73
84	223	45
86	223	116
88	223	60
89	223	90
90	223	46
92	223	56
93	223	31
98	223	26
103	223	51
106	223	98
107	223	24
111	223	93
112	223	146
114	223	40
123	223	46
125	223	56
126	223	47
130	223	51
135	223	62
142	223	20
150	223	44
153	223	48
180	223	34
188	223	41
198	223	72
15	222	58
16	222	135
17	222	60
19	222	29
21	222	42
23	222	40
27	222	66
29	222	89
30	222	51
31	222	63
35	222	67
36	222	53
37	222	76
38	222	63
39	222	30
41	222	76
44	222	56
48	222	51
49	222	54
52	222	112
54	222	29
57	222	40
58	222	68
59	222	27
62	222	211
64	222	90
68	222	92
70	222	42
71	222	87
75	222	25
77	222	151
80	222	107
81	222	62
84	222	60
85	222	41
86	222	76
87	222	106
88	222	80
89	222	135
90	222	55
91	222	23
93	222	52
94	222	85
95	222	20
96	222	59
97	222	101
101	222	92
103	222	82
105	222	48
106	222	116
109	222	60
110	222	88
111	222	25
112	222	73
113	222	53
115	222	177
116	222	152
117	222	42
120	222	80
121	222	43
122	222	75
123	222	52
126	222	155
129	222	63
133	222	101
147	222	47
160	222	101
161	222	60
163	222	45
165	222	24
166	222	50
171	222	98
178	222	15
184	222	42
185	222	32
188	222	50
194	222	22
14	221	48
20	221	52
21	221	35
24	221	38
27	221	87
28	221	50
29	221	43
30	221	30
31	221	55
33	221	89
34	221	23
35	221	37
37	221	126
39	221	95
40	221	210
44	221	67
45	221	23
46	221	130
48	221	56
49	221	39
50	221	22
51	221	63
55	221	43
56	221	83
57	221	53
58	221	38
59	221	144
61	221	89
64	221	69
67	221	52
68	221	44
69	221	39
76	221	138
78	221	203
80	221	81
81	221	54
82	221	27
84	221	31
86	221	69
87	221	54
88	221	59
91	221	49
92	221	14
95	221	33
100	221	35
105	221	59
106	221	79
108	221	44
115	221	60
116	221	54
119	221	45
121	221	47
123	221	108
126	221	16
131	221	43
133	221	86
148	221	25
152	221	102
154	221	24
166	221	77
170	221	25
176	221	88
178	221	55
180	221	73
184	221	65
185	221	48
190	221	50
215	221	60
219	221	39
13	220	64
18	220	64
20	220	66
22	220	54
24	220	30
26	220	44
30	220	68
33	220	43
35	220	40
36	220	34
37	220	122
40	220	102
42	220	68
43	220	40
46	220	117
47	220	57
52	220	63
55	220	137
56	220	44
58	220	65
60	220	38
61	220	50
62	220	97
63	220	114
66	220	71
68	220	70
70	220	110
71	220	100
72	220	42
74	220	70
75	220	76
76	220	48
78	220	90
79	220	156
80	220	133
81	220	98
82	220	59
83	220	139
85	220	59
86	220	62
89	220	55
91	220	38
93	220	159
95	220	135
99	220	27
101	220	107
103	220	19
105	220	230
106	220	57
110	220	36
111	220	136
116	220	65
117	220	136
119	220	73
121	220	52
125	220	59
134	220	215
153	220	45
161	220	9
167	220	132
169	220	79
175	220	48
177	220	14
185	220	150
191	220	3
192	220	34
213	220	28
223	220	50
23	219	74
25	219	49
28	219	55
29	219	79
32	219	76
36	219	57
37	219	91
39	219	112
40	219	47
42	219	44
43	219	93
44	219	65
45	219	56
49	219	148
50	219	51
51	219	114
52	219	48
53	219	71
55	219	77
56	219	57
57	219	179
59	219	118
61	219	93
62	219	19
64	219	57
65	219	38
66	219	124
71	219	28
72	219	122
73	219	52
74	219	114
75	219	61
76	219	60
77	219	75
79	219	15
80	219	36
82	219	34
84	219	137
86	219	58
89	219	76
92	219	65
93	219	36
101	219	21
106	219	87
107	219	36
110	219	90
111	219	40
114	219	14
116	219	42
117	219	122
118	219	75
121	219	40
122	219	76
134	219	18
142	219	27
158	219	17
161	219	54
163	219	40
165	219	41
167	219	75
169	219	67
176	219	89
182	219	18
183	219	53
188	219	29
205	219	88
230	219	50
232	219	55
21	218	53
25	218	76
26	218	81
27	218	49
28	218	78
31	218	161
32	218	83
34	218	54
38	218	90
39	218	79
40	218	202
44	218	54
45	218	54
46	218	126
47	218	89
48	218	23
49	218	140
50	218	21
52	218	61
56	218	54
57	218	119
58	218	27
59	218	51
60	218	33
61	218	51
62	218	133
63	218	20
64	218	55
67	218	156
68	218	86
70	218	67
72	218	28
73	218	26
74	218	71
76	218	57
78	218	83
79	218	67
80	218	76
81	218	104
82	218	91
83	218	46
84	218	117
87	218	88
88	218	107
89	218	109
90	218	114
93	218	117
95	218	65
101	218	168
102	218	59
107	218	63
109	218	20
111	218	77
112	218	116
114	218	63
122	218	78
123	218	72
128	218	82
134	218	30
153	218	47
158	218	55
162	218	74
164	218	64
170	218	52
173	218	74
181	218	64
187	218	28
188	218	57
189	218	62
190	218	70
194	218	45
208	218	96
18	217	117
21	217	82
23	217	63
24	217	50
26	217	69
28	217	122
31	217	61
32	217	48
33	217	44
34	217	35
36	217	82
38	217	38
39	217	34
40	217	54
41	217	36
42	217	67
44	217	73
45	217	40
46	217	51
47	217	103
48	217	61
50	217	88
52	217	79
53	217	41
55	217	178
58	217	25
60	217	21
61	217	26
62	217	114
63	217	47
64	217	52
65	217	147
68	217	67
69	217	24
71	217	77
73	217	19
75	217	122
76	217	67
78	217	44
80	217	33
81	217	75
82	217	85
83	217	107
84	217	87
86	217	62
87	217	30
88	217	21
89	217	128
90	217	44
91	217	39
97	217	39
105	217	53
106	217	19
108	217	68
109	217	78
118	217	112
120	217	27
122	217	31
124	217	85
125	217	66
127	217	33
137	217	26
156	217	62
165	217	57
167	217	31
178	217	72
181	217	57
187	217	83
210	217	21
214	217	34
11	216	62
16	216	48
17	216	67
23	216	34
25	216	54
27	216	97
29	216	120
30	216	182
31	216	44
32	216	107
34	216	65
35	216	40
38	216	138
40	216	219
41	216	92
42	216	109
44	216	29
45	216	55
46	216	138
47	216	41
48	216	144
51	216	23
55	216	30
56	216	60
57	216	39
62	216	28
63	216	112
64	216	22
66	216	23
68	216	150
69	216	69
70	216	92
72	216	75
73	216	73
75	216	24
76	216	93
79	216	60
81	216	69
82	216	133
83	216	51
84	216	44
85	216	49
86	216	76
88	216	53
89	216	115
90	216	36
91	216	72
92	216	24
101	216	143
102	216	48
104	216	50
105	216	145
108	216	49
109	216	19
111	216	72
114	216	63
117	216	32
121	216	101
123	216	25
124	216	184
130	216	51
131	216	65
132	216	51
141	216	30
151	216	72
158	216	56
159	216	29
161	216	44
164	216	69
167	216	28
172	216	96
177	216	79
184	216	40
186	216	74
191	216	9
215	216	84
216	216	26
224	216	68
11	215	23
21	215	42
22	215	44
23	215	24
26	215	98
27	215	71
28	215	89
30	215	37
32	215	82
34	215	49
36	215	47
37	215	46
38	215	190
39	215	77
40	215	29
42	215	67
45	215	75
46	215	153
48	215	79
50	215	155
51	215	28
54	215	37
58	215	103
59	215	54
60	215	63
61	215	77
64	215	55
65	215	21
68	215	54
70	215	19
71	215	42
76	215	59
79	215	108
83	215	38
84	215	18
86	215	51
88	215	72
94	215	20
96	215	101
97	215	58
100	215	43
101	215	76
102	215	146
105	215	161
108	215	21
113	215	33
115	215	128
116	215	82
117	215	98
119	215	49
126	215	32
129	215	22
132	215	114
133	215	67
143	215	57
144	215	62
145	215	75
147	215	35
148	215	61
149	215	31
150	215	47
151	215	47
153	215	22
163	215	37
172	215	43
176	215	20
177	215	65
180	215	76
185	215	73
195	215	52
205	215	70
212	215	33
213	215	56
13	214	54
22	214	45
25	214	68
27	214	88
28	214	31
30	214	78
31	214	99
33	214	57
34	214	39
36	214	138
38	214	73
40	214	84
41	214	76
42	214	112
43	214	79
45	214	160
47	214	44
48	214	35
49	214	58
52	214	95
55	214	40
58	214	21
60	214	162
61	214	43
63	214	191
65	214	57
67	214	94
70	214	71
72	214	32
73	214	108
74	214	44
78	214	77
79	214	37
80	214	41
81	214	101
82	214	142
84	214	15
87	214	23
89	214	63
91	214	39
92	214	148
94	214	58
98	214	34
99	214	99
102	214	14
104	214	33
105	214	62
108	214	67
111	214	51
113	214	67
115	214	55
118	214	50
121	214	48
129	214	25
130	214	19
135	214	71
143	214	89
146	214	59
151	214	52
153	214	7
154	214	49
157	214	69
163	214	69
165	214	61
174	214	98
175	214	42
179	214	79
184	214	65
185	214	73
196	214	58
198	214	75
209	214	28
213	214	48
16	213	35
19	213	66
20	213	75
22	213	114
25	213	47
27	213	82
30	213	44
31	213	24
32	213	123
33	213	66
34	213	70
36	213	18
39	213	101
41	213	109
42	213	33
43	213	51
44	213	29
45	213	42
46	213	59
47	213	71
48	213	31
55	213	69
57	213	71
59	213	103
64	213	53
65	213	53
67	213	26
68	213	54
69	213	19
70	213	57
71	213	41
72	213	188
73	213	55
75	213	112
76	213	86
77	213	58
78	213	112
79	213	99
80	213	25
81	213	51
82	213	39
83	213	63
84	213	30
87	213	106
88	213	74
89	213	183
90	213	50
94	213	32
96	213	15
99	213	45
100	213	37
102	213	64
103	213	17
105	213	86
109	213	21
110	213	80
112	213	119
114	213	26
116	213	41
117	213	73
119	213	26
123	213	76
124	213	61
126	213	14
130	213	49
135	213	22
149	213	36
151	213	198
152	213	46
155	213	138
156	213	103
160	213	139
161	213	52
163	213	140
164	213	29
165	213	77
169	213	52
173	213	60
176	213	67
179	213	23
181	213	24
183	213	31
185	213	59
187	213	72
197	213	54
200	213	51
206	213	69
209	213	54
212	213	57
217	213	67
15	212	59
27	212	55
28	212	90
30	212	58
31	212	94
32	212	103
33	212	107
34	212	44
35	212	28
36	212	108
37	212	14
41	212	45
43	212	83
46	212	28
48	212	82
49	212	55
50	212	228
51	212	193
53	212	102
54	212	77
56	212	119
57	212	86
59	212	60
63	212	65
64	212	80
69	212	48
70	212	48
71	212	59
75	212	25
77	212	23
79	212	51
80	212	50
81	212	70
84	212	31
86	212	48
88	212	34
95	212	33
99	212	70
101	212	69
102	212	15
108	212	227
109	212	22
110	212	74
111	212	75
112	212	85
113	212	59
116	212	50
117	212	67
122	212	39
129	212	59
134	212	62
153	212	22
154	212	59
157	212	79
165	212	22
170	212	57
181	212	63
184	212	18
194	212	66
199	212	54
208	212	57
210	212	18
211	212	20
223	212	54
225	212	108
15	211	42
17	211	38
22	211	60
23	211	102
27	211	49
28	211	79
29	211	26
30	211	79
31	211	30
32	211	103
33	211	136
34	211	85
35	211	71
36	211	111
42	211	4
43	211	103
44	211	31
45	211	59
46	211	76
51	211	48
54	211	30
55	211	70
57	211	72
60	211	41
62	211	44
68	211	164
69	211	34
70	211	96
73	211	55
78	211	34
80	211	69
81	211	45
82	211	62
83	211	155
86	211	35
88	211	32
91	211	29
96	211	82
97	211	83
98	211	134
99	211	38
101	211	51
105	211	38
107	211	193
108	211	65
112	211	87
115	211	28
128	211	9
133	211	86
134	211	136
136	211	46
137	211	15
146	211	50
147	211	79
150	211	54
154	211	130
155	211	113
157	211	114
158	211	47
160	211	54
161	211	33
164	211	77
165	211	56
166	211	88
173	211	49
176	211	85
178	211	124
182	211	44
184	211	74
191	211	49
208	211	28
211	211	39
220	211	39
226	211	32
229	211	65
233	211	25
238	211	51
13	210	40
14	210	52
15	210	56
25	210	65
26	210	60
27	210	33
29	210	59
30	210	69
32	210	52
33	210	34
35	210	188
36	210	67
37	210	97
38	210	165
39	210	43
40	210	40
42	210	28
44	210	73
45	210	57
47	210	38
48	210	73
49	210	123
51	210	14
52	210	47
54	210	60
55	210	31
57	210	97
59	210	53
60	210	81
61	210	93
62	210	67
63	210	83
64	210	52
65	210	87
68	210	52
70	210	90
71	210	56
72	210	35
73	210	44
76	210	27
78	210	134
80	210	59
88	210	89
91	210	39
92	210	34
93	210	30
98	210	80
101	210	55
103	210	24
104	210	66
105	210	65
108	210	57
114	210	25
117	210	53
121	210	7
125	210	14
129	210	58
133	210	23
136	210	12
141	210	29
142	210	49
150	210	35
154	210	36
155	210	66
157	210	104
158	210	51
161	210	59
170	210	58
177	210	82
184	210	58
190	210	40
198	210	78
203	210	27
209	210	58
211	210	65
214	210	59
216	210	15
218	210	115
229	210	82
233	210	61
14	209	55
17	209	51
20	209	24
26	209	191
27	209	56
28	209	25
31	209	50
32	209	51
33	209	51
35	209	18
37	209	67
38	209	20
39	209	7
41	209	95
44	209	59
45	209	39
46	209	60
47	209	95
48	209	53
49	209	138
51	209	103
52	209	27
54	209	126
55	209	105
56	209	40
57	209	85
58	209	102
61	209	71
62	209	93
63	209	20
66	209	52
67	209	76
69	209	54
70	209	67
71	209	45
72	209	13
74	209	62
75	209	45
76	209	118
79	209	32
80	209	64
83	209	38
84	209	78
86	209	58
87	209	53
94	209	141
96	209	42
99	209	77
100	209	23
101	209	286
102	209	87
106	209	62
111	209	99
113	209	127
114	209	46
115	209	57
117	209	81
118	209	34
120	209	29
123	209	70
126	209	60
128	209	29
130	209	21
132	209	98
137	209	54
142	209	68
143	209	56
144	209	33
151	209	45
157	209	20
158	209	60
165	209	78
178	209	66
179	209	54
183	209	7
191	209	51
192	209	52
193	209	20
206	209	40
207	209	62
209	209	50
210	209	30
223	209	47
11	208	80
14	208	60
16	208	69
21	208	48
22	208	56
23	208	85
24	208	46
25	208	127
26	208	60
27	208	28
28	208	57
34	208	68
37	208	37
39	208	43
40	208	59
41	208	49
43	208	86
45	208	204
47	208	80
48	208	425
49	208	36
50	208	27
51	208	99
53	208	67
54	208	109
55	208	60
56	208	48
58	208	232
59	208	54
62	208	95
64	208	63
65	208	34
66	208	92
69	208	45
71	208	189
72	208	60
73	208	92
74	208	53
76	208	51
77	208	121
78	208	16
79	208	52
80	208	37
81	208	80
82	208	57
84	208	64
85	208	126
86	208	24
87	208	63
88	208	24
89	208	29
91	208	57
97	208	62
98	208	29
100	208	58
101	208	171
102	208	52
103	208	63
119	208	94
120	208	55
126	208	32
130	208	49
134	208	37
138	208	30
140	208	44
142	208	42
144	208	13
147	208	21
148	208	54
150	208	92
155	208	37
156	208	39
159	208	59
163	208	58
166	208	18
169	208	9
172	208	103
173	208	35
174	208	33
175	208	27
176	208	21
186	208	70
191	208	32
194	208	73
197	208	54
198	208	3
203	208	66
208	208	41
211	208	29
217	208	59
221	208	74
223	208	27
233	208	52
244	208	29
24	207	21
25	207	131
26	207	66
31	207	42
33	207	66
34	207	53
36	207	58
39	207	113
41	207	48
43	207	92
45	207	105
46	207	74
47	207	49
48	207	48
49	207	93
50	207	104
51	207	62
53	207	54
55	207	191
56	207	78
58	207	109
61	207	61
62	207	68
63	207	67
64	207	66
67	207	62
71	207	60
72	207	66
73	207	95
75	207	62
77	207	68
80	207	86
83	207	79
84	207	101
86	207	66
87	207	39
90	207	98
95	207	52
98	207	52
99	207	75
103	207	76
104	207	46
106	207	61
109	207	100
111	207	52
112	207	56
113	207	94
115	207	70
116	207	32
121	207	18
122	207	104
126	207	58
129	207	20
132	207	56
133	207	72
134	207	60
136	207	136
140	207	139
141	207	33
142	207	71
143	207	29
147	207	102
157	207	22
158	207	29
161	207	20
163	207	93
169	207	25
171	207	131
172	207	85
173	207	109
174	207	85
177	207	24
180	207	74
182	207	177
183	207	99
184	207	92
185	207	61
186	207	25
194	207	74
200	207	56
215	207	65
217	207	67
227	207	56
18	206	84
22	206	54
24	206	89
25	206	72
34	206	44
35	206	58
36	206	107
38	206	181
40	206	29
44	206	63
45	206	49
46	206	123
50	206	48
52	206	109
53	206	95
54	206	59
55	206	47
56	206	93
57	206	97
58	206	82
59	206	17
61	206	49
62	206	55
63	206	65
64	206	122
66	206	157
71	206	42
75	206	77
76	206	59
78	206	62
79	206	50
81	206	38
82	206	83
84	206	165
88	206	80
90	206	160
91	206	66
93	206	70
94	206	71
97	206	48
101	206	38
104	206	147
105	206	98
107	206	39
111	206	26
112	206	50
113	206	41
120	206	65
121	206	51
125	206	64
128	206	65
129	206	52
130	206	15
131	206	39
133	206	65
134	206	76
135	206	40
138	206	42
140	206	87
141	206	129
142	206	60
143	206	55
148	206	79
150	206	85
153	206	88
156	206	63
161	206	72
164	206	38
168	206	77
170	206	130
171	206	87
172	206	28
173	206	45
175	206	56
177	206	30
183	206	130
184	206	79
193	206	53
214	206	19
221	206	32
222	206	51
224	206	60
226	206	66
12	205	43
13	205	32
14	205	44
15	205	62
19	205	49
24	205	27
29	205	70
30	205	53
31	205	23
32	205	30
33	205	71
34	205	70
36	205	93
38	205	56
39	205	117
41	205	118
42	205	10
44	205	30
45	205	18
49	205	41
# chipNumber: 4
# chipName:   G 10 W69
# numHits:    205
137	237	5
168	233	76
208	233	75
233	231	22
234	231	67
225	230	71
238	225	76
176	220	66
175	219	23
176	219	81
222	219	51
228	216	25
42	214	69
173	214	76
234	214	51
122	213	66
181	213	46
206	213	88
119	212	68
165	211	52
206	211	80
20	209	41
231	208	29
169	206	57
96	204	45
171	204	55
219	204	52
54	203	57
91	203	45
85	202	15
188	202	53
196	201	14
64	200	62
29	199	71
70	198	37
60	197	35
28	195	57
77	195	36
98	194	40
52	193	81
54	192	44
141	192	26
70	191	80
117	191	36
159	191	105
160	191	32
189	191	26
191	191	23
198	191	20
88	190	68
160	190	20
58	189	82
67	188	61
107	188	34
79	187	54
88	187	26
198	187	54
120	186	28
136	186	96
91	185	71
140	184	52
32	183	55
39	183	74
118	182	72
14	181	52
115	181	94
116	179	37
241	179	40
40	178	59
44	178	62
241	178	64
92	177	43
107	177	62
144	177	39
156	177	90
170	177	83
166	176	47
171	176	60
39	175	63
41	175	27
28	174	22
108	174	63
110	174	79
171	174	74
36	173	89
173	173	20
181	172	51
31	170	36
100	170	78
114	169	41
130	169	55
172	169	20
17	168	57
111	168	50
131	168	79
95	167	88
78	166	55
95	166	26
77	165	24
96	165	51
144	165	66
177	165	35
98	164	37
163	164	78
112	163	74
129	163	77
107	162	65
110	162	45
112	162	76
95	161	67
120	161	51
121	161	83
127	159	69
142	159	75
154	159	77
164	159	60
100	158	46
114	158	105
115	158	25
117	158	62
178	158	78
109	157	26
176	157	37
58	156	46
94	156	51
145	156	17
147	156	78
148	156	29
176	156	100
177	156	129
179	155	14
94	154	86
110	154	79
115	154	61
117	154	66
122	154	90
123	154	37
95	153	57
114	153	31
123	153	41
130	153	54
132	152	60
52	151	52
83	151	16
84	151	20
113	151	26
133	151	33
15	150	75
100	150	29
101	149	72
145	149	38
95	148	74
58	147	42
145	147	85
33	146	33
53	146	51
78	146	41
107	146	53
77	145	74
78	145	61
79	144	2
66	143	62
70	143	70
69	142	110
38	140	30
54	140	58
87	139	29
143	139	36
32	137	52
134	137	56
103	136	11
103	135	60
66	134	29
116	134	36
60	133	26
39	132	22
11	130	87
14	130	47
122	130	80
125	130	14
52	127	28
52	126	90
75	126	32
118	125	57
56	124	46
118	124	70
92	123	34
24	122	48
83	122	51
68	121	27
77	120	85
51	119	93
76	115	144
118	115	45
101	114	76
113	112	63
8	103	23
11	103	61
11	102	66
12	102	43
13	100	50
31	90	51
29	89	54
30	89	23
15	55	31
# chipNumber: 5
# chipName:   D 9 W69
# numHits:    12
234	240	30
234	239	38
227	237	28
220	232	34
238	230	37
219	229	14
237	227	28
216	223	38
229	219	51
230	215	24
240	213	29
242	211	20
# chipNumber: 6
# chipName:   L 8 W69
# numHits:    22
15	233	29
166	233	11810
14	229	23
20	228	24
45	225	39
44	220	56
24	219	11
45	219	16
14	216	25
13	209	22
36	207	10
20	206	18
47	206	30
17	205	56
15	204	38
234	203	11810
28	202	13
23	200	34
23	197	45
31	194	37
13	193	65
31	189	12
