## [General]
## runNumber:        241
## runTime:       	 7200
## runTimeFrames: 	 0
## pathName:         data/runs/Run_241_181022-16-16
## dateTime:         2018-10-22.17:52:19
## numChips:         7
## shutterTime:      30
## shutterMode:      verylong
## runMode:          0
## fastClock:        0
## externalTrigger:  0
## [Event]
## eventNumber:      7559
## useHvFadc:    	 1
## fadcReadout:    	 1
## szint1ClockInt:	 0
## szint2ClockInt:	 0
## fadcTriggerClock: 0
# chipNumber: 0
# chipName:   E 6 W69
# numHits:    0
# chipNumber: 1
# chipName:   K 6 W69
# numHits:    99
74	224	4
70	222	59
51	212	15
60	212	96
65	209	26
48	208	30
60	208	70
72	208	36
60	207	9
68	207	45
75	207	91
54	206	23
57	206	25
48	205	44
55	205	84
75	205	66
41	204	72
64	204	60
66	204	41
69	203	46
91	203	48
92	203	26
63	202	33
76	202	49
80	202	61
90	202	39
70	201	26
83	201	72
76	200	41
74	199	41
65	198	35
68	198	63
61	197	52
68	197	68
73	197	21
74	197	29
87	197	84
63	196	59
71	196	28
75	196	58
53	195	60
60	195	38
62	195	64
75	195	33
73	194	50
45	193	45
55	193	69
60	193	22
67	193	71
75	193	31
76	193	16
70	192	55
74	192	56
79	192	76
61	191	28
71	191	37
86	191	6
65	190	78
66	190	74
77	190	63
83	190	27
85	190	65
68	189	56
78	189	47
87	189	46
64	188	43
65	188	22
88	188	66
61	187	11
66	187	39
57	186	32
67	186	52
68	186	21
71	186	66
72	186	25
81	186	11
89	186	39
56	185	49
64	185	62
77	185	64
86	185	24
63	184	65
64	184	86
73	184	44
75	182	45
79	181	15
58	177	51
58	176	32
59	176	92
68	176	20
71	176	32
98	176	48
59	175	22
54	174	64
55	174	80
59	173	54
52	172	58
48	170	17
68	170	40
# chipNumber: 2
# chipName:   H 9 W69
# numHits:    148
72	245	79
55	244	43
104	244	93
139	244	21
55	243	28
153	243	50
198	243	30
202	243	43
164	242	56
141	241	52
121	240	51
157	240	7
82	239	61
105	239	85
138	239	24
41	238	58
69	237	76
91	237	5
132	237	58
144	237	65
73	236	60
114	236	22
129	236	46
44	235	46
52	235	38
47	234	76
99	234	48
90	232	34
142	232	37
34	231	53
83	231	63
89	231	46
72	228	76
74	227	49
121	227	58
135	227	51
161	227	16
174	227	50
236	227	70
75	226	39
87	226	85
132	226	27
136	226	29
131	225	38
149	225	48
72	224	48
108	224	21
109	224	41
145	224	94
155	224	63
168	224	34
120	223	66
169	223	48
124	222	2
125	222	56
134	222	55
168	222	97
159	221	39
160	221	29
201	221	54
105	220	23
126	220	33
128	220	76
150	220	57
193	220	50
98	219	54
138	219	29
143	219	92
151	219	26
223	219	43
48	218	35
106	218	70
131	218	74
155	218	87
221	218	58
95	217	43
100	217	33
119	217	23
118	216	63
181	216	77
117	214	35
118	214	115
106	213	41
119	213	56
134	213	64
180	211	48
212	211	70
52	210	56
70	210	59
97	210	43
124	210	92
125	210	83
126	210	28
134	210	36
154	210	34
156	210	71
126	209	37
135	209	40
103	208	59
177	208	70
207	208	58
107	207	66
203	207	116
36	206	60
69	206	24
166	206	22
228	206	70
243	205	51
107	204	62
119	204	38
136	203	26
81	199	34
139	199	39
165	199	47
164	198	39
194	194	72
167	192	27
194	190	48
232	189	68
152	188	23
130	187	22
65	181	60
80	180	41
164	178	41
234	157	46
247	148	82
225	146	42
232	128	20
240	125	19
238	124	56
240	124	74
232	119	46
245	118	49
245	117	71
242	115	36
245	115	76
242	114	59
238	110	25
221	101	51
242	97	36
230	93	39
248	93	66
231	92	42
233	91	78
233	90	51
230	89	26
231	89	90
230	88	34
# chipNumber: 3
# chipName:   H 10 W69
# numHits:    19946
131	192	31
132	192	122
133	192	76
134	192	240
135	192	234
137	192	59
139	192	93
142	192	45
143	192	61
144	192	173
145	192	59
147	192	222
148	192	17
149	192	114
150	192	114
151	192	164
153	192	88
157	192	60
158	192	49
162	192	143
164	192	148
167	192	163
169	192	58
170	192	74
174	192	61
175	192	27
176	192	179
177	192	149
178	192	77
180	192	61
181	192	25
182	192	46
183	192	126
186	192	75
188	192	69
192	192	74
196	192	27
197	192	68
206	192	72
215	192	28
219	192	58
221	192	16
224	192	36
226	192	42
26	191	94
28	191	55
39	191	117
40	191	94
44	191	35
46	191	39
54	191	63
56	191	126
59	191	28
62	191	45
63	191	68
69	191	53
70	191	36
71	191	160
72	191	75
73	191	56
76	191	41
77	191	116
78	191	86
79	191	66
81	191	55
82	191	46
83	191	28
87	191	123
89	191	38
90	191	18
92	191	157
94	191	90
95	191	84
96	191	85
97	191	66
99	191	67
103	191	32
104	191	91
107	191	42
108	191	84
110	191	49
111	191	81
115	191	60
117	191	68
120	191	107
121	191	104
123	191	26
133	191	89
135	191	28
137	191	107
141	191	21
142	191	116
143	191	186
145	191	95
146	191	43
147	191	49
150	191	161
152	191	37
154	191	113
155	191	154
156	191	86
161	191	54
164	191	37
167	191	69
168	191	44
170	191	115
172	191	101
173	191	79
174	191	184
175	191	44
176	191	42
177	191	80
178	191	146
179	191	6
182	191	74
183	191	25
184	191	55
187	191	57
189	191	110
190	191	80
192	191	48
197	191	153
202	191	54
205	191	54
209	191	7
210	191	38
211	191	69
212	191	95
214	191	64
222	191	63
225	191	40
226	191	66
235	191	73
239	191	89
240	191	43
246	191	69
25	190	49
40	190	55
41	190	58
42	190	152
43	190	116
45	190	95
46	190	116
47	190	126
51	190	119
54	190	34
55	190	58
57	190	27
61	190	57
62	190	44
63	190	66
64	190	47
65	190	62
66	190	103
68	190	113
69	190	45
70	190	228
71	190	110
72	190	156
74	190	25
76	190	41
77	190	66
86	190	63
87	190	33
89	190	35
92	190	100
93	190	24
95	190	32
96	190	62
103	190	86
106	190	49
110	190	60
113	190	42
116	190	97
117	190	29
120	190	168
122	190	175
123	190	25
127	190	48
128	190	29
129	190	99
130	190	119
131	190	54
132	190	32
136	190	44
137	190	175
138	190	66
140	190	68
141	190	148
143	190	29
144	190	154
145	190	32
148	190	27
149	190	65
150	190	59
152	190	46
153	190	26
154	190	125
155	190	51
156	190	26
157	190	130
160	190	45
161	190	77
163	190	76
165	190	55
166	190	60
167	190	54
169	190	86
170	190	52
172	190	4
173	190	36
174	190	74
175	190	51
178	190	40
180	190	76
181	190	85
182	190	161
183	190	55
184	190	94
186	190	75
189	190	33
190	190	64
191	190	6
193	190	55
195	190	67
196	190	21
203	190	35
204	190	66
207	190	118
210	190	153
211	190	38
213	190	51
215	190	57
216	190	79
219	190	46
223	190	22
243	190	45
244	190	29
247	190	52
23	189	42
30	189	26
32	189	63
34	189	45
39	189	10
40	189	105
41	189	51
42	189	75
43	189	36
44	189	60
52	189	98
54	189	128
58	189	36
64	189	63
65	189	103
68	189	23
69	189	63
70	189	44
73	189	98
74	189	51
75	189	26
76	189	66
80	189	21
81	189	71
83	189	82
85	189	47
86	189	65
87	189	37
88	189	38
91	189	74
92	189	74
94	189	22
95	189	161
98	189	86
100	189	73
102	189	59
106	189	119
109	189	6
111	189	67
112	189	251
114	189	116
116	189	142
118	189	85
119	189	54
120	189	74
121	189	20
123	189	95
124	189	29
125	189	22
130	189	43
131	189	71
135	189	79
136	189	40
137	189	61
138	189	50
142	189	79
144	189	32
145	189	103
147	189	119
149	189	22
154	189	172
156	189	60
157	189	32
158	189	42
159	189	137
161	189	87
162	189	67
163	189	209
164	189	104
165	189	224
167	189	39
168	189	198
172	189	64
175	189	220
176	189	31
177	189	45
178	189	29
179	189	100
180	189	41
182	189	63
185	189	54
187	189	51
189	189	35
191	189	114
192	189	25
193	189	101
195	189	91
196	189	73
200	189	49
201	189	62
202	189	142
211	189	57
213	189	22
216	189	25
222	189	52
228	189	55
245	189	58
26	188	57
34	188	21
42	188	16
43	188	155
45	188	42
46	188	58
47	188	97
48	188	27
50	188	34
53	188	78
54	188	89
59	188	19
60	188	15
64	188	141
65	188	95
67	188	99
68	188	113
69	188	90
70	188	99
71	188	82
72	188	148
73	188	40
75	188	93
77	188	151
79	188	53
86	188	70
87	188	69
88	188	19
89	188	49
91	188	130
94	188	41
99	188	70
103	188	97
106	188	108
107	188	87
108	188	51
109	188	101
113	188	95
114	188	63
115	188	19
119	188	69
120	188	65
122	188	23
124	188	181
125	188	199
126	188	93
127	188	76
128	188	198
131	188	191
133	188	41
136	188	62
137	188	68
138	188	68
139	188	76
140	188	30
145	188	117
147	188	146
148	188	192
152	188	84
153	188	147
154	188	29
155	188	172
156	188	104
158	188	153
159	188	71
160	188	113
161	188	103
162	188	137
163	188	100
164	188	41
165	188	38
167	188	29
168	188	82
169	188	134
170	188	96
171	188	36
172	188	117
174	188	20
175	188	132
178	188	58
179	188	62
180	188	54
181	188	223
182	188	18
183	188	33
185	188	60
187	188	112
188	188	159
192	188	57
194	188	220
196	188	95
200	188	46
202	188	41
203	188	154
210	188	43
214	188	64
216	188	70
217	188	23
223	188	43
224	188	77
228	188	38
233	188	177
234	188	76
246	188	52
18	187	42
19	187	36
36	187	73
41	187	65
43	187	35
46	187	70
49	187	26
50	187	65
51	187	65
52	187	58
54	187	49
55	187	94
57	187	63
58	187	75
59	187	40
62	187	75
63	187	80
64	187	75
65	187	54
66	187	136
67	187	51
68	187	149
69	187	111
70	187	128
71	187	76
72	187	137
73	187	34
74	187	57
77	187	111
79	187	178
80	187	64
82	187	36
83	187	70
85	187	28
86	187	105
89	187	25
90	187	81
91	187	84
92	187	8
98	187	93
99	187	30
100	187	34
101	187	62
102	187	37
103	187	150
106	187	115
107	187	84
108	187	67
109	187	120
112	187	31
113	187	66
114	187	51
115	187	14
116	187	35
117	187	76
122	187	59
123	187	79
124	187	57
126	187	118
127	187	90
130	187	118
131	187	39
134	187	39
140	187	76
141	187	175
143	187	74
147	187	26
148	187	47
150	187	52
151	187	109
152	187	64
153	187	63
154	187	35
156	187	100
158	187	108
160	187	66
161	187	47
162	187	117
163	187	110
164	187	17
165	187	70
166	187	77
168	187	93
169	187	62
175	187	33
178	187	46
180	187	184
182	187	114
185	187	22
186	187	70
188	187	17
189	187	55
190	187	59
191	187	124
63	246	25
61	245	20
63	245	79
110	245	63
117	245	26
120	245	19
180	245	30
111	244	53
112	244	109
117	244	67
143	244	49
172	244	63
39	243	53
62	243	33
63	243	39
92	243	74
98	243	56
105	243	36
124	243	83
127	243	46
129	243	88
134	243	8
150	243	49
159	243	43
163	243	53
182	243	92
47	242	65
93	242	54
95	242	23
96	242	17
104	242	60
105	242	25
109	242	43
110	242	161
113	242	29
116	242	39
117	242	62
118	242	28
121	242	46
128	242	81
129	242	95
130	242	60
135	242	45
140	242	49
158	242	24
177	242	39
180	242	42
195	242	34
50	241	41
74	241	67
81	241	85
83	241	13
85	241	56
87	241	20
89	241	67
94	241	31
95	241	46
97	241	26
101	241	110
105	241	73
109	241	61
110	241	84
116	241	5
117	241	51
119	241	29
127	241	50
133	241	20
141	241	21
151	241	92
163	241	58
171	241	89
181	241	57
182	241	33
186	241	46
189	241	70
62	240	75
63	240	25
66	240	38
67	240	31
76	240	23
92	240	22
94	240	35
102	240	51
104	240	25
107	240	58
117	240	33
130	240	22
148	240	38
150	240	54
151	240	120
153	240	66
160	240	60
162	240	28
165	240	82
173	240	26
201	240	60
212	240	92
29	239	28
65	239	18
66	239	70
67	239	59
76	239	39
81	239	82
95	239	31
98	239	84
114	239	25
118	239	71
125	239	62
127	239	67
128	239	27
133	239	52
143	239	75
149	239	66
156	239	47
157	239	71
158	239	108
162	239	24
165	239	60
175	239	61
182	239	14
183	239	75
30	238	44
32	238	25
44	238	82
46	238	63
48	238	57
51	238	37
52	238	85
68	238	43
80	238	73
84	238	83
85	238	34
88	238	35
90	238	13
95	238	67
98	238	24
99	238	60
100	238	23
101	238	92
104	238	24
106	238	73
110	238	91
115	238	38
123	238	59
129	238	55
131	238	48
141	238	72
145	238	59
146	238	36
151	238	47
153	238	40
165	238	62
167	238	68
168	238	34
170	238	25
175	238	98
177	238	99
182	238	89
67	237	27
73	237	52
76	237	41
83	237	59
91	237	44
96	237	67
99	237	56
106	237	18
112	237	23
113	237	43
116	237	91
117	237	41
124	237	48
126	237	38
127	237	52
128	237	16
142	237	31
152	237	43
160	237	40
165	237	110
166	237	51
167	237	25
170	237	92
174	237	25
175	237	54
176	237	70
177	237	47
178	237	59
179	237	16
181	237	15
190	237	40
237	237	80
31	236	86
37	236	30
43	236	61
46	236	103
62	236	55
65	236	46
70	236	42
80	236	55
82	236	40
88	236	72
93	236	22
96	236	62
101	236	44
102	236	133
105	236	85
106	236	49
108	236	20
118	236	45
120	236	93
121	236	42
122	236	77
131	236	46
145	236	15
146	236	48
150	236	107
151	236	5
158	236	60
162	236	71
163	236	43
165	236	67
167	236	142
170	236	105
171	236	41
172	236	97
173	236	14
176	236	46
177	236	67
178	236	70
179	236	81
184	236	57
193	236	33
40	235	54
46	235	79
60	235	54
62	235	52
64	235	29
65	235	46
73	235	49
78	235	76
80	235	60
94	235	78
98	235	34
101	235	57
103	235	44
106	235	68
109	235	75
110	235	20
117	235	35
118	235	39
119	235	63
120	235	73
124	235	51
136	235	70
147	235	53
150	235	57
152	235	37
153	235	57
160	235	65
161	235	75
162	235	30
164	235	55
168	235	72
178	235	31
183	235	109
184	235	13
187	235	38
197	235	61
203	235	65
44	234	47
60	234	20
73	234	105
77	234	61
79	234	60
80	234	45
87	234	16
91	234	41
97	234	88
101	234	70
103	234	105
104	234	26
105	234	29
108	234	53
109	234	65
111	234	60
115	234	46
116	234	71
118	234	81
119	234	40
122	234	23
126	234	154
127	234	54
128	234	60
129	234	80
138	234	40
144	234	49
147	234	61
159	234	57
160	234	71
164	234	65
165	234	62
168	234	104
172	234	30
173	234	77
176	234	33
180	234	115
183	234	31
185	234	76
186	234	69
196	234	67
26	233	54
39	233	47
40	233	22
47	233	25
63	233	65
71	233	89
78	233	38
97	233	25
100	233	78
103	233	22
106	233	55
109	233	17
113	233	36
117	233	21
121	233	73
126	233	17
132	233	51
134	233	38
135	233	36
138	233	39
139	233	41
144	233	25
147	233	54
150	233	50
157	233	80
158	233	57
164	233	61
165	233	17
166	233	67
167	233	126
168	233	84
170	233	144
172	233	76
173	233	163
174	233	58
175	233	44
176	233	94
177	233	106
178	233	45
179	233	71
180	233	22
181	233	21
182	233	70
36	232	76
38	232	56
42	232	84
43	232	50
44	232	89
46	232	25
47	232	110
51	232	28
70	232	88
73	232	40
94	232	115
96	232	51
99	232	117
101	232	73
104	232	63
105	232	54
108	232	53
109	232	21
111	232	30
122	232	55
126	232	136
127	232	56
128	232	39
129	232	59
134	232	181
144	232	47
147	232	22
148	232	39
149	232	15
158	232	105
159	232	69
161	232	33
166	232	26
167	232	46
168	232	152
169	232	58
171	232	99
172	232	115
173	232	126
174	232	112
175	232	78
176	232	221
177	232	51
178	232	110
179	232	59
180	232	64
181	232	85
184	232	45
196	232	42
199	232	52
57	231	34
59	231	16
63	231	39
71	231	82
75	231	124
76	231	62
79	231	22
84	231	91
85	231	20
86	231	101
87	231	54
88	231	39
90	231	52
95	231	88
96	231	85
98	231	38
114	231	38
115	231	95
124	231	59
126	231	40
129	231	22
130	231	60
131	231	34
135	231	138
136	231	71
142	231	57
144	231	92
156	231	48
157	231	62
159	231	95
161	231	74
166	231	41
167	231	76
170	231	33
171	231	46
172	231	65
173	231	116
174	231	88
175	231	9
176	231	85
177	231	68
178	231	65
179	231	82
181	231	58
182	231	89
185	231	103
189	231	39
192	231	26
197	231	39
20	230	63
39	230	56
40	230	30
58	230	52
59	230	19
60	230	19
61	230	61
63	230	33
71	230	91
72	230	33
73	230	66
74	230	43
79	230	106
85	230	113
86	230	19
89	230	43
91	230	23
93	230	34
94	230	137
95	230	131
96	230	153
104	230	78
109	230	85
116	230	41
121	230	27
127	230	63
132	230	45
135	230	34
137	230	29
140	230	41
142	230	83
150	230	186
155	230	127
156	230	50
157	230	154
158	230	20
160	230	38
163	230	89
164	230	23
165	230	63
166	230	85
169	230	102
170	230	119
171	230	73
173	230	137
174	230	50
175	230	111
176	230	252
178	230	107
179	230	218
180	230	79
181	230	181
182	230	129
183	230	95
186	230	28
202	230	46
207	230	87
212	230	78
31	229	84
49	229	66
54	229	30
55	229	41
59	229	107
61	229	38
62	229	45
65	229	72
66	229	85
71	229	161
74	229	70
76	229	48
85	229	58
86	229	72
96	229	122
97	229	58
106	229	8
111	229	49
115	229	48
116	229	148
117	229	16
119	229	83
120	229	85
121	229	40
122	229	51
123	229	24
124	229	70
125	229	70
127	229	70
129	229	35
133	229	64
140	229	40
141	229	19
146	229	37
147	229	128
149	229	30
153	229	64
156	229	19
158	229	23
160	229	57
163	229	171
165	229	83
166	229	31
168	229	101
171	229	16
175	229	92
177	229	20
178	229	44
179	229	101
180	229	66
181	229	46
182	229	57
184	229	84
185	229	89
187	229	104
198	229	56
199	229	81
41	228	56
46	228	74
54	228	66
55	228	56
56	228	53
58	228	146
61	228	45
64	228	95
68	228	37
70	228	51
76	228	128
77	228	44
81	228	36
82	228	20
92	228	45
93	228	34
94	228	8
95	228	62
97	228	19
102	228	15
104	228	20
110	228	66
114	228	82
117	228	41
120	228	49
121	228	113
122	228	41
124	228	57
126	228	39
127	228	71
128	228	25
129	228	31
132	228	61
133	228	187
140	228	55
141	228	64
142	228	39
144	228	97
146	228	93
151	228	59
153	228	36
157	228	57
158	228	73
160	228	56
163	228	55
164	228	208
165	228	76
166	228	57
167	228	35
168	228	19
169	228	70
170	228	203
173	228	52
174	228	79
176	228	108
177	228	43
178	228	113
179	228	137
180	228	150
181	228	48
182	228	65
184	228	62
185	228	99
188	228	101
189	228	30
192	228	70
207	228	66
208	228	29
210	228	55
48	227	60
52	227	79
55	227	59
58	227	42
62	227	62
64	227	45
68	227	49
69	227	57
74	227	73
76	227	49
79	227	91
82	227	67
83	227	84
84	227	141
85	227	70
87	227	64
90	227	39
92	227	99
100	227	109
101	227	79
103	227	23
107	227	44
108	227	84
109	227	95
117	227	132
120	227	49
122	227	104
124	227	79
126	227	57
127	227	63
130	227	36
136	227	71
138	227	14
141	227	67
144	227	57
149	227	33
153	227	31
155	227	40
157	227	25
158	227	94
161	227	51
162	227	70
163	227	77
164	227	58
165	227	42
166	227	71
167	227	86
168	227	100
169	227	115
170	227	32
171	227	67
172	227	92
173	227	80
174	227	104
175	227	39
176	227	85
177	227	71
178	227	39
179	227	70
180	227	202
183	227	81
185	227	62
188	227	36
190	227	13
193	227	55
194	227	51
195	227	57
196	227	92
200	227	64
201	227	65
217	227	30
15	226	39
36	226	166
38	226	47
42	226	91
43	226	146
46	226	83
47	226	101
48	226	54
54	226	68
58	226	133
60	226	34
67	226	48
68	226	91
69	226	91
71	226	29
77	226	117
80	226	86
81	226	203
85	226	47
87	226	84
88	226	58
92	226	75
96	226	20
104	226	52
105	226	77
106	226	123
110	226	150
114	226	38
116	226	62
117	226	35
120	226	26
125	226	130
131	226	52
136	226	27
142	226	42
145	226	31
149	226	14
151	226	18
153	226	41
157	226	65
160	226	58
164	226	62
165	226	65
166	226	56
167	226	38
168	226	100
169	226	76
170	226	33
171	226	54
173	226	136
174	226	102
175	226	58
176	226	66
177	226	91
178	226	46
179	226	110
180	226	21
183	226	25
185	226	42
193	226	51
195	226	83
196	226	37
204	226	74
19	225	55
38	225	17
42	225	41
47	225	29
53	225	50
54	225	98
60	225	24
61	225	94
66	225	44
67	225	24
68	225	16
69	225	40
70	225	10
71	225	29
72	225	49
76	225	20
78	225	80
82	225	58
86	225	58
95	225	48
96	225	75
97	225	56
103	225	83
104	225	61
117	225	34
119	225	88
123	225	51
125	225	32
126	225	11
130	225	22
131	225	15
132	225	33
138	225	143
139	225	22
140	225	40
141	225	33
143	225	52
146	225	69
154	225	63
155	225	64
158	225	77
159	225	90
160	225	102
162	225	25
163	225	84
164	225	30
165	225	28
166	225	26
168	225	122
169	225	127
170	225	47
171	225	213
172	225	126
173	225	103
174	225	187
175	225	157
176	225	188
178	225	117
180	225	155
182	225	114
184	225	77
185	225	48
188	225	41
27	224	79
33	224	92
38	224	44
40	224	61
42	224	50
50	224	51
54	224	89
64	224	79
68	224	88
69	224	72
72	224	39
73	224	65
83	224	67
85	224	33
86	224	41
92	224	48
93	224	67
94	224	71
99	224	36
100	224	12
101	224	66
103	224	86
106	224	117
109	224	63
110	224	84
111	224	47
116	224	69
118	224	54
121	224	7
122	224	19
129	224	105
130	224	48
131	224	55
132	224	51
133	224	55
136	224	54
137	224	35
141	224	38
143	224	62
145	224	56
146	224	62
149	224	53
151	224	60
152	224	42
154	224	93
160	224	147
161	224	157
164	224	54
166	224	66
168	224	71
170	224	76
171	224	185
172	224	80
173	224	101
174	224	67
175	224	48
176	224	73
177	224	130
178	224	44
180	224	29
181	224	49
182	224	80
183	224	92
184	224	30
185	224	137
188	224	57
192	224	67
193	224	73
202	224	74
203	224	98
204	224	135
215	224	30
16	223	57
35	223	134
40	223	55
41	223	42
42	223	63
43	223	39
53	223	42
54	223	37
55	223	30
59	223	49
60	223	58
63	223	36
65	223	36
66	223	151
70	223	44
71	223	75
73	223	53
75	223	18
77	223	62
78	223	56
79	223	63
80	223	22
81	223	52
83	223	176
84	223	38
86	223	78
87	223	41
88	223	37
92	223	57
93	223	38
95	223	60
100	223	77
106	223	64
108	223	73
112	223	148
117	223	72
118	223	65
120	223	106
123	223	72
124	223	27
127	223	64
128	223	28
130	223	59
132	223	90
133	223	77
135	223	55
136	223	93
151	223	92
152	223	125
153	223	89
154	223	59
156	223	119
157	223	104
158	223	71
162	223	75
164	223	38
167	223	68
168	223	57
169	223	83
170	223	105
171	223	181
172	223	153
173	223	163
174	223	20
175	223	74
177	223	127
178	223	88
179	223	103
181	223	72
183	223	61
187	223	18
188	223	48
189	223	49
199	223	65
210	223	69
41	222	75
44	222	46
49	222	49
52	222	21
53	222	84
56	222	108
62	222	76
63	222	82
65	222	87
67	222	70
70	222	100
73	222	38
74	222	112
77	222	34
82	222	38
83	222	19
84	222	82
85	222	29
86	222	59
87	222	24
89	222	49
102	222	57
106	222	36
108	222	20
109	222	17
111	222	103
112	222	26
114	222	85
119	222	58
120	222	69
121	222	52
122	222	43
126	222	58
127	222	53
131	222	27
134	222	102
142	222	49
143	222	64
145	222	33
148	222	151
156	222	15
160	222	44
161	222	30
163	222	114
165	222	17
166	222	186
169	222	139
170	222	41
171	222	47
172	222	78
173	222	88
174	222	183
175	222	59
176	222	92
177	222	62
178	222	176
181	222	116
183	222	182
184	222	85
187	222	72
189	222	39
192	222	115
193	222	72
199	222	89
205	222	45
18	221	49
28	221	24
36	221	19
48	221	17
49	221	16
50	221	55
51	221	29
52	221	35
64	221	53
65	221	37
66	221	21
70	221	66
73	221	17
77	221	42
82	221	50
84	221	59
85	221	15
96	221	122
98	221	31
108	221	51
111	221	56
116	221	40
118	221	22
119	221	54
120	221	40
122	221	26
125	221	39
126	221	18
130	221	57
132	221	54
133	221	68
134	221	43
139	221	31
142	221	87
143	221	64
144	221	56
146	221	30
147	221	73
148	221	22
151	221	23
157	221	79
158	221	50
163	221	33
164	221	98
165	221	120
166	221	171
168	221	110
169	221	52
170	221	144
171	221	138
172	221	56
173	221	106
175	221	52
176	221	42
178	221	255
179	221	231
180	221	53
181	221	110
182	221	112
183	221	69
184	221	60
185	221	142
188	221	44
193	221	83
199	221	51
204	221	62
19	220	66
27	220	44
30	220	79
33	220	48
37	220	26
38	220	54
42	220	37
48	220	116
52	220	76
54	220	31
60	220	103
62	220	58
63	220	60
64	220	68
65	220	44
67	220	33
69	220	45
70	220	76
76	220	128
78	220	62
79	220	30
80	220	108
85	220	71
88	220	54
90	220	98
95	220	43
96	220	126
102	220	72
105	220	63
107	220	60
108	220	19
110	220	39
111	220	40
112	220	35
113	220	79
114	220	92
115	220	113
116	220	50
118	220	65
122	220	56
124	220	73
125	220	94
126	220	87
130	220	45
132	220	83
133	220	66
139	220	49
143	220	57
144	220	58
146	220	131
148	220	31
149	220	74
151	220	46
152	220	40
153	220	72
154	220	40
157	220	81
158	220	13
159	220	32
162	220	23
163	220	193
164	220	174
166	220	126
167	220	87
168	220	99
169	220	19
170	220	37
172	220	75
174	220	150
175	220	250
177	220	59
178	220	81
179	220	77
180	220	60
181	220	120
183	220	170
184	220	122
187	220	39
188	220	84
196	220	102
224	220	54
15	219	50
20	219	37
32	219	60
33	219	63
36	219	55
38	219	25
40	219	119
43	219	32
44	219	89
51	219	25
52	219	55
54	219	138
55	219	62
57	219	44
62	219	37
66	219	46
71	219	61
73	219	71
75	219	35
76	219	90
78	219	79
79	219	108
91	219	26
93	219	70
97	219	9
99	219	47
100	219	29
101	219	34
102	219	67
105	219	60
107	219	72
109	219	36
111	219	60
113	219	38
114	219	75
115	219	59
117	219	83
118	219	82
119	219	33
121	219	26
122	219	76
123	219	42
131	219	93
133	219	54
139	219	58
141	219	54
142	219	65
143	219	72
144	219	75
145	219	51
150	219	54
151	219	93
152	219	34
154	219	25
156	219	64
161	219	62
163	219	25
165	219	45
166	219	74
167	219	62
168	219	52
169	219	16
171	219	11
172	219	85
173	219	121
175	219	112
176	219	91
178	219	96
179	219	89
180	219	87
181	219	62
182	219	101
183	219	254
187	219	33
191	219	75
192	219	68
193	219	43
198	219	57
202	219	13
205	219	67
210	219	28
25	218	61
33	218	65
36	218	105
37	218	109
39	218	63
44	218	56
46	218	33
47	218	19
48	218	25
52	218	47
57	218	75
59	218	75
60	218	19
61	218	44
63	218	45
64	218	27
67	218	50
69	218	98
72	218	51
76	218	67
80	218	78
81	218	47
82	218	141
85	218	32
86	218	61
88	218	31
92	218	37
95	218	19
96	218	133
100	218	27
103	218	31
105	218	40
106	218	73
109	218	21
118	218	40
122	218	59
123	218	81
125	218	36
126	218	68
129	218	91
130	218	38
132	218	100
135	218	111
136	218	78
138	218	107
142	218	52
144	218	59
149	218	60
150	218	154
151	218	41
152	218	27
157	218	45
158	218	68
159	218	86
160	218	67
165	218	115
167	218	77
170	218	30
171	218	37
172	218	155
173	218	90
174	218	121
175	218	34
176	218	187
177	218	17
178	218	15
179	218	55
180	218	107
181	218	44
182	218	28
183	218	48
186	218	137
187	218	40
194	218	153
197	218	66
25	217	40
26	217	77
30	217	40
35	217	41
36	217	41
40	217	44
43	217	37
48	217	83
53	217	44
57	217	10
60	217	62
61	217	36
63	217	157
64	217	98
65	217	28
66	217	19
68	217	9
69	217	126
71	217	110
74	217	52
76	217	54
77	217	85
79	217	65
80	217	97
83	217	53
87	217	41
90	217	45
92	217	30
94	217	104
96	217	52
98	217	46
100	217	39
103	217	61
105	217	92
106	217	49
109	217	50
114	217	61
116	217	66
120	217	139
123	217	41
124	217	260
126	217	52
128	217	59
129	217	87
133	217	40
134	217	7
135	217	52
138	217	77
145	217	108
146	217	84
147	217	131
148	217	28
156	217	41
157	217	139
160	217	28
161	217	57
165	217	74
166	217	43
167	217	122
168	217	25
169	217	48
170	217	118
171	217	82
172	217	71
173	217	66
174	217	95
175	217	158
176	217	309
177	217	99
178	217	190
179	217	124
180	217	9
181	217	135
183	217	94
185	217	85
186	217	51
187	217	112
188	217	62
189	217	106
191	217	99
196	217	38
197	217	34
204	217	38
210	217	21
13	216	68
23	216	63
25	216	41
34	216	67
41	216	49
43	216	22
44	216	35
51	216	62
52	216	53
56	216	63
59	216	109
60	216	93
61	216	31
62	216	7
64	216	80
65	216	87
71	216	19
74	216	60
77	216	78
78	216	105
81	216	44
84	216	103
87	216	43
90	216	61
95	216	32
102	216	22
104	216	39
106	216	62
107	216	139
108	216	21
110	216	75
112	216	54
116	216	41
118	216	39
120	216	79
124	216	79
127	216	80
131	216	97
135	216	139
136	216	91
141	216	54
142	216	78
144	216	115
149	216	47
150	216	166
151	216	87
152	216	82
154	216	16
157	216	57
158	216	44
159	216	73
160	216	70
161	216	87
163	216	66
164	216	50
165	216	77
168	216	160
170	216	82
172	216	73
173	216	129
174	216	57
175	216	167
176	216	140
177	216	150
178	216	84
179	216	63
180	216	34
181	216	190
183	216	41
184	216	46
185	216	49
186	216	15
187	216	56
189	216	56
191	216	22
193	216	61
211	216	44
245	216	73
32	215	98
34	215	17
38	215	79
40	215	51
42	215	102
43	215	85
44	215	101
47	215	10
56	215	63
57	215	39
59	215	59
61	215	52
64	215	15
65	215	48
67	215	98
68	215	69
69	215	160
70	215	64
71	215	58
72	215	34
78	215	23
79	215	46
81	215	43
89	215	13
90	215	92
95	215	83
99	215	57
100	215	125
101	215	176
104	215	100
105	215	42
106	215	17
107	215	58
108	215	41
113	215	59
116	215	47
119	215	74
120	215	30
124	215	53
125	215	69
127	215	66
128	215	57
132	215	46
138	215	49
142	215	120
146	215	16
148	215	63
150	215	108
151	215	57
152	215	110
153	215	43
154	215	23
159	215	107
160	215	83
162	215	28
163	215	79
164	215	104
165	215	77
167	215	143
168	215	62
169	215	108
170	215	38
171	215	82
172	215	54
173	215	102
174	215	130
175	215	89
176	215	90
177	215	161
178	215	111
179	215	46
180	215	27
182	215	56
183	215	46
186	215	48
187	215	29
188	215	27
191	215	193
198	215	43
204	215	46
214	215	12
27	214	23
32	214	68
35	214	54
38	214	58
39	214	84
40	214	19
42	214	59
44	214	73
45	214	24
47	214	59
48	214	26
49	214	47
50	214	47
55	214	40
56	214	39
59	214	34
61	214	46
62	214	22
65	214	56
69	214	34
73	214	64
77	214	29
78	214	72
79	214	73
80	214	9
85	214	64
88	214	20
89	214	56
92	214	56
100	214	41
101	214	71
108	214	99
109	214	51
110	214	59
115	214	22
123	214	94
124	214	80
125	214	84
126	214	49
128	214	37
130	214	111
138	214	115
141	214	144
142	214	63
144	214	44
147	214	70
148	214	23
150	214	240
151	214	195
153	214	40
154	214	55
155	214	100
156	214	40
157	214	29
158	214	148
159	214	95
160	214	191
163	214	61
164	214	62
165	214	36
167	214	64
168	214	77
169	214	84
170	214	57
172	214	200
173	214	65
174	214	59
175	214	69
176	214	154
177	214	102
178	214	107
179	214	112
180	214	86
181	214	127
182	214	42
184	214	35
188	214	76
190	214	46
191	214	49
194	214	101
198	214	70
202	214	60
210	214	78
212	214	45
32	213	36
34	213	35
36	213	37
42	213	55
43	213	41
44	213	87
45	213	79
46	213	110
48	213	59
49	213	51
53	213	31
54	213	111
61	213	53
62	213	102
63	213	77
66	213	87
74	213	21
76	213	38
77	213	179
78	213	87
79	213	21
80	213	52
84	213	77
95	213	68
97	213	50
98	213	105
100	213	66
101	213	57
104	213	150
107	213	30
108	213	57
109	213	82
110	213	72
118	213	91
120	213	66
121	213	45
123	213	53
124	213	41
126	213	32
127	213	128
128	213	94
134	213	57
137	213	93
141	213	24
142	213	44
144	213	45
148	213	73
150	213	25
153	213	55
155	213	98
157	213	50
158	213	34
160	213	62
161	213	77
162	213	44
164	213	160
166	213	119
167	213	56
168	213	81
169	213	26
170	213	150
171	213	17
172	213	22
173	213	111
174	213	110
175	213	62
176	213	224
178	213	21
179	213	62
180	213	73
181	213	65
182	213	97
184	213	40
185	213	63
186	213	64
194	213	41
203	213	141
30	212	24
35	212	48
39	212	89
43	212	51
47	212	71
50	212	67
53	212	24
55	212	70
57	212	22
62	212	21
63	212	45
65	212	16
68	212	34
71	212	138
74	212	76
76	212	59
78	212	26
79	212	18
80	212	25
88	212	50
90	212	27
96	212	124
97	212	21
98	212	64
99	212	26
102	212	74
103	212	29
107	212	94
111	212	18
113	212	87
117	212	41
122	212	75
124	212	89
129	212	88
130	212	101
135	212	85
139	212	57
141	212	79
142	212	63
144	212	16
148	212	46
149	212	36
150	212	45
151	212	80
153	212	24
156	212	128
158	212	140
159	212	39
161	212	79
162	212	51
164	212	99
166	212	76
167	212	73
168	212	49
169	212	26
170	212	131
171	212	137
172	212	125
173	212	161
174	212	202
175	212	41
176	212	130
177	212	62
179	212	112
180	212	160
181	212	123
182	212	98
183	212	44
185	212	46
186	212	17
189	212	39
191	212	92
199	212	75
200	212	149
207	212	33
208	212	14
213	212	40
224	212	81
239	212	49
28	211	36
36	211	22
37	211	67
39	211	23
40	211	95
42	211	39
44	211	45
49	211	53
54	211	51
67	211	23
68	211	38
70	211	58
73	211	44
78	211	52
79	211	68
84	211	115
87	211	52
89	211	50
93	211	33
94	211	55
95	211	42
96	211	20
100	211	136
101	211	71
103	211	85
105	211	145
110	211	114
113	211	33
117	211	27
120	211	61
124	211	53
131	211	42
132	211	62
135	211	78
136	211	30
141	211	86
142	211	69
143	211	117
144	211	36
146	211	33
147	211	113
148	211	75
151	211	103
152	211	69
154	211	44
155	211	48
156	211	40
158	211	49
159	211	88
162	211	32
163	211	110
165	211	76
167	211	195
169	211	130
170	211	153
171	211	154
172	211	27
173	211	132
174	211	92
175	211	95
176	211	112
177	211	181
178	211	188
179	211	78
180	211	28
181	211	198
182	211	54
186	211	45
187	211	48
188	211	99
189	211	79
190	211	52
192	211	134
194	211	49
195	211	46
201	211	24
202	211	78
205	211	54
206	211	51
207	211	137
216	211	7
218	211	65
27	210	46
28	210	17
29	210	38
42	210	50
46	210	67
50	210	63
52	210	13
54	210	101
55	210	52
58	210	175
67	210	50
68	210	51
71	210	47
73	210	80
74	210	12
76	210	57
77	210	29
83	210	45
84	210	63
87	210	32
88	210	101
94	210	45
99	210	67
101	210	19
104	210	25
105	210	26
111	210	39
115	210	66
117	210	71
118	210	67
120	210	51
122	210	71
125	210	30
128	210	16
130	210	57
133	210	35
134	210	18
138	210	59
141	210	58
142	210	132
143	210	99
144	210	88
145	210	93
146	210	32
147	210	70
148	210	137
150	210	52
151	210	43
153	210	99
157	210	241
159	210	167
161	210	43
162	210	31
163	210	164
164	210	78
165	210	58
166	210	101
168	210	106
169	210	247
171	210	89
172	210	97
173	210	237
174	210	203
176	210	110
177	210	54
178	210	70
179	210	30
180	210	130
181	210	58
184	210	54
191	210	37
192	210	149
194	210	112
198	210	20
199	210	17
203	210	65
206	210	30
207	210	110
231	210	59
15	209	32
33	209	76
34	209	50
39	209	24
42	209	65
43	209	44
46	209	63
47	209	49
49	209	35
50	209	60
51	209	78
54	209	97
56	209	37
59	209	74
62	209	50
63	209	70
64	209	62
66	209	25
67	209	150
68	209	50
69	209	77
70	209	18
71	209	47
72	209	51
79	209	54
81	209	18
85	209	79
86	209	21
91	209	58
95	209	25
96	209	76
97	209	49
98	209	114
100	209	34
109	209	37
110	209	75
112	209	101
118	209	135
120	209	84
125	209	65
126	209	46
129	209	35
130	209	108
135	209	104
137	209	91
138	209	66
140	209	47
141	209	118
144	209	51
145	209	120
148	209	70
149	209	29
152	209	127
153	209	45
157	209	66
159	209	48
161	209	70
162	209	183
163	209	90
164	209	42
167	209	66
168	209	133
169	209	134
171	209	190
172	209	206
174	209	138
175	209	80
176	209	89
177	209	74
178	209	108
180	209	67
181	209	105
183	209	123
191	209	96
192	209	41
193	209	33
195	209	74
197	209	30
202	209	62
204	209	42
205	209	30
206	209	61
40	208	47
46	208	59
48	208	129
49	208	54
54	208	31
56	208	25
64	208	149
66	208	54
67	208	60
71	208	95
73	208	62
74	208	45
77	208	50
78	208	38
82	208	44
83	208	44
84	208	45
85	208	76
86	208	75
94	208	41
95	208	41
96	208	20
97	208	59
98	208	51
99	208	126
101	208	33
103	208	106
111	208	78
113	208	97
114	208	58
115	208	34
117	208	52
118	208	31
119	208	115
126	208	70
130	208	18
134	208	85
135	208	52
136	208	131
137	208	140
138	208	90
139	208	64
140	208	89
141	208	67
142	208	21
147	208	61
148	208	84
149	208	155
151	208	147
152	208	93
155	208	68
156	208	32
157	208	51
158	208	80
159	208	57
161	208	27
162	208	136
164	208	121
167	208	65
168	208	91
169	208	73
170	208	133
172	208	120
173	208	108
174	208	62
175	208	40
176	208	70
177	208	87
178	208	56
180	208	259
181	208	24
184	208	63
186	208	58
189	208	45
190	208	58
193	208	74
194	208	68
202	208	46
204	208	68
205	208	82
207	208	40
209	208	31
228	208	69
14	207	38
33	207	40
34	207	68
43	207	70
47	207	78
55	207	42
57	207	30
58	207	57
60	207	139
62	207	41
63	207	45
64	207	63
65	207	62
66	207	75
70	207	62
72	207	55
74	207	34
75	207	50
77	207	23
80	207	89
83	207	84
86	207	39
90	207	54
91	207	12
92	207	41
102	207	49
104	207	43
108	207	38
110	207	102
111	207	46
112	207	31
113	207	65
116	207	13
119	207	55
121	207	26
122	207	29
123	207	66
124	207	44
125	207	124
127	207	110
128	207	182
129	207	124
130	207	70
133	207	30
134	207	166
135	207	63
139	207	59
140	207	192
141	207	87
142	207	146
144	207	65
145	207	29
146	207	11
147	207	122
148	207	164
149	207	32
153	207	10
154	207	89
156	207	75
158	207	59
161	207	65
163	207	86
164	207	154
165	207	126
166	207	92
167	207	161
169	207	82
170	207	84
171	207	213
173	207	127
174	207	149
175	207	89
176	207	76
178	207	20
179	207	31
180	207	135
183	207	101
184	207	158
189	207	90
199	207	68
205	207	48
209	207	71
226	207	45
231	207	89
21	206	27
28	206	62
33	206	57
45	206	35
47	206	118
50	206	95
52	206	33
53	206	79
54	206	36
58	206	32
59	206	41
63	206	106
66	206	73
70	206	37
71	206	72
73	206	50
78	206	36
80	206	50
81	206	77
85	206	15
88	206	120
89	206	21
93	206	54
100	206	24
105	206	33
107	206	82
108	206	65
109	206	178
112	206	108
114	206	145
117	206	203
118	206	68
120	206	43
121	206	50
122	206	44
124	206	44
125	206	22
129	206	99
130	206	31
131	206	48
132	206	58
136	206	30
139	206	26
140	206	65
141	206	26
142	206	109
143	206	78
144	206	53
145	206	80
146	206	62
147	206	17
148	206	209
150	206	101
155	206	70
158	206	68
159	206	10
161	206	22
164	206	235
166	206	49
167	206	72
168	206	51
170	206	118
171	206	78
172	206	64
173	206	240
174	206	91
175	206	52
177	206	100
179	206	158
180	206	70
182	206	73
193	206	90
198	206	113
202	206	62
207	206	106
208	206	74
210	206	59
212	206	15
219	206	47
229	206	60
230	206	60
232	206	41
234	206	96
238	206	29
23	205	66
27	205	36
28	205	39
37	205	36
38	205	13
42	205	144
44	205	20
48	205	46
50	205	59
54	205	78
58	205	69
59	205	74
60	205	39
65	205	33
66	205	85
68	205	65
69	205	79
70	205	70
73	205	48
74	205	54
76	205	55
80	205	59
81	205	57
91	205	87
92	205	62
93	205	45
94	205	59
103	205	43
104	205	63
105	205	18
107	205	64
112	205	88
113	205	42
114	205	63
115	205	100
121	205	151
122	205	54
123	205	20
124	205	57
125	205	92
126	205	38
127	205	22
129	205	43
130	205	36
131	205	73
132	205	40
134	205	70
135	205	73
136	205	2
141	205	11
143	205	15
144	205	150
146	205	88
147	205	81
149	205	163
150	205	48
153	205	79
154	205	51
155	205	115
156	205	37
157	205	65
159	205	21
162	205	22
166	205	168
168	205	80
169	205	59
170	205	57
171	205	130
173	205	77
174	205	51
175	205	20
176	205	54
177	205	68
179	205	54
180	205	154
181	205	205
182	205	195
183	205	24
184	205	144
185	205	32
186	205	133
187	205	44
188	205	54
194	205	25
195	205	34
196	205	87
200	205	53
204	205	52
206	205	56
209	205	85
214	205	49
226	205	77
245	205	11
18	204	69
26	204	56
28	204	31
41	204	33
43	204	26
44	204	52
47	204	52
49	204	60
50	204	56
51	204	105
55	204	57
56	204	15
57	204	99
58	204	110
59	204	38
63	204	49
67	204	61
70	204	31
75	204	155
76	204	118
77	204	29
80	204	38
83	204	51
84	204	59
86	204	84
91	204	22
92	204	78
94	204	36
96	204	49
97	204	87
100	204	68
107	204	54
114	204	29
115	204	75
116	204	93
117	204	50
119	204	29
121	204	26
122	204	59
125	204	25
126	204	55
130	204	91
131	204	65
135	204	51
137	204	37
139	204	189
140	204	54
141	204	69
142	204	155
143	204	45
144	204	24
146	204	55
149	204	90
151	204	62
152	204	115
153	204	20
155	204	98
156	204	99
157	204	79
158	204	102
159	204	44
161	204	79
162	204	35
163	204	102
164	204	26
165	204	70
166	204	52
167	204	101
168	204	70
169	204	54
170	204	61
171	204	57
173	204	125
174	204	64
177	204	73
178	204	106
179	204	174
180	204	57
181	204	13
184	204	131
186	204	76
188	204	80
194	204	41
201	204	55
203	204	65
206	204	79
209	204	42
214	204	45
221	204	50
226	204	103
232	204	49
25	203	10
26	203	21
28	203	59
30	203	17
33	203	77
36	203	110
37	203	18
40	203	39
42	203	52
43	203	48
45	203	46
46	203	60
47	203	62
48	203	41
50	203	114
51	203	42
56	203	82
58	203	73
59	203	67
60	203	81
61	203	53
62	203	25
64	203	150
69	203	51
70	203	57
72	203	81
73	203	27
74	203	80
75	203	133
76	203	96
78	203	92
79	203	77
81	203	67
87	203	141
94	203	83
97	203	137
101	203	31
102	203	82
109	203	24
112	203	101
114	203	55
115	203	9
119	203	27
120	203	30
121	203	42
122	203	44
123	203	7
124	203	133
129	203	25
131	203	38
133	203	34
134	203	52
135	203	71
139	203	63
141	203	94
142	203	119
143	203	5
145	203	13
147	203	65
148	203	137
149	203	74
150	203	24
151	203	70
153	203	93
154	203	26
156	203	70
159	203	87
160	203	19
161	203	42
162	203	25
168	203	97
170	203	74
171	203	51
172	203	64
174	203	84
175	203	92
176	203	63
177	203	93
179	203	179
182	203	157
184	203	126
192	203	59
193	203	59
194	203	84
199	203	142
200	203	32
204	203	76
225	203	36
236	203	76
239	203	52
30	202	54
35	202	41
36	202	107
37	202	83
40	202	53
41	202	109
46	202	95
49	202	59
51	202	40
53	202	68
57	202	70
61	202	66
62	202	30
76	202	60
80	202	33
82	202	66
84	202	44
86	202	42
87	202	26
89	202	34
90	202	15
92	202	116
96	202	86
98	202	58
99	202	53
102	202	36
107	202	61
109	202	77
110	202	161
111	202	96
112	202	37
113	202	30
115	202	38
119	202	82
122	202	15
125	202	43
126	202	104
127	202	60
128	202	95
131	202	54
134	202	69
136	202	77
138	202	70
139	202	160
140	202	85
142	202	62
143	202	67
144	202	110
146	202	110
147	202	65
148	202	100
149	202	141
150	202	51
151	202	108
153	202	105
154	202	33
155	202	98
156	202	107
157	202	39
158	202	71
163	202	91
164	202	27
166	202	59
168	202	142
169	202	73
170	202	59
171	202	32
172	202	61
174	202	63
175	202	47
176	202	27
179	202	194
184	202	74
189	202	150
193	202	39
194	202	151
196	202	40
197	202	53
199	202	70
201	202	32
204	202	62
210	202	55
211	202	58
214	202	59
225	202	48
226	202	47
239	202	51
33	201	40
38	201	32
39	201	20
47	201	75
49	201	68
50	201	93
53	201	36
58	201	117
60	201	140
61	201	85
63	201	64
64	201	79
65	201	62
67	201	64
69	201	42
70	201	41
71	201	79
74	201	95
75	201	26
77	201	30
78	201	73
79	201	27
82	201	86
85	201	51
89	201	76
91	201	30
93	201	10
96	201	53
98	201	65
104	201	32
106	201	72
107	201	73
112	201	25
113	201	119
114	201	86
115	201	117
116	201	40
122	201	116
123	201	38
124	201	67
125	201	63
128	201	43
131	201	73
132	201	48
133	201	80
137	201	70
138	201	84
139	201	59
142	201	53
144	201	129
145	201	118
146	201	80
147	201	24
148	201	10
149	201	67
151	201	62
154	201	68
160	201	220
162	201	90
164	201	86
166	201	78
168	201	78
169	201	75
170	201	76
171	201	135
175	201	79
176	201	78
177	201	51
179	201	70
181	201	68
187	201	60
188	201	41
189	201	48
190	201	66
192	201	51
197	201	165
198	201	70
200	201	41
210	201	76
213	201	21
219	201	64
222	201	32
225	201	46
228	201	65
235	201	30
237	201	41
238	201	41
27	200	57
34	200	59
40	200	43
41	200	97
43	200	57
44	200	65
46	200	49
47	200	48
51	200	77
52	200	68
53	200	30
55	200	57
57	200	37
58	200	40
59	200	64
60	200	107
64	200	52
69	200	41
70	200	48
78	200	107
87	200	71
90	200	110
93	200	24
99	200	50
103	200	221
105	200	44
108	200	83
109	200	46
110	200	151
114	200	61
115	200	60
116	200	45
118	200	127
119	200	17
121	200	46
124	200	102
125	200	130
127	200	68
128	200	116
129	200	90
130	200	46
133	200	49
134	200	73
140	200	19
142	200	35
143	200	74
144	200	171
145	200	57
148	200	19
149	200	91
150	200	58
152	200	188
154	200	25
155	200	44
158	200	55
159	200	115
161	200	5
162	200	75
163	200	99
164	200	43
169	200	44
170	200	45
172	200	87
173	200	79
174	200	137
175	200	82
176	200	131
177	200	27
178	200	79
181	200	34
182	200	79
183	200	101
185	200	77
186	200	50
190	200	184
192	200	19
199	200	59
207	200	37
208	200	30
213	200	46
221	200	88
222	200	63
26	199	79
37	199	46
41	199	34
49	199	89
51	199	23
55	199	82
58	199	82
59	199	74
60	199	65
62	199	46
67	199	31
68	199	40
69	199	66
70	199	72
76	199	73
78	199	65
82	199	77
83	199	91
92	199	33
93	199	21
95	199	30
96	199	133
97	199	273
98	199	48
100	199	67
104	199	18
105	199	51
106	199	132
107	199	71
109	199	108
111	199	84
115	199	32
116	199	33
118	199	35
119	199	136
120	199	100
122	199	46
123	199	27
124	199	79
126	199	71
127	199	60
128	199	104
130	199	53
131	199	47
132	199	52
133	199	42
134	199	51
141	199	49
142	199	61
144	199	49
145	199	32
146	199	63
148	199	56
149	199	201
150	199	110
155	199	48
161	199	44
162	199	112
163	199	102
165	199	29
168	199	36
169	199	45
170	199	174
173	199	78
175	199	83
176	199	48
179	199	61
180	199	45
181	199	62
182	199	96
183	199	79
184	199	57
185	199	89
186	199	58
187	199	57
188	199	52
198	199	69
202	199	21
203	199	69
204	199	55
207	199	46
224	199	86
225	199	119
244	199	28
17	198	26
23	198	82
44	198	50
46	198	70
48	198	125
49	198	22
50	198	75
51	198	62
54	198	49
56	198	60
61	198	80
62	198	62
63	198	14
64	198	105
65	198	47
67	198	49
68	198	90
69	198	137
70	198	47
72	198	62
76	198	124
77	198	147
78	198	112
79	198	38
80	198	84
83	198	126
85	198	59
88	198	68
89	198	108
90	198	49
91	198	37
92	198	57
93	198	36
94	198	172
95	198	75
100	198	71
103	198	98
104	198	36
109	198	63
110	198	132
115	198	37
117	198	47
119	198	73
120	198	66
124	198	51
125	198	25
126	198	63
131	198	23
135	198	29
136	198	22
137	198	122
138	198	42
139	198	10
140	198	58
141	198	95
143	198	56
145	198	106
146	198	116
147	198	45
148	198	61
150	198	38
151	198	58
152	198	225
153	198	55
155	198	54
157	198	22
158	198	27
159	198	36
160	198	37
161	198	99
164	198	128
166	198	49
167	198	66
169	198	104
170	198	38
171	198	85
174	198	26
175	198	48
176	198	278
177	198	148
178	198	11
180	198	97
181	198	36
185	198	150
188	198	54
190	198	132
194	198	109
195	198	171
196	198	27
198	198	24
199	198	43
202	198	24
203	198	71
205	198	114
209	198	71
212	198	77
26	197	31
41	197	63
50	197	42
52	197	50
53	197	87
54	197	78
55	197	59
56	197	95
57	197	91
60	197	102
62	197	71
63	197	86
66	197	19
67	197	100
70	197	73
71	197	118
72	197	114
73	197	15
75	197	131
77	197	78
78	197	173
79	197	27
84	197	55
87	197	54
88	197	58
89	197	42
90	197	49
92	197	59
95	197	209
98	197	41
108	197	88
109	197	51
110	197	6
117	197	95
119	197	163
120	197	97
121	197	64
122	197	30
123	197	48
124	197	119
125	197	77
126	197	70
127	197	38
129	197	49
132	197	76
133	197	25
135	197	61
142	197	134
145	197	52
146	197	25
149	197	77
150	197	67
151	197	99
152	197	51
153	197	125
154	197	136
155	197	26
156	197	49
158	197	54
159	197	217
160	197	128
161	197	13
162	197	42
163	197	22
164	197	15
165	197	5
167	197	160
168	197	55
169	197	55
170	197	166
172	197	94
173	197	79
174	197	58
176	197	126
178	197	51
180	197	85
183	197	67
184	197	73
187	197	67
189	197	65
190	197	104
191	197	61
198	197	67
200	197	58
201	197	25
203	197	71
205	197	45
209	197	60
211	197	7
212	197	50
215	197	27
221	197	84
232	197	26
23	196	68
26	196	53
37	196	67
43	196	30
51	196	83
55	196	138
56	196	26
57	196	86
60	196	64
63	196	77
66	196	44
68	196	85
70	196	55
71	196	57
72	196	155
74	196	71
75	196	67
77	196	54
78	196	92
79	196	46
82	196	80
83	196	67
84	196	41
86	196	66
87	196	30
91	196	8
93	196	49
94	196	52
95	196	89
96	196	67
97	196	37
103	196	56
106	196	74
107	196	61
110	196	27
113	196	43
114	196	96
116	196	54
118	196	41
121	196	47
122	196	39
123	196	19
124	196	112
125	196	70
126	196	31
127	196	102
129	196	100
130	196	12
131	196	114
132	196	111
134	196	106
137	196	215
138	196	144
141	196	229
142	196	25
145	196	114
146	196	174
147	196	84
148	196	69
149	196	60
151	196	93
152	196	142
153	196	51
154	196	60
155	196	98
156	196	43
157	196	77
159	196	112
161	196	114
162	196	100
163	196	92
167	196	70
170	196	111
175	196	87
176	196	120
177	196	46
179	196	71
183	196	156
187	196	116
188	196	56
189	196	79
190	196	102
191	196	90
193	196	53
194	196	55
197	196	70
198	196	120
199	196	90
200	196	50
202	196	45
206	196	93
207	196	60
217	196	82
229	196	41
234	196	48
21	195	90
27	195	76
31	195	81
32	195	91
39	195	116
40	195	68
41	195	117
43	195	31
44	195	60
45	195	67
46	195	41
48	195	74
50	195	75
51	195	99
52	195	112
53	195	58
58	195	95
59	195	16
60	195	19
62	195	154
63	195	17
64	195	43
65	195	68
66	195	47
67	195	51
68	195	91
69	195	79
70	195	215
71	195	86
72	195	117
73	195	25
75	195	145
76	195	107
78	195	83
79	195	54
81	195	97
82	195	75
83	195	84
85	195	60
86	195	83
91	195	85
94	195	90
96	195	25
99	195	61
101	195	18
105	195	116
107	195	16
109	195	29
111	195	41
112	195	106
114	195	164
115	195	192
116	195	50
117	195	157
118	195	153
120	195	227
122	195	99
123	195	16
126	195	60
127	195	30
128	195	37
129	195	220
130	195	55
133	195	87
136	195	131
137	195	147
139	195	48
144	195	31
150	195	19
151	195	60
155	195	62
156	195	90
157	195	87
158	195	134
160	195	87
162	195	81
163	195	84
164	195	84
166	195	46
169	195	159
170	195	38
171	195	65
172	195	108
173	195	87
174	195	143
176	195	137
178	195	31
179	195	24
180	195	13
181	195	41
184	195	22
185	195	32
186	195	69
188	195	53
189	195	21
196	195	89
197	195	111
198	195	111
199	195	15
202	195	89
204	195	31
214	195	49
216	195	57
220	195	22
227	195	40
230	195	37
16	194	7
35	194	40
37	194	93
42	194	100
43	194	66
52	194	35
55	194	69
56	194	137
57	194	102
59	194	24
62	194	73
63	194	65
64	194	60
66	194	51
68	194	135
71	194	43
72	194	27
73	194	57
74	194	50
77	194	106
78	194	59
79	194	42
81	194	118
82	194	16
83	194	52
84	194	72
85	194	141
91	194	46
92	194	37
98	194	47
101	194	31
104	194	53
107	194	57
109	194	52
110	194	44
111	194	29
114	194	71
115	194	53
118	194	134
119	194	37
120	194	37
121	194	79
126	194	119
127	194	61
130	194	73
132	194	52
137	194	46
138	194	77
139	194	92
141	194	74
142	194	157
144	194	169
145	194	143
146	194	20
149	194	107
150	194	52
151	194	102
152	194	102
154	194	45
155	194	84
156	194	99
158	194	70
161	194	71
162	194	109
163	194	87
165	194	74
168	194	109
170	194	93
171	194	30
172	194	75
176	194	165
178	194	81
179	194	101
180	194	96
181	194	115
182	194	82
184	194	144
186	194	57
188	194	38
190	194	68
191	194	38
195	194	98
196	194	56
197	194	97
198	194	65
202	194	40
207	194	138
216	194	37
227	194	42
228	194	86
234	194	77
20	193	26
39	193	51
42	193	135
46	193	55
48	193	59
57	193	125
58	193	67
59	193	34
60	193	58
61	193	76
64	193	28
65	193	90
66	193	42
68	193	224
69	193	181
71	193	53
73	193	55
74	193	36
76	193	111
81	193	36
82	193	59
85	193	37
88	193	92
90	193	40
91	193	48
92	193	60
93	193	18
94	193	105
104	193	104
107	193	139
108	193	80
109	193	161
110	193	59
111	193	52
112	193	43
113	193	24
115	193	48
118	193	136
120	193	102
121	193	65
122	193	28
123	193	27
124	193	41
126	193	92
127	193	81
128	193	214
129	193	42
130	193	97
131	193	46
133	193	45
134	193	90
135	193	113
136	193	111
137	193	61
139	193	51
140	193	76
142	193	18
143	193	51
144	193	85
147	193	99
149	193	54
150	193	361
151	193	60
152	193	61
153	193	128
154	193	23
155	193	103
157	193	56
159	193	12
165	193	9
168	193	144
174	193	50
175	193	33
176	193	117
177	193	204
179	193	58
180	193	32
181	193	53
182	193	76
183	193	64
185	193	59
187	193	52
188	193	71
192	193	29
195	193	33
196	193	22
197	193	52
200	193	165
201	193	115
202	193	31
203	193	63
205	193	71
216	193	106
222	193	101
233	193	38
239	193	84
27	192	103
43	192	48
47	192	75
48	192	94
49	192	14
51	192	19
52	192	59
53	192	59
55	192	82
57	192	70
59	192	17
60	192	103
63	192	103
64	192	106
66	192	59
67	192	59
70	192	79
71	192	86
72	192	37
75	192	28
76	192	46
78	192	98
80	192	23
83	192	34
84	192	50
85	192	25
87	192	122
93	192	118
94	192	80
95	192	25
97	192	60
100	192	20
102	192	25
107	192	164
109	192	74
112	192	73
113	192	31
115	192	15
116	192	49
117	192	22
118	192	218
120	192	26
122	192	87
124	192	62
125	192	95
128	192	95
130	192	25
# chipNumber: 4
# chipName:   G 10 W69
# numHits:    320
87	246	17
87	245	79
75	244	71
52	241	62
68	239	71
36	238	50
62	238	71
68	238	36
74	236	64
76	236	63
37	235	32
77	235	62
62	232	63
36	231	55
77	231	79
80	231	61
38	230	71
58	230	25
70	230	44
72	230	70
63	229	30
65	229	55
86	229	39
67	228	46
55	227	77
92	226	65
99	226	33
62	225	76
29	224	20
27	223	50
70	223	36
96	223	21
37	222	35
59	222	55
97	222	82
98	222	80
100	222	80
70	221	81
96	221	50
97	221	82
98	221	36
99	221	103
13	220	51
90	220	95
96	220	80
99	220	50
90	219	59
51	218	63
66	218	40
83	217	47
84	217	61
54	216	79
56	216	102
34	214	64
57	214	13
67	214	36
78	214	51
83	214	34
34	213	21
35	213	55
50	213	48
14	212	65
86	212	57
90	212	65
25	211	22
89	211	71
17	210	41
55	210	49
62	210	35
65	210	38
29	209	90
66	209	66
69	209	82
70	209	31
21	208	85
57	206	78
71	206	44
13	205	66
19	205	45
86	205	44
19	204	75
78	204	21
14	203	50
18	203	56
63	203	54
25	202	54
31	202	116
65	202	61
74	202	63
82	202	85
83	202	53
19	201	60
30	201	94
31	201	76
51	201	69
93	201	25
48	200	58
55	200	31
56	200	33
61	200	19
27	199	44
63	199	35
18	198	63
74	198	29
46	197	35
62	197	14
23	196	15
33	196	60
74	196	27
33	195	50
41	195	37
71	195	35
74	195	62
11	194	62
59	194	13
60	194	71
62	194	54
11	193	22
19	193	66
33	193	27
56	193	51
94	193	74
19	192	73
76	192	12
83	192	64
19	191	41
23	191	92
42	191	43
32	190	50
33	190	64
65	190	70
81	190	71
19	189	87
25	189	18
20	188	78
19	187	39
30	187	57
11	186	44
30	186	106
23	185	21
23	184	45
42	184	38
52	184	62
22	183	36
65	183	23
16	182	49
30	182	54
87	182	60
9	181	66
29	181	72
47	181	43
85	181	17
24	180	70
18	178	78
22	178	94
18	177	21
50	177	84
51	177	18
15	175	21
71	175	62
22	173	39
29	171	40
26	169	40
27	169	76
40	167	58
11	155	44
16	154	118
8	147	113
16	147	54
10	146	68
17	146	52
12	145	50
25	145	70
26	145	90
33	145	68
9	132	37
12	132	58
8	130	80
11	128	56
21	123	66
16	121	40
17	120	61
28	120	33
16	113	76
145	111	56
152	108	63
159	100	53
155	99	52
125	96	45
139	96	71
123	95	79
111	94	29
158	94	42
130	93	26
139	93	61
172	92	67
123	90	54
133	90	71
134	90	62
161	90	44
130	89	45
159	89	11
112	88	50
123	88	25
129	88	38
137	88	1
157	88	22
163	87	37
132	86	26
160	86	41
123	85	20
155	85	29
160	85	75
161	85	65
113	84	37
160	84	103
161	84	60
168	84	60
107	83	82
129	83	54
150	83	39
118	82	24
121	82	33
128	82	36
129	82	26
138	82	45
143	82	41
144	82	69
127	81	50
129	81	70
121	80	41
137	80	34
138	80	41
161	80	40
162	80	48
119	79	62
140	79	79
163	79	56
100	78	58
134	78	46
147	78	22
136	77	25
153	77	79
133	76	84
145	76	54
164	76	41
100	75	77
127	75	62
134	75	85
138	75	22
140	75	47
151	75	55
113	74	30
127	73	35
132	73	63
134	73	61
166	73	91
134	72	70
149	71	55
169	71	28
133	70	47
152	70	47
159	70	49
168	70	56
149	69	44
162	69	45
136	68	49
161	68	49
152	66	43
156	66	12
175	66	22
151	65	97
116	64	95
117	64	31
153	64	38
133	63	97
151	63	23
142	62	37
151	62	29
168	62	59
125	61	61
134	61	30
146	61	69
172	61	29
122	60	52
141	60	23
172	60	48
123	59	61
122	58	39
136	58	70
140	57	56
163	56	75
109	55	75
127	55	48
138	55	51
139	55	70
182	55	33
157	54	65
160	53	52
170	53	57
159	52	71
150	51	60
151	51	61
152	50	34
130	49	44
144	49	42
160	48	73
161	48	72
166	46	68
139	43	22
150	43	20
135	38	4
133	37	13
132	36	90
133	36	17
130	35	50
133	35	47
150	33	31
145	29	69
39	16	71
# chipNumber: 5
# chipName:   D 9 W69
# numHits:    3
131	233	41
7	59	41
7	58	30
# chipNumber: 6
# chipName:   L 8 W69
# numHits:    2
166	233	11810
234	203	11810
