## [General]
## runNumber:        241
## runTime:       	 7200
## runTimeFrames: 	 0
## pathName:         data/runs/Run_241_181022-16-16
## dateTime:         2018-10-22.17:24:40
## numChips:         7
## shutterTime:      30
## shutterMode:      verylong
## runMode:          0
## fastClock:        0
## externalTrigger:  0
## [Event]
## eventNumber:      5398
## useHvFadc:    	 1
## fadcReadout:    	 0
## szint1ClockInt:	 0
## szint2ClockInt:	 0
## fadcTriggerClock: -1
# chipNumber: 0
# chipName:   E 6 W69
# numHits:    22
231	215	34
237	196	63
239	194	13
229	183	49
236	183	49
232	182	22
239	182	64
241	179	49
243	179	34
244	176	47
225	175	80
235	175	45
234	174	68
240	172	31
237	171	45
238	170	42
230	169	59
237	166	60
230	165	30
216	163	18
236	156	30
227	155	45
# chipNumber: 1
# chipName:   K 6 W69
# numHits:    70
242	202	53
246	198	72
229	197	72
232	197	45
230	195	51
227	193	60
212	192	27
10	191	29
220	191	20
221	191	51
217	190	64
232	189	40
243	189	39
225	187	26
233	187	38
225	186	71
222	185	41
225	185	69
221	183	38
224	183	67
243	182	63
25	181	38
23	180	31
242	180	34
225	179	37
238	179	49
214	178	19
225	178	17
228	178	22
232	178	37
234	177	30
239	177	47
241	177	52
226	175	78
235	175	45
241	175	35
244	175	54
34	174	36
223	172	51
229	172	47
243	172	35
17	171	43
244	171	47
236	170	40
231	168	74
227	167	34
242	166	40
227	165	51
227	163	47
237	163	64
240	163	84
229	161	58
231	161	22
207	160	50
213	160	58
225	159	36
18	158	40
20	158	61
208	158	48
219	158	60
238	158	35
241	158	57
219	157	27
226	157	58
229	155	16
239	155	42
232	153	17
225	150	69
245	148	49
233	141	65
# chipNumber: 2
# chipName:   H 9 W69
# numHits:    31
234	154	65
222	153	63
244	148	49
232	142	57
242	141	59
226	138	31
234	137	57
240	131	52
245	129	89
237	127	53
223	124	36
241	122	65
245	121	87
235	120	52
234	119	32
241	119	63
238	117	45
238	116	145
241	116	40
242	107	21
241	106	69
242	106	51
240	104	32
236	103	52
230	77	7
231	76	137
228	69	97
246	68	26
245	65	89
246	65	76
246	30	25
# chipNumber: 3
# chipName:   H 10 W69
# numHits:    21607
73	222	151
75	222	45
76	222	52
77	222	65
81	222	144
82	222	190
83	222	41
84	222	172
86	222	4
87	222	12
88	222	150
91	222	250
93	222	340
94	222	32
95	222	178
97	222	47
98	222	163
99	222	47
102	222	109
103	222	136
105	222	66
106	222	57
111	222	88
112	222	36
113	222	99
115	222	115
119	222	30
120	222	36
122	222	21
125	222	49
126	222	75
129	222	21
132	222	41
138	222	144
140	222	30
141	222	25
142	222	16
143	222	66
149	222	61
150	222	34
152	222	62
154	222	36
158	222	49
159	222	38
163	222	36
164	222	60
166	222	53
167	222	46
168	222	9
171	222	64
174	222	61
175	222	31
176	222	47
177	222	87
178	222	95
179	222	23
181	222	97
183	222	78
187	222	163
188	222	126
189	222	14
193	222	46
195	222	22
205	222	62
207	222	84
209	222	63
216	222	59
236	222	45
238	222	79
25	221	87
27	221	54
40	221	46
61	221	39
62	221	18
63	221	101
71	221	19
72	221	20
74	221	33
75	221	91
76	221	84
77	221	116
79	221	73
81	221	73
84	221	189
85	221	79
86	221	20
87	221	57
88	221	128
89	221	103
90	221	59
91	221	205
92	221	188
93	221	279
94	221	131
95	221	72
96	221	105
97	221	64
98	221	88
99	221	56
100	221	80
102	221	120
103	221	35
104	221	15
105	221	126
107	221	20
108	221	131
109	221	60
113	221	104
117	221	57
118	221	44
120	221	51
122	221	51
123	221	76
125	221	35
126	221	15
127	221	40
129	221	17
133	221	168
134	221	73
140	221	14
141	221	83
142	221	39
143	221	39
145	221	73
148	221	49
151	221	64
154	221	182
157	221	24
160	221	41
161	221	233
162	221	29
163	221	44
165	221	94
166	221	19
167	221	171
168	221	104
169	221	24
172	221	34
173	221	78
174	221	75
175	221	60
176	221	32
177	221	15
178	221	38
179	221	38
180	221	34
181	221	193
182	221	79
183	221	169
188	221	104
189	221	47
192	221	47
195	221	4
199	221	39
205	221	52
210	221	19
213	221	30
222	221	41
37	220	39
40	220	62
48	220	21
57	220	78
62	220	34
64	220	60
69	220	44
70	220	97
71	220	76
72	220	64
73	220	57
77	220	45
79	220	55
80	220	23
82	220	119
84	220	65
85	220	93
86	220	259
87	220	176
88	220	170
89	220	196
90	220	42
91	220	16
92	220	106
93	220	35
95	220	27
96	220	110
97	220	142
98	220	105
99	220	76
100	220	71
101	220	93
103	220	74
108	220	45
113	220	17
114	220	35
119	220	122
120	220	87
125	220	77
126	220	55
128	220	86
133	220	29
141	220	103
143	220	56
144	220	74
145	220	82
146	220	83
147	220	100
149	220	30
151	220	19
153	220	45
157	220	91
160	220	39
161	220	71
163	220	203
164	220	31
165	220	131
166	220	33
168	220	89
170	220	95
171	220	59
172	220	47
174	220	105
175	220	67
176	220	96
177	220	48
178	220	37
183	220	47
186	220	57
187	220	106
188	220	76
189	220	76
191	220	46
192	220	127
197	220	61
201	220	21
205	220	84
206	220	104
219	220	60
20	219	43
53	219	50
57	219	62
65	219	49
70	219	84
77	219	36
79	219	86
80	219	48
81	219	34
82	219	45
84	219	64
85	219	78
86	219	154
87	219	169
88	219	86
91	219	78
92	219	18
93	219	125
94	219	152
95	219	87
96	219	21
97	219	154
98	219	40
99	219	112
100	219	91
105	219	39
109	219	46
114	219	80
121	219	65
123	219	90
124	219	54
125	219	67
126	219	87
136	219	102
141	219	39
143	219	122
144	219	115
146	219	130
147	219	17
148	219	31
150	219	53
154	219	49
157	219	62
158	219	57
159	219	88
160	219	26
167	219	45
169	219	70
170	219	58
172	219	93
173	219	26
174	219	39
175	219	176
177	219	148
178	219	44
179	219	131
180	219	42
181	219	58
182	219	79
184	219	83
186	219	169
187	219	97
190	219	51
191	219	70
192	219	84
193	219	37
195	219	24
201	219	77
202	219	53
206	219	147
207	219	31
208	219	17
210	219	23
214	219	105
221	219	69
42	218	19
46	218	42
48	218	58
55	218	49
58	218	27
60	218	28
63	218	68
70	218	114
76	218	84
77	218	5
79	218	64
82	218	108
84	218	161
86	218	139
87	218	244
88	218	69
89	218	111
91	218	186
92	218	206
93	218	186
94	218	122
97	218	76
98	218	84
99	218	139
101	218	17
102	218	34
104	218	60
105	218	136
106	218	113
107	218	20
108	218	31
109	218	82
114	218	117
118	218	129
121	218	45
128	218	129
129	218	57
130	218	21
131	218	45
132	218	91
134	218	37
135	218	36
140	218	50
141	218	56
143	218	114
147	218	146
148	218	41
152	218	47
153	218	62
154	218	102
155	218	17
156	218	56
157	218	120
160	218	82
161	218	96
162	218	229
163	218	126
164	218	165
165	218	47
166	218	47
168	218	39
170	218	12
171	218	81
176	218	218
179	218	119
180	218	89
183	218	78
184	218	21
185	218	80
189	218	54
191	218	119
193	218	49
200	218	62
201	218	103
204	218	81
208	218	44
209	218	20
228	218	46
37	217	40
40	217	25
41	217	105
44	217	66
56	217	57
63	217	35
64	217	185
66	217	62
68	217	67
70	217	70
75	217	66
77	217	123
78	217	73
80	217	155
81	217	60
82	217	148
83	217	43
84	217	18
85	217	150
86	217	29
89	217	134
90	217	24
91	217	100
92	217	188
94	217	137
95	217	80
96	217	54
97	217	144
98	217	50
99	217	139
101	217	117
104	217	57
106	217	49
107	217	84
108	217	44
109	217	44
118	217	82
124	217	15
127	217	14
130	217	80
134	217	30
135	217	55
136	217	56
138	217	75
139	217	57
144	217	103
147	217	12
148	217	44
151	217	72
153	217	47
154	217	69
155	217	15
156	217	107
157	217	61
158	217	76
159	217	4
163	217	109
167	217	113
168	217	39
173	217	112
174	217	103
177	217	109
178	217	38
179	217	51
182	217	27
183	217	71
184	217	66
187	217	54
189	217	102
191	217	60
195	217	58
198	217	33
199	217	80
201	217	43
203	217	95
206	217	73
211	217	36
214	217	57
217	217	57
227	217	65
228	217	59
229	217	125
231	217	126
241	217	30
16	216	24
36	216	94
38	216	42
42	216	83
43	216	49
54	216	93
56	216	79
60	216	87
66	216	89
67	216	60
68	216	45
70	216	53
71	216	70
77	216	46
80	216	27
81	216	58
82	216	79
83	216	70
87	216	29
88	216	131
89	216	45
90	216	240
91	216	176
92	216	149
93	216	258
94	216	105
95	216	30
96	216	48
97	216	34
98	216	49
101	216	28
103	216	86
104	216	55
105	216	45
113	216	68
116	216	55
118	216	49
120	216	67
122	216	15
123	216	54
124	216	7
128	216	76
129	216	19
130	216	66
131	216	87
132	216	38
134	216	157
135	216	61
136	216	84
137	216	28
138	216	30
140	216	11
144	216	32
146	216	45
147	216	57
150	216	60
151	216	21
154	216	87
155	216	87
156	216	58
158	216	87
159	216	33
160	216	53
161	216	55
164	216	225
165	216	100
166	216	103
168	216	40
172	216	127
176	216	118
177	216	5
180	216	46
181	216	246
183	216	142
184	216	148
185	216	77
186	216	76
188	216	49
189	216	47
191	216	56
198	216	53
201	216	106
206	216	56
211	216	48
214	216	17
236	216	35
37	215	32
38	215	183
39	215	152
40	215	85
41	215	88
42	215	102
43	215	19
45	215	111
46	215	35
47	215	144
49	215	53
54	215	40
62	215	21
63	215	116
65	215	77
66	215	164
70	215	69
71	215	103
72	215	37
73	215	63
74	215	46
77	215	31
82	215	120
85	215	53
86	215	9
87	215	246
88	215	84
89	215	145
90	215	110
91	215	131
92	215	78
94	215	133
95	215	101
96	215	34
97	215	66
100	215	62
101	215	182
102	215	174
104	215	76
106	215	87
108	215	52
111	215	42
119	215	48
120	215	67
121	215	31
124	215	71
126	215	156
128	215	13
129	215	21
130	215	112
131	215	82
132	215	38
135	215	78
136	215	23
137	215	31
138	215	30
140	215	44
141	215	52
144	215	27
150	215	53
151	215	75
153	215	128
154	215	213
155	215	42
156	215	62
157	215	63
159	215	78
162	215	101
165	215	192
166	215	188
167	215	41
169	215	113
170	215	29
172	215	37
174	215	47
175	215	189
176	215	103
177	215	106
178	215	134
179	215	128
180	215	56
181	215	79
182	215	53
183	215	113
188	215	50
189	215	72
190	215	51
191	215	62
194	215	74
195	215	49
197	215	49
198	215	90
199	215	59
207	215	24
209	215	105
214	215	82
215	215	67
216	215	30
218	215	31
227	215	54
235	215	87
237	215	111
36	214	71
37	214	68
38	214	117
39	214	136
40	214	304
41	214	261
42	214	98
43	214	242
44	214	118
45	214	144
46	214	60
47	214	103
52	214	30
56	214	36
62	214	59
64	214	80
65	214	54
66	214	66
68	214	69
69	214	3
71	214	91
73	214	30
77	214	32
83	214	232
85	214	93
87	214	137
88	214	64
89	214	140
90	214	164
91	214	191
92	214	71
93	214	61
94	214	23
95	214	132
96	214	78
97	214	137
99	214	33
102	214	59
103	214	22
105	214	57
109	214	25
112	214	40
114	214	57
117	214	70
121	214	50
122	214	87
123	214	93
126	214	33
127	214	54
131	214	166
133	214	56
134	214	86
135	214	101
136	214	113
137	214	66
140	214	80
142	214	33
148	214	46
152	214	122
154	214	108
157	214	145
158	214	92
159	214	16
160	214	132
162	214	229
163	214	39
164	214	83
165	214	61
167	214	14
168	214	48
171	214	65
174	214	51
176	214	58
177	214	113
178	214	37
179	214	89
180	214	55
181	214	42
187	214	41
190	214	4
193	214	63
194	214	52
195	214	42
196	214	42
201	214	12
202	214	38
205	214	79
206	214	54
209	214	86
211	214	58
213	214	77
221	214	57
237	214	61
243	214	47
36	213	49
37	213	95
38	213	140
39	213	169
40	213	269
41	213	158
42	213	167
43	213	198
44	213	156
45	213	116
46	213	62
47	213	45
50	213	33
61	213	74
62	213	31
63	213	15
65	213	73
67	213	62
68	213	37
69	213	68
70	213	73
71	213	57
73	213	54
74	213	33
75	213	153
76	213	32
77	213	28
79	213	83
81	213	76
82	213	99
86	213	182
87	213	259
88	213	123
89	213	84
90	213	147
91	213	57
92	213	172
93	213	43
96	213	18
97	213	132
99	213	15
100	213	96
101	213	33
102	213	31
103	213	61
104	213	29
119	213	70
120	213	41
124	213	31
125	213	73
126	213	60
127	213	68
128	213	70
132	213	49
135	213	27
136	213	46
137	213	151
138	213	76
139	213	54
140	213	57
141	213	25
142	213	49
143	213	19
144	213	98
148	213	90
152	213	67
153	213	44
156	213	15
159	213	17
162	213	36
163	213	136
165	213	84
166	213	45
167	213	13
169	213	134
170	213	179
171	213	15
172	213	51
173	213	32
175	213	91
176	213	61
177	213	83
178	213	153
179	213	24
181	213	77
182	213	213
183	213	200
184	213	59
185	213	54
186	213	64
188	213	17
192	213	135
194	213	51
197	213	17
199	213	58
200	213	123
201	213	31
206	213	54
208	213	21
209	213	45
212	213	60
220	213	57
230	213	70
32	212	87
34	212	70
35	212	91
36	212	103
37	212	126
38	212	123
39	212	140
40	212	199
41	212	230
42	212	165
43	212	189
44	212	201
45	212	144
46	212	57
47	212	92
51	212	134
52	212	88
53	212	52
54	212	25
57	212	72
59	212	70
60	212	114
63	212	73
64	212	65
66	212	31
68	212	76
69	212	33
70	212	32
73	212	54
74	212	104
77	212	41
78	212	75
79	212	41
80	212	33
83	212	87
84	212	153
85	212	40
87	212	190
88	212	78
89	212	66
91	212	98
92	212	76
93	212	144
94	212	103
95	212	220
96	212	131
98	212	68
99	212	46
100	212	60
101	212	63
103	212	91
104	212	46
107	212	71
111	212	29
113	212	150
114	212	60
117	212	116
124	212	58
125	212	111
126	212	92
127	212	45
129	212	108
132	212	25
133	212	38
134	212	146
135	212	60
136	212	59
137	212	93
138	212	44
139	212	48
140	212	46
141	212	196
144	212	121
147	212	149
149	212	18
150	212	162
154	212	63
156	212	52
157	212	24
158	212	11
159	212	42
160	212	167
161	212	43
163	212	137
164	212	112
165	212	32
166	212	78
169	212	143
170	212	57
171	212	40
176	212	85
177	212	165
178	212	166
179	212	76
180	212	90
181	212	69
182	212	63
183	212	70
186	212	91
187	212	62
191	212	30
195	212	62
197	212	103
200	212	40
201	212	17
206	212	238
239	212	62
22	211	56
33	211	34
35	211	67
37	211	144
38	211	203
39	211	132
40	211	199
41	211	198
42	211	206
43	211	204
44	211	18
47	211	74
48	211	124
49	211	33
52	211	134
54	211	74
56	211	34
57	211	49
58	211	37
63	211	28
66	211	42
70	211	140
71	211	39
72	211	159
75	211	37
76	211	59
78	211	52
80	211	41
81	211	39
82	211	49
83	211	51
84	211	81
87	211	168
88	211	105
89	211	70
90	211	49
91	211	44
92	211	87
93	211	98
94	211	35
96	211	106
102	211	49
103	211	76
104	211	47
106	211	28
108	211	4
125	211	121
127	211	67
128	211	84
135	211	60
138	211	52
142	211	16
146	211	49
149	211	83
151	211	29
154	211	21
155	211	14
156	211	123
159	211	51
160	211	33
162	211	47
163	211	49
164	211	117
165	211	32
166	211	22
167	211	80
168	211	134
169	211	17
170	211	59
171	211	178
172	211	84
173	211	114
174	211	41
175	211	71
177	211	17
178	211	18
179	211	27
180	211	75
181	211	82
182	211	36
185	211	83
196	211	31
198	211	45
199	211	47
200	211	57
211	211	73
212	211	24
218	211	49
221	211	75
33	210	71
36	210	58
37	210	41
38	210	167
39	210	147
40	210	165
41	210	324
42	210	110
43	210	199
44	210	101
45	210	26
46	210	129
50	210	95
51	210	25
54	210	41
55	210	25
56	210	27
57	210	150
58	210	153
60	210	45
63	210	29
64	210	51
66	210	11
67	210	58
68	210	98
71	210	51
73	210	66
74	210	22
75	210	40
79	210	34
80	210	91
81	210	100
84	210	54
85	210	30
86	210	113
87	210	49
88	210	83
89	210	105
91	210	49
92	210	56
94	210	71
97	210	113
103	210	57
104	210	62
105	210	217
106	210	75
111	210	36
117	210	83
120	210	45
122	210	65
123	210	35
124	210	51
126	210	46
128	210	55
129	210	48
130	210	49
131	210	24
133	210	62
134	210	54
135	210	53
136	210	140
139	210	48
140	210	49
144	210	216
146	210	29
152	210	35
153	210	147
154	210	64
155	210	82
156	210	90
158	210	95
159	210	156
162	210	117
164	210	46
165	210	25
166	210	82
167	210	77
168	210	255
169	210	75
170	210	71
172	210	34
173	210	98
174	210	78
176	210	45
177	210	106
179	210	48
180	210	4
181	210	71
182	210	66
183	210	20
184	210	109
188	210	56
190	210	160
192	210	86
193	210	38
194	210	85
197	210	41
199	210	61
200	210	123
201	210	59
203	210	62
210	210	25
217	210	36
219	210	56
229	210	38
232	210	70
36	209	78
37	209	65
38	209	109
39	209	89
40	209	110
41	209	26
42	209	106
45	209	110
46	209	77
47	209	82
52	209	101
53	209	84
54	209	54
57	209	49
61	209	115
63	209	25
67	209	58
68	209	46
72	209	37
73	209	51
74	209	33
77	209	23
78	209	20
79	209	67
81	209	45
83	209	137
84	209	93
87	209	7
88	209	35
89	209	44
90	209	68
93	209	144
96	209	110
99	209	60
101	209	105
102	209	126
104	209	57
105	209	67
109	209	138
113	209	87
117	209	81
123	209	33
128	209	65
129	209	123
130	209	46
132	209	159
133	209	138
134	209	51
135	209	71
141	209	64
146	209	36
149	209	84
151	209	159
152	209	33
153	209	28
157	209	76
158	209	176
159	209	129
161	209	45
162	209	85
163	209	67
164	209	52
165	209	46
167	209	95
168	209	57
171	209	95
172	209	77
173	209	60
174	209	96
175	209	84
176	209	63
177	209	133
179	209	28
180	209	153
182	209	123
183	209	37
187	209	59
188	209	52
191	209	67
193	209	20
195	209	72
196	209	13
197	209	32
198	209	125
199	209	67
200	209	30
201	209	148
207	209	98
208	209	110
213	209	55
216	209	20
222	209	58
223	209	36
226	209	10
227	209	80
26	208	50
28	208	67
30	208	74
34	208	52
36	208	24
37	208	19
39	208	33
40	208	54
41	208	91
42	208	88
43	208	79
44	208	105
45	208	91
46	208	74
50	208	60
51	208	84
52	208	71
55	208	63
57	208	82
59	208	67
62	208	45
64	208	24
65	208	33
67	208	29
68	208	55
73	208	28
75	208	45
77	208	51
81	208	98
82	208	63
83	208	29
84	208	268
85	208	70
86	208	181
87	208	39
88	208	57
89	208	49
90	208	18
92	208	81
93	208	63
94	208	54
96	208	81
98	208	63
100	208	60
101	208	110
102	208	50
103	208	36
105	208	79
109	208	32
118	208	58
119	208	30
121	208	16
126	208	48
127	208	68
128	208	48
129	208	23
130	208	90
132	208	103
133	208	57
134	208	48
136	208	84
138	208	123
139	208	164
140	208	87
143	208	41
145	208	60
146	208	52
147	208	17
150	208	102
151	208	35
152	208	12
153	208	88
158	208	40
159	208	199
160	208	62
161	208	182
162	208	78
163	208	137
164	208	21
165	208	57
166	208	20
167	208	102
168	208	146
170	208	157
171	208	60
172	208	86
173	208	172
176	208	161
177	208	164
180	208	37
183	208	143
184	208	53
185	208	32
188	208	94
189	208	35
190	208	2
191	208	102
195	208	194
200	208	92
201	208	173
206	208	106
209	208	51
212	208	11
219	208	30
226	208	52
227	208	85
230	208	70
30	207	45
33	207	37
38	207	130
40	207	132
43	207	47
44	207	66
45	207	143
48	207	57
50	207	82
52	207	131
55	207	69
57	207	58
58	207	18
59	207	51
62	207	36
65	207	85
66	207	59
70	207	51
74	207	19
76	207	45
80	207	83
81	207	51
83	207	35
84	207	134
85	207	125
86	207	18
87	207	76
90	207	64
91	207	45
92	207	32
93	207	37
96	207	63
99	207	34
100	207	92
101	207	26
104	207	48
109	207	53
110	207	34
111	207	63
114	207	54
116	207	60
121	207	79
126	207	49
128	207	40
129	207	75
131	207	55
132	207	48
133	207	90
134	207	105
135	207	14
136	207	66
137	207	166
138	207	151
139	207	134
140	207	24
141	207	47
143	207	27
145	207	71
147	207	36
148	207	14
149	207	14
151	207	15
159	207	96
160	207	161
161	207	38
162	207	145
163	207	37
165	207	134
166	207	62
167	207	135
168	207	191
169	207	151
170	207	100
171	207	49
172	207	146
173	207	122
175	207	34
176	207	128
177	207	195
182	207	62
189	207	111
190	207	34
191	207	64
193	207	67
194	207	60
196	207	86
197	207	51
208	207	92
211	207	45
215	207	46
227	207	52
40	206	63
45	206	44
48	206	45
50	206	32
52	206	41
53	206	61
54	206	66
57	206	188
58	206	30
59	206	45
63	206	46
68	206	31
70	206	45
71	206	53
72	206	64
75	206	88
79	206	57
80	206	149
81	206	23
82	206	65
83	206	55
86	206	22
87	206	77
89	206	25
91	206	60
93	206	71
96	206	91
98	206	28
99	206	82
101	206	76
105	206	52
107	206	37
109	206	42
112	206	15
114	206	42
117	206	65
118	206	77
119	206	82
120	206	40
121	206	54
122	206	48
123	206	101
125	206	51
126	206	29
130	206	52
132	206	78
134	206	75
135	206	18
137	206	120
138	206	22
139	206	95
140	206	17
141	206	77
143	206	86
144	206	28
152	206	75
153	206	9
154	206	37
155	206	57
158	206	76
159	206	195
161	206	59
162	206	59
164	206	319
165	206	116
166	206	17
167	206	136
168	206	123
169	206	82
170	206	183
171	206	128
172	206	160
173	206	198
174	206	167
176	206	99
177	206	41
180	206	12
181	206	100
182	206	22
183	206	116
185	206	136
186	206	60
188	206	129
190	206	32
192	206	30
193	206	146
198	206	40
199	206	154
204	206	38
205	206	49
211	206	16
218	206	49
221	206	77
225	206	13
14	205	32
40	205	30
42	205	78
43	205	78
48	205	46
49	205	40
52	205	122
55	205	112
56	205	15
57	205	51
63	205	232
64	205	75
66	205	70
67	205	40
69	205	77
70	205	73
71	205	95
73	205	30
76	205	53
78	205	52
79	205	77
81	205	179
82	205	14
83	205	26
84	205	29
85	205	108
86	205	36
87	205	77
88	205	149
89	205	46
90	205	45
91	205	16
93	205	50
99	205	53
100	205	57
104	205	21
106	205	78
108	205	97
109	205	40
118	205	109
119	205	63
120	205	74
121	205	26
122	205	45
124	205	129
125	205	49
127	205	39
128	205	59
129	205	61
130	205	88
132	205	17
133	205	44
137	205	67
140	205	82
141	205	161
142	205	99
148	205	38
149	205	114
150	205	60
153	205	15
157	205	89
160	205	35
161	205	153
162	205	25
163	205	99
164	205	36
165	205	30
166	205	272
167	205	335
168	205	42
169	205	394
170	205	116
171	205	100
172	205	136
173	205	60
174	205	74
175	205	69
176	205	100
177	205	217
178	205	91
180	205	75
181	205	36
182	205	64
185	205	181
188	205	131
189	205	90
191	205	34
195	205	35
198	205	119
200	205	32
203	205	138
204	205	51
207	205	49
218	205	117
223	205	59
224	205	60
230	205	35
231	205	20
232	205	49
40	204	118
44	204	49
45	204	23
46	204	50
48	204	25
50	204	61
53	204	15
55	204	23
56	204	51
62	204	49
63	204	23
65	204	27
66	204	153
72	204	52
74	204	187
76	204	131
79	204	40
81	204	39
82	204	38
86	204	32
87	204	39
88	204	79
89	204	67
90	204	83
94	204	72
95	204	57
96	204	61
97	204	30
101	204	24
102	204	59
103	204	68
104	204	48
114	204	45
115	204	103
121	204	22
128	204	49
129	204	44
131	204	48
133	204	148
135	204	43
136	204	57
141	204	74
142	204	53
144	204	14
147	204	112
148	204	16
149	204	3
150	204	40
151	204	17
152	204	12
153	204	41
156	204	128
159	204	46
161	204	34
162	204	203
163	204	45
164	204	9
165	204	57
166	204	79
167	204	119
168	204	163
169	204	166
170	204	160
171	204	172
172	204	116
173	204	152
174	204	178
175	204	19
176	204	51
177	204	62
178	204	112
179	204	101
180	204	80
181	204	68
182	204	53
184	204	48
188	204	141
190	204	21
191	204	71
194	204	49
200	204	58
201	204	71
202	204	24
213	204	95
218	204	82
220	204	60
225	204	70
226	204	33
227	204	22
231	204	69
35	203	58
41	203	53
45	203	43
46	203	59
49	203	79
52	203	86
53	203	22
54	203	50
55	203	41
57	203	60
58	203	185
59	203	24
60	203	100
61	203	141
64	203	115
66	203	48
68	203	48
69	203	7
80	203	65
81	203	51
86	203	19
87	203	145
91	203	65
94	203	67
95	203	97
96	203	26
97	203	87
101	203	44
104	203	30
108	203	54
110	203	83
113	203	27
114	203	46
115	203	45
117	203	22
118	203	50
122	203	27
126	203	90
127	203	28
128	203	42
130	203	78
131	203	116
132	203	58
133	203	78
134	203	136
135	203	46
136	203	104
137	203	25
138	203	30
141	203	131
142	203	18
144	203	25
145	203	114
146	203	73
148	203	18
149	203	79
151	203	25
152	203	77
154	203	20
158	203	144
161	203	16
162	203	7
163	203	132
164	203	172
165	203	208
166	203	160
167	203	221
168	203	150
169	203	150
170	203	118
171	203	86
172	203	70
174	203	96
175	203	69
176	203	116
177	203	92
178	203	296
179	203	152
180	203	106
181	203	70
182	203	49
184	203	22
185	203	144
186	203	59
187	203	55
191	203	29
192	203	62
194	203	60
196	203	79
197	203	48
201	203	38
206	203	113
207	203	55
209	203	36
210	203	37
215	203	29
217	203	39
224	203	49
228	203	28
33	202	87
38	202	73
39	202	89
49	202	69
50	202	97
51	202	45
53	202	53
54	202	47
57	202	67
58	202	86
59	202	74
60	202	60
61	202	142
62	202	38
63	202	55
64	202	63
65	202	65
69	202	25
70	202	141
71	202	160
75	202	88
78	202	63
79	202	59
80	202	55
81	202	126
82	202	43
84	202	38
85	202	37
87	202	71
88	202	64
89	202	208
91	202	36
92	202	70
93	202	23
94	202	93
95	202	77
96	202	109
101	202	41
102	202	48
110	202	86
114	202	75
115	202	139
116	202	102
118	202	52
125	202	66
126	202	33
127	202	20
129	202	106
130	202	88
132	202	78
135	202	61
139	202	13
141	202	18
145	202	90
148	202	82
154	202	29
155	202	32
156	202	84
157	202	46
158	202	133
159	202	95
162	202	74
163	202	62
165	202	148
166	202	75
167	202	297
168	202	152
169	202	191
170	202	119
171	202	143
172	202	93
173	202	114
174	202	146
175	202	66
176	202	67
177	202	194
178	202	83
180	202	116
183	202	44
184	202	34
186	202	35
189	202	63
190	202	67
192	202	109
193	202	173
194	202	38
195	202	57
199	202	51
204	202	116
206	202	90
209	202	63
210	202	42
211	202	67
212	202	59
213	202	41
224	202	29
228	202	27
231	202	46
239	202	80
38	201	66
44	201	110
46	201	54
50	201	99
51	201	57
52	201	67
54	201	76
55	201	57
58	201	58
60	201	89
63	201	57
64	201	65
66	201	29
67	201	79
69	201	34
82	201	85
83	201	112
85	201	35
86	201	52
88	201	20
89	201	59
90	201	38
92	201	108
93	201	115
95	201	73
98	201	119
99	201	50
101	201	94
105	201	75
110	201	70
112	201	45
115	201	93
116	201	21
121	201	70
122	201	29
124	201	33
127	201	156
130	201	62
134	201	53
135	201	84
136	201	21
138	201	29
144	201	42
151	201	60
152	201	115
153	201	36
155	201	83
156	201	70
157	201	52
160	201	110
164	201	183
165	201	89
166	201	100
167	201	34
168	201	365
169	201	57
170	201	98
171	201	141
172	201	107
173	201	128
174	201	189
175	201	104
176	201	81
177	201	133
178	201	79
179	201	39
180	201	82
181	201	68
183	201	161
184	201	172
185	201	115
186	201	187
193	201	32
201	201	54
206	201	95
208	201	53
217	201	74
221	201	63
223	201	90
224	201	45
225	201	33
226	201	90
229	201	48
231	201	23
239	201	28
19	200	54
38	200	126
41	200	54
42	200	62
43	200	76
45	200	46
46	200	80
48	200	46
52	200	38
53	200	72
54	200	76
55	200	52
56	200	35
57	200	14
58	200	98
61	200	29
62	200	47
64	200	46
67	200	72
72	200	69
74	200	169
75	200	87
77	200	73
78	200	47
79	200	57
80	200	95
81	200	68
82	200	22
84	200	209
85	200	36
86	200	41
87	200	59
88	200	42
93	200	33
94	200	41
96	200	91
98	200	62
99	200	180
101	200	66
103	200	40
104	200	74
106	200	71
108	200	77
109	200	89
111	200	57
118	200	47
121	200	50
123	200	41
127	200	47
128	200	104
129	200	90
130	200	71
132	200	10
133	200	57
134	200	33
139	200	16
141	200	42
149	200	70
150	200	54
153	200	33
155	200	87
156	200	87
157	200	93
159	200	85
160	200	110
161	200	59
162	200	169
163	200	178
164	200	89
165	200	75
166	200	87
167	200	90
168	200	40
169	200	166
170	200	228
171	200	192
172	200	210
174	200	67
175	200	153
176	200	11
177	200	142
179	200	149
180	200	53
181	200	288
182	200	85
183	200	58
184	200	72
186	200	78
187	200	118
190	200	31
191	200	45
195	200	57
199	200	62
202	200	39
208	200	62
212	200	51
216	200	48
217	200	75
223	200	32
226	200	17
227	200	59
242	200	51
36	199	26
42	199	44
45	199	106
46	199	108
50	199	50
51	199	51
52	199	44
53	199	14
54	199	48
55	199	61
61	199	18
63	199	17
64	199	58
65	199	44
69	199	103
70	199	172
72	199	109
74	199	185
75	199	82
78	199	70
79	199	94
82	199	203
84	199	62
85	199	76
86	199	54
88	199	62
90	199	62
91	199	10
92	199	77
93	199	70
95	199	215
96	199	58
97	199	77
101	199	69
103	199	41
104	199	57
106	199	47
107	199	41
112	199	15
113	199	55
114	199	49
117	199	20
125	199	40
128	199	53
129	199	32
133	199	98
135	199	84
140	199	163
141	199	54
144	199	125
146	199	16
147	199	15
148	199	40
150	199	19
155	199	72
156	199	52
158	199	203
160	199	22
161	199	132
162	199	129
163	199	168
164	199	31
165	199	85
166	199	54
167	199	142
168	199	90
169	199	100
170	199	125
171	199	201
172	199	115
173	199	73
175	199	57
176	199	39
178	199	59
179	199	90
180	199	65
181	199	126
182	199	56
183	199	130
185	199	94
186	199	57
187	199	181
188	199	137
195	199	48
196	199	29
198	199	59
204	199	69
206	199	37
209	199	29
215	199	145
226	199	39
228	199	70
230	199	27
237	199	57
238	199	61
43	198	37
44	198	70
45	198	124
46	198	41
47	198	23
49	198	49
50	198	169
51	198	62
52	198	20
53	198	68
55	198	44
57	198	74
58	198	74
59	198	54
60	198	107
61	198	75
66	198	134
69	198	53
70	198	22
71	198	43
72	198	86
73	198	54
74	198	67
76	198	21
77	198	220
79	198	52
80	198	126
81	198	26
82	198	19
83	198	84
84	198	54
88	198	83
89	198	34
90	198	69
91	198	99
92	198	102
93	198	60
94	198	65
95	198	97
97	198	29
102	198	84
103	198	144
104	198	80
106	198	135
107	198	99
110	198	37
112	198	16
114	198	19
115	198	65
118	198	59
122	198	15
123	198	124
125	198	37
127	198	57
129	198	49
130	198	105
131	198	48
134	198	35
140	198	44
143	198	65
144	198	53
145	198	63
152	198	31
153	198	155
154	198	29
155	198	15
156	198	84
157	198	62
159	198	157
160	198	19
163	198	32
165	198	17
166	198	92
167	198	191
168	198	281
169	198	159
170	198	42
171	198	62
172	198	78
173	198	159
174	198	23
176	198	54
177	198	32
178	198	80
179	198	121
181	198	128
182	198	17
184	198	57
185	198	54
187	198	69
192	198	94
195	198	52
197	198	54
199	198	89
202	198	62
206	198	54
213	198	68
216	198	50
219	198	62
243	198	57
45	197	42
46	197	54
48	197	59
50	197	105
51	197	91
53	197	141
54	197	96
55	197	151
56	197	18
57	197	178
59	197	18
60	197	32
61	197	50
62	197	59
64	197	172
66	197	41
68	197	23
70	197	97
71	197	15
72	197	83
76	197	23
77	197	22
78	197	53
82	197	200
83	197	57
84	197	50
85	197	130
86	197	43
88	197	18
89	197	62
90	197	66
92	197	25
93	197	107
95	197	110
96	197	74
101	197	28
104	197	213
105	197	12
106	197	19
107	197	33
111	197	60
125	197	57
132	197	37
134	197	59
140	197	11
144	197	72
146	197	107
147	197	77
148	197	84
149	197	46
150	197	93
152	197	65
154	197	33
155	197	52
156	197	50
157	197	123
158	197	137
160	197	36
161	197	136
163	197	33
166	197	22
167	197	37
169	197	191
170	197	59
172	197	36
173	197	14
174	197	74
176	197	106
179	197	76
181	197	17
182	197	73
184	197	117
185	197	92
186	197	19
187	197	23
188	197	66
191	197	51
192	197	56
194	197	46
213	197	74
221	197	14
222	197	104
231	197	51
241	197	41
10	196	45
39	196	95
42	196	43
50	196	30
52	196	185
53	196	47
55	196	153
57	196	105
58	196	192
59	196	72
60	196	79
62	196	26
63	196	39
64	196	88
65	196	50
70	196	54
71	196	132
74	196	46
81	196	96
82	196	37
83	196	84
85	196	81
86	196	41
89	196	76
90	196	68
91	196	54
97	196	78
100	196	141
106	196	92
108	196	59
110	196	69
111	196	42
114	196	56
115	196	40
119	196	80
123	196	13
124	196	32
125	196	10
128	196	40
130	196	24
134	196	70
135	196	15
136	196	58
138	196	23
141	196	18
142	196	45
143	196	62
144	196	139
146	196	33
147	196	86
149	196	45
150	196	23
152	196	26
153	196	49
156	196	42
157	196	96
161	196	36
162	196	65
167	196	21
168	196	128
169	196	79
170	196	13
171	196	142
173	196	119
175	196	13
176	196	38
177	196	56
178	196	55
179	196	99
180	196	99
183	196	59
186	196	73
189	196	45
190	196	19
191	196	67
192	196	58
197	196	109
201	196	73
203	196	62
206	196	28
207	196	43
210	196	47
211	196	77
216	196	75
219	196	25
223	196	75
224	196	22
225	196	73
226	196	106
231	196	50
232	196	16
237	196	90
238	196	54
242	196	79
43	195	22
44	195	57
50	195	83
51	195	55
52	195	112
54	195	59
55	195	153
56	195	47
59	195	75
61	195	22
62	195	77
63	195	78
64	195	39
65	195	9
70	195	39
71	195	141
73	195	72
78	195	23
80	195	133
81	195	71
82	195	55
83	195	169
84	195	95
85	195	22
87	195	48
88	195	47
92	195	70
95	195	54
96	195	59
97	195	51
99	195	167
102	195	56
103	195	13
104	195	67
106	195	17
107	195	57
111	195	127
112	195	40
123	195	86
124	195	152
127	195	71
128	195	29
135	195	41
136	195	91
138	195	39
139	195	33
140	195	44
141	195	118
144	195	17
145	195	26
147	195	134
148	195	61
150	195	39
152	195	88
153	195	43
154	195	61
155	195	132
156	195	185
157	195	55
158	195	44
159	195	95
160	195	31
165	195	163
166	195	87
168	195	84
170	195	33
172	195	21
173	195	62
174	195	141
176	195	145
177	195	31
180	195	70
185	195	110
187	195	41
190	195	18
192	195	92
196	195	82
199	195	20
200	195	50
201	195	40
202	195	38
205	195	72
207	195	69
208	195	55
214	195	20
237	195	33
238	195	74
26	194	67
34	194	20
35	194	79
37	194	18
38	194	30
43	194	25
47	194	46
50	194	40
51	194	105
53	194	116
54	194	66
56	194	79
57	194	53
59	194	42
62	194	64
63	194	45
66	194	70
67	194	61
71	194	110
72	194	125
78	194	52
79	194	62
80	194	128
81	194	191
82	194	54
84	194	54
85	194	46
86	194	127
90	194	52
92	194	22
95	194	111
96	194	22
97	194	57
98	194	57
100	194	175
101	194	217
102	194	12
103	194	12
105	194	36
107	194	35
109	194	89
111	194	39
119	194	59
125	194	90
127	194	99
132	194	43
135	194	43
139	194	57
141	194	96
143	194	69
145	194	29
146	194	47
147	194	58
151	194	73
152	194	50
153	194	79
155	194	101
157	194	44
158	194	181
159	194	62
160	194	194
161	194	75
163	194	158
164	194	124
165	194	108
168	194	37
170	194	48
171	194	14
172	194	120
173	194	121
175	194	44
176	194	171
177	194	197
178	194	45
179	194	25
182	194	81
183	194	119
184	194	66
185	194	52
189	194	28
190	194	70
195	194	69
196	194	67
199	194	65
204	194	68
206	194	68
207	194	48
208	194	77
211	194	69
212	194	66
217	194	70
219	194	86
220	194	33
221	194	66
227	194	56
238	194	29
239	194	109
240	194	79
243	194	63
35	193	53
48	193	61
50	193	63
55	193	49
56	193	9
59	193	92
61	193	51
65	193	52
66	193	82
67	193	55
70	193	14
71	193	63
78	193	47
81	193	83
84	193	70
85	193	68
87	193	107
88	193	137
91	193	52
93	193	29
94	193	82
96	193	70
100	193	141
101	193	114
102	193	74
103	193	124
104	193	35
105	193	55
107	193	50
108	193	64
111	193	18
112	193	70
118	193	73
120	193	61
122	193	35
125	193	59
129	193	72
130	193	99
131	193	57
136	193	57
138	193	40
139	193	50
140	193	16
142	193	16
145	193	31
146	193	57
149	193	30
150	193	80
151	193	47
153	193	201
155	193	70
158	193	54
159	193	88
161	193	167
162	193	38
163	193	91
164	193	60
166	193	197
168	193	28
170	193	68
172	193	63
173	193	16
174	193	48
176	193	151
177	193	98
178	193	99
182	193	33
183	193	133
186	193	51
189	193	65
190	193	115
191	193	47
195	193	60
203	193	27
204	193	82
206	193	95
207	193	51
213	193	51
217	193	87
218	193	54
219	193	38
229	193	25
241	193	83
247	193	17
35	192	52
37	192	36
48	192	26
51	192	110
53	192	68
54	192	136
56	192	43
59	192	34
60	192	39
61	192	30
62	192	103
65	192	49
68	192	38
70	192	30
72	192	49
73	192	46
74	192	18
77	192	23
78	192	66
79	192	45
84	192	122
85	192	39
91	192	54
92	192	35
93	192	60
94	192	17
96	192	71
98	192	117
100	192	80
102	192	157
103	192	62
104	192	48
106	192	30
107	192	85
113	192	82
114	192	71
115	192	101
123	192	85
125	192	39
128	192	9
132	192	58
133	192	37
134	192	85
136	192	17
137	192	71
138	192	92
143	192	37
147	192	102
148	192	181
149	192	22
152	192	49
153	192	55
154	192	100
157	192	32
159	192	176
160	192	72
161	192	68
162	192	19
164	192	90
165	192	123
166	192	43
167	192	211
168	192	75
173	192	32
175	192	49
176	192	160
177	192	108
178	192	95
179	192	62
181	192	62
182	192	70
183	192	54
185	192	133
189	192	103
193	192	78
195	192	60
197	192	258
207	192	32
209	192	21
210	192	41
211	192	63
216	192	62
217	192	20
226	192	94
227	192	87
235	192	33
239	192	44
241	192	62
24	191	41
40	191	67
43	191	87
48	191	75
51	191	43
53	191	98
56	191	25
63	191	26
65	191	94
66	191	39
67	191	34
68	191	54
69	191	69
70	191	30
72	191	63
73	191	121
74	191	79
75	191	162
77	191	131
78	191	48
79	191	54
80	191	32
83	191	26
85	191	150
86	191	78
89	191	42
91	191	55
92	191	61
94	191	36
97	191	131
98	191	97
102	191	38
106	191	17
107	191	51
110	191	39
122	191	153
123	191	19
129	191	65
134	191	106
137	191	19
138	191	31
139	191	28
140	191	18
143	191	45
144	191	79
145	191	95
147	191	104
150	191	64
151	191	21
152	191	16
153	191	68
156	191	65
157	191	37
158	191	58
160	191	48
161	191	85
164	191	140
166	191	34
167	191	187
168	191	97
169	191	19
174	191	68
175	191	77
176	191	82
178	191	52
179	191	112
181	191	54
183	191	62
186	191	37
188	191	69
190	191	40
194	191	20
195	191	92
197	191	66
201	191	56
203	191	51
207	191	56
209	191	160
210	191	37
214	191	65
221	191	21
222	191	93
223	191	75
226	191	53
231	191	67
236	191	26
28	190	49
43	190	49
44	190	30
46	190	95
59	190	67
60	190	72
61	190	41
62	190	68
65	190	55
68	190	58
70	190	112
71	190	111
73	190	50
76	190	55
78	190	65
80	190	50
81	190	81
82	190	82
84	190	18
85	190	69
86	190	65
87	190	90
89	190	51
91	190	75
93	190	39
95	190	129
96	190	75
97	190	93
99	190	43
100	190	39
113	246	60
178	245	59
181	245	24
77	244	74
84	244	102
87	244	48
90	244	24
92	244	20
131	244	65
134	244	50
176	244	43
198	244	76
203	244	75
67	243	43
69	243	40
81	243	22
88	243	53
95	243	26
102	243	28
129	243	49
131	243	64
172	243	51
176	243	60
179	243	25
182	243	55
59	242	24
79	242	20
80	242	76
83	242	68
85	242	54
92	242	48
94	242	48
95	242	45
109	242	24
110	242	78
134	242	69
154	242	45
158	242	60
176	242	26
181	242	47
199	242	83
218	242	101
229	242	91
25	241	33
49	241	41
54	241	76
60	241	16
68	241	55
73	241	22
74	241	64
80	241	33
83	241	17
84	241	22
88	241	22
90	241	58
92	241	19
95	241	49
96	241	19
97	241	81
99	241	127
100	241	37
101	241	68
102	241	47
109	241	34
140	241	16
151	241	19
164	241	60
173	241	36
175	241	38
180	241	91
181	241	65
182	241	57
188	241	83
197	241	22
210	241	68
53	240	42
54	240	46
55	240	52
65	240	74
75	240	109
76	240	137
80	240	13
81	240	27
82	240	60
84	240	47
90	240	79
92	240	76
96	240	57
98	240	63
99	240	108
102	240	86
105	240	83
110	240	84
127	240	47
128	240	45
139	240	29
158	240	62
164	240	19
169	240	28
175	240	50
178	240	46
182	240	73
185	240	62
186	240	24
201	240	46
70	239	51
71	239	65
74	239	46
79	239	38
80	239	70
81	239	60
83	239	66
86	239	164
89	239	29
91	239	23
92	239	77
93	239	34
95	239	57
98	239	46
101	239	62
112	239	70
123	239	45
126	239	59
127	239	93
131	239	59
139	239	65
143	239	49
147	239	67
155	239	55
172	239	43
174	239	26
175	239	20
178	239	76
179	239	22
180	239	115
181	239	68
185	239	30
188	239	55
196	239	50
211	239	51
50	238	31
51	238	51
67	238	25
70	238	32
71	238	149
72	238	12
73	238	97
79	238	75
84	238	46
86	238	71
88	238	37
92	238	117
93	238	60
95	238	80
98	238	32
100	238	84
101	238	112
103	238	171
105	238	37
106	238	57
108	238	42
112	238	49
113	238	58
114	238	69
117	238	60
144	238	54
163	238	40
173	238	106
175	238	54
180	238	53
181	238	46
187	238	50
190	238	37
192	238	38
195	238	52
197	238	47
201	238	87
202	238	78
59	237	44
66	237	55
69	237	21
72	237	90
74	237	56
79	237	86
81	237	28
82	237	72
86	237	93
87	237	57
88	237	47
90	237	117
91	237	57
93	237	84
94	237	19
95	237	38
96	237	46
97	237	97
98	237	143
99	237	3
104	237	50
106	237	48
122	237	53
123	237	41
133	237	46
146	237	41
153	237	81
156	237	49
163	237	38
176	237	19
189	237	25
191	237	39
193	237	43
197	237	54
201	237	61
203	237	67
53	236	35
59	236	68
63	236	29
67	236	21
70	236	62
72	236	59
75	236	28
78	236	157
79	236	130
81	236	27
86	236	67
88	236	66
89	236	87
90	236	60
92	236	33
94	236	71
95	236	87
96	236	139
97	236	118
98	236	140
99	236	98
101	236	70
105	236	43
107	236	67
110	236	54
114	236	79
121	236	55
123	236	77
125	236	45
129	236	165
130	236	75
137	236	16
143	236	62
146	236	14
147	236	55
161	236	39
174	236	60
175	236	87
180	236	8
181	236	60
184	236	51
187	236	39
196	236	77
197	236	109
201	236	66
202	236	47
217	236	79
60	235	26
68	235	54
72	235	32
73	235	52
77	235	44
78	235	66
81	235	63
84	235	81
87	235	191
88	235	205
89	235	137
90	235	52
92	235	103
93	235	124
94	235	76
96	235	17
97	235	38
100	235	11
101	235	57
105	235	41
106	235	103
107	235	22
113	235	46
115	235	75
117	235	70
130	235	98
133	235	8
139	235	49
149	235	39
155	235	92
157	235	60
160	235	61
162	235	30
165	235	17
167	235	44
168	235	122
173	235	92
175	235	65
176	235	69
177	235	106
180	235	39
183	235	53
185	235	63
186	235	72
188	235	35
191	235	31
195	235	83
197	235	69
202	235	19
204	235	31
214	235	20
215	235	59
226	235	53
54	234	15
59	234	52
69	234	70
72	234	20
74	234	46
75	234	38
76	234	101
77	234	60
78	234	95
87	234	231
88	234	146
90	234	174
92	234	90
94	234	85
97	234	49
100	234	59
101	234	91
102	234	66
104	234	99
105	234	53
106	234	37
110	234	56
111	234	37
115	234	20
121	234	31
127	234	55
128	234	48
129	234	60
130	234	30
131	234	87
134	234	43
138	234	93
149	234	53
153	234	40
156	234	13
157	234	67
159	234	37
166	234	62
170	234	47
171	234	82
172	234	56
173	234	78
174	234	50
176	234	76
178	234	46
180	234	65
181	234	71
183	234	41
184	234	78
185	234	131
188	234	74
189	234	44
193	234	173
24	233	54
46	233	53
47	233	68
54	233	71
56	233	56
61	233	72
63	233	33
68	233	35
70	233	51
72	233	32
78	233	79
81	233	59
83	233	64
84	233	17
85	233	27
86	233	114
87	233	205
88	233	49
89	233	42
91	233	60
92	233	30
93	233	108
94	233	142
95	233	14
96	233	62
97	233	87
102	233	66
103	233	63
104	233	47
105	233	70
106	233	23
110	233	69
111	233	142
112	233	42
113	233	60
120	233	67
121	233	56
124	233	38
135	233	92
136	233	35
138	233	87
146	233	5
147	233	56
148	233	77
152	233	32
153	233	143
154	233	53
158	233	30
159	233	13
162	233	59
163	233	43
167	233	40
168	233	32
171	233	93
172	233	25
173	233	84
174	233	49
176	233	97
178	233	43
182	233	62
184	233	55
185	233	40
186	233	59
192	233	37
198	233	95
200	233	5
206	233	24
59	232	13
65	232	142
66	232	101
75	232	67
76	232	31
78	232	9
81	232	115
82	232	69
84	232	68
86	232	83
87	232	177
88	232	14
89	232	53
90	232	69
93	232	84
94	232	164
95	232	91
96	232	158
97	232	157
98	232	93
99	232	106
100	232	129
101	232	133
102	232	67
103	232	95
104	232	160
112	232	41
118	232	76
120	232	57
121	232	61
124	232	47
125	232	41
131	232	15
139	232	43
142	232	87
145	232	37
148	232	71
149	232	57
151	232	55
157	232	65
158	232	39
159	232	151
161	232	38
162	232	62
163	232	73
171	232	55
174	232	91
175	232	17
183	232	75
185	232	41
186	232	58
192	232	69
201	232	139
202	232	50
219	232	19
54	231	75
55	231	10
60	231	47
66	231	59
67	231	42
68	231	21
71	231	43
73	231	67
75	231	66
76	231	70
77	231	103
78	231	104
82	231	98
83	231	55
84	231	51
87	231	169
88	231	242
89	231	59
94	231	75
95	231	81
96	231	110
97	231	64
99	231	32
100	231	66
101	231	40
102	231	123
103	231	103
104	231	90
105	231	82
110	231	45
116	231	135
118	231	48
125	231	24
126	231	49
136	231	45
140	231	56
150	231	19
151	231	75
153	231	86
156	231	26
157	231	60
159	231	38
161	231	149
162	231	57
163	231	85
166	231	159
167	231	61
169	231	49
172	231	24
182	231	45
184	231	21
185	231	89
188	231	54
191	231	70
192	231	100
201	231	80
203	231	48
204	231	40
206	231	125
209	231	56
211	231	116
32	230	46
53	230	59
59	230	39
61	230	33
66	230	110
67	230	40
71	230	63
74	230	52
75	230	43
76	230	25
78	230	17
79	230	105
80	230	60
83	230	53
84	230	48
85	230	89
86	230	45
87	230	40
88	230	87
89	230	110
90	230	127
91	230	86
92	230	192
93	230	65
94	230	137
95	230	106
98	230	62
100	230	139
101	230	25
104	230	22
108	230	71
111	230	90
113	230	38
116	230	54
122	230	58
124	230	98
126	230	135
143	230	29
144	230	39
145	230	99
159	230	208
162	230	30
163	230	145
166	230	48
168	230	66
171	230	45
172	230	55
173	230	85
175	230	150
176	230	21
177	230	19
180	230	22
183	230	79
184	230	65
185	230	21
187	230	73
188	230	88
189	230	53
190	230	75
196	230	83
198	230	45
201	230	26
203	230	61
205	230	25
206	230	76
209	230	78
210	230	78
229	230	18
51	229	9
52	229	62
60	229	23
62	229	45
71	229	51
74	229	37
76	229	68
78	229	47
79	229	51
81	229	35
82	229	90
83	229	98
84	229	60
85	229	59
86	229	52
87	229	39
88	229	120
89	229	87
90	229	94
91	229	33
92	229	99
93	229	117
94	229	70
95	229	128
96	229	136
97	229	146
98	229	185
99	229	78
100	229	97
104	229	73
114	229	94
115	229	79
116	229	64
118	229	62
122	229	49
124	229	29
138	229	50
139	229	66
141	229	57
144	229	45
145	229	33
146	229	13
147	229	28
149	229	119
150	229	20
154	229	46
155	229	119
169	229	83
170	229	16
172	229	628
173	229	141
174	229	73
175	229	53
177	229	64
178	229	144
179	229	70
185	229	44
186	229	55
187	229	61
189	229	57
190	229	99
192	229	49
197	229	75
198	229	150
200	229	42
202	229	33
204	229	68
207	229	135
208	229	52
218	229	74
65	228	44
67	228	45
70	228	101
71	228	59
73	228	32
74	228	76
75	228	59
77	228	33
78	228	65
80	228	190
81	228	89
83	228	44
85	228	106
86	228	99
87	228	142
89	228	63
90	228	137
91	228	110
92	228	137
93	228	122
94	228	48
95	228	34
96	228	49
98	228	24
99	228	65
101	228	60
105	228	109
109	228	60
113	228	27
115	228	50
117	228	45
118	228	54
125	228	59
130	228	27
133	228	18
139	228	49
140	228	72
150	228	75
151	228	57
152	228	44
155	228	74
159	228	59
167	228	40
168	228	17
169	228	47
171	228	144
172	228	383
173	228	109
174	228	210
175	228	94
176	228	96
179	228	51
180	228	52
181	228	18
182	228	68
183	228	74
185	228	27
187	228	55
188	228	36
190	228	106
194	228	79
197	228	170
198	228	45
207	228	18
209	228	53
212	228	51
247	228	38
32	227	77
46	227	64
61	227	54
62	227	58
63	227	19
65	227	63
66	227	54
68	227	81
76	227	79
77	227	27
79	227	89
80	227	24
81	227	114
82	227	45
84	227	123
85	227	162
86	227	77
87	227	89
88	227	148
89	227	77
90	227	212
91	227	157
92	227	20
93	227	225
94	227	46
97	227	23
99	227	181
100	227	119
101	227	53
103	227	94
104	227	83
105	227	87
106	227	70
110	227	76
112	227	77
115	227	76
116	227	28
117	227	15
120	227	100
133	227	29
135	227	92
136	227	40
140	227	53
151	227	35
159	227	64
162	227	31
165	227	46
167	227	55
168	227	93
169	227	90
170	227	81
171	227	79
172	227	98
173	227	147
174	227	191
175	227	493
176	227	153
177	227	90
180	227	85
181	227	21
182	227	72
185	227	25
186	227	17
187	227	57
190	227	65
191	227	95
192	227	125
196	227	38
202	227	88
204	227	51
205	227	62
207	227	126
208	227	41
215	227	70
225	227	48
42	226	49
46	226	20
51	226	56
53	226	17
58	226	19
61	226	62
62	226	38
64	226	67
68	226	64
72	226	38
75	226	18
79	226	130
81	226	33
82	226	60
83	226	244
84	226	92
85	226	83
87	226	113
88	226	57
89	226	67
90	226	140
91	226	81
92	226	44
94	226	73
95	226	149
96	226	94
97	226	81
98	226	65
99	226	120
100	226	112
105	226	23
107	226	71
110	226	49
111	226	65
113	226	50
116	226	61
118	226	38
123	226	64
128	226	75
132	226	92
133	226	56
136	226	65
139	226	50
141	226	34
145	226	25
147	226	52
155	226	56
158	226	49
162	226	115
163	226	69
164	226	73
167	226	12
168	226	248
171	226	33
172	226	90
174	226	153
175	226	278
176	226	88
177	226	18
180	226	43
181	226	26
189	226	83
191	226	67
194	226	26
197	226	78
199	226	58
200	226	93
204	226	49
210	226	77
213	226	76
40	225	73
43	225	74
60	225	19
61	225	44
68	225	56
71	225	83
73	225	62
75	225	103
76	225	24
80	225	49
81	225	19
82	225	120
83	225	94
84	225	65
85	225	15
86	225	78
87	225	134
88	225	104
89	225	107
90	225	146
91	225	112
92	225	106
93	225	70
94	225	67
95	225	74
96	225	44
97	225	84
98	225	97
99	225	190
100	225	113
102	225	66
103	225	110
104	225	46
107	225	36
108	225	62
109	225	113
112	225	76
113	225	39
115	225	37
117	225	73
119	225	57
139	225	37
148	225	99
149	225	55
152	225	64
153	225	26
154	225	111
158	225	58
160	225	110
163	225	24
164	225	45
165	225	82
167	225	60
168	225	147
170	225	32
171	225	20
172	225	58
175	225	120
176	225	82
177	225	99
178	225	133
182	225	156
183	225	49
186	225	88
187	225	157
188	225	186
191	225	75
194	225	79
195	225	29
196	225	145
197	225	45
200	225	46
208	225	98
210	225	25
35	224	67
50	224	62
53	224	92
57	224	57
58	224	46
60	224	62
63	224	50
65	224	25
66	224	39
68	224	26
71	224	44
72	224	37
73	224	43
75	224	171
76	224	164
77	224	22
78	224	66
79	224	67
81	224	126
83	224	115
84	224	188
85	224	58
86	224	116
87	224	164
88	224	102
89	224	160
90	224	258
92	224	147
93	224	118
94	224	191
97	224	66
98	224	96
99	224	129
101	224	81
102	224	36
103	224	69
108	224	41
111	224	15
114	224	109
117	224	50
129	224	62
138	224	40
139	224	41
140	224	103
141	224	125
144	224	34
146	224	45
147	224	32
148	224	16
149	224	48
151	224	38
153	224	37
154	224	37
155	224	7
160	224	72
161	224	38
165	224	157
166	224	86
167	224	37
174	224	49
175	224	117
176	224	245
177	224	126
179	224	53
180	224	117
183	224	18
184	224	32
185	224	78
186	224	77
187	224	103
188	224	72
190	224	129
197	224	31
200	224	54
201	224	63
203	224	81
228	224	65
50	223	76
52	223	37
53	223	69
57	223	52
58	223	132
59	223	30
62	223	59
66	223	43
72	223	30
73	223	51
77	223	60
81	223	149
83	223	53
85	223	81
86	223	125
87	223	40
88	223	222
89	223	51
90	223	61
91	223	133
92	223	182
93	223	134
94	223	240
95	223	78
96	223	75
97	223	18
99	223	56
100	223	308
101	223	135
102	223	40
103	223	16
106	223	56
111	223	7
115	223	53
116	223	13
118	223	22
122	223	18
126	223	38
129	223	74
130	223	90
135	223	32
137	223	49
139	223	75
140	223	68
144	223	19
145	223	77
146	223	66
153	223	51
159	223	33
167	223	59
171	223	24
172	223	29
174	223	42
176	223	47
177	223	18
178	223	50
182	223	47
186	223	15
187	223	62
189	223	25
198	223	32
202	223	104
205	223	15
210	223	24
214	223	49
238	223	12
39	222	69
47	222	66
49	222	51
50	222	53
51	222	36
62	222	51
65	222	69
68	222	31
69	222	51
70	222	28
# chipNumber: 4
# chipName:   G 10 W69
# numHits:    4
11	186	39
222	158	11
11	138	54
7	128	40
# chipNumber: 5
# chipName:   D 9 W69
# numHits:    0
# chipNumber: 6
# chipName:   L 8 W69
# numHits:    2
166	233	11810
234	203	11810
