## [General]
## runNumber:        241
## runTime:       	 7200
## runTimeFrames: 	 0
## pathName:         data/runs/Run_241_181022-16-16
## dateTime:         2018-10-22.17:59:46
## numChips:         7
## shutterTime:      30
## shutterMode:      verylong
## runMode:          0
## fastClock:        0
## externalTrigger:  0
## [Event]
## eventNumber:      8164
## useHvFadc:    	 1
## fadcReadout:    	 1
## szint1ClockInt:	 0
## szint2ClockInt:	 0
## fadcTriggerClock: 0
# chipNumber: 0
# chipName:   E 6 W69
# numHits:    93
77	57	40
99	48	17
87	45	33
86	44	26
101	44	35
102	44	85
101	43	88
80	42	59
65	41	52
84	41	43
99	41	24
102	41	72
70	40	26
77	40	30
83	40	35
103	40	30
102	39	57
82	38	65
93	38	14
97	38	61
79	37	57
81	37	22
78	36	38
104	36	21
110	36	85
118	36	41
119	36	57
118	35	13
80	34	34
82	34	38
89	34	26
99	34	59
103	34	60
98	33	11
113	33	35
78	32	46
83	32	60
72	31	64
92	31	58
93	31	4
80	30	46
82	30	60
84	30	9
111	30	26
76	29	69
78	29	13
87	29	42
95	29	27
107	29	47
87	28	56
88	28	37
103	27	59
81	26	63
90	26	34
99	26	46
105	26	25
59	25	87
93	25	41
67	24	48
79	24	52
86	24	13
88	24	62
107	24	36
108	24	36
80	23	38
103	23	47
111	23	56
76	22	38
82	22	55
83	22	59
95	22	34
100	22	31
109	21	76
116	21	21
94	20	72
97	20	64
107	20	23
108	20	49
111	20	48
89	19	48
80	18	59
85	18	45
91	18	32
102	18	18
83	17	41
75	16	39
94	16	31
95	16	57
107	16	51
87	13	20
98	12	81
86	8	57
95	7	51
# chipNumber: 1
# chipName:   K 6 W69
# numHits:    0
# chipNumber: 2
# chipName:   H 9 W69
# numHits:    205
235	215	40
235	211	66
239	207	65
243	199	89
245	199	74
238	198	62
233	194	62
239	189	54
226	183	41
221	173	21
235	154	43
242	139	22
243	137	45
243	136	50
242	128	60
237	127	67
248	125	64
230	122	58
229	120	58
244	116	85
224	107	67
228	105	49
228	102	37
241	100	52
240	87	27
242	86	58
17	55	54
9	48	85
88	48	29
17	46	48
17	45	143
92	45	37
47	43	56
53	43	40
17	42	74
90	42	55
17	41	33
20	41	136
23	41	45
41	41	59
45	38	27
107	37	27
13	36	68
24	36	42
28	36	70
56	36	21
102	36	41
17	35	58
82	35	49
88	35	77
107	35	110
18	34	65
27	34	78
29	32	58
38	32	18
43	31	53
49	31	71
99	31	50
44	30	66
63	30	84
99	30	98
117	30	13
206	30	62
19	29	30
68	29	58
76	29	45
110	29	49
183	29	49
11	28	51
56	28	32
83	28	82
91	28	34
132	28	56
191	28	28
41	27	73
43	27	56
45	27	59
64	27	92
71	27	39
96	27	30
97	27	98
126	27	66
131	27	39
157	27	32
158	27	56
19	26	80
28	26	46
41	26	40
42	26	32
92	26	78
126	26	57
19	25	47
20	25	77
39	25	18
40	25	65
54	25	117
189	25	55
190	25	94
191	25	88
17	24	91
37	24	63
44	24	43
83	24	23
96	24	42
143	24	55
180	24	53
189	24	68
243	24	36
19	23	62
27	23	67
73	23	92
82	23	45
190	23	54
191	23	38
222	23	48
33	22	51
39	22	40
100	22	76
138	22	73
141	22	93
171	22	58
181	22	54
186	22	40
188	22	34
18	21	64
80	21	86
95	21	59
96	21	74
181	21	71
189	21	38
226	21	28
21	20	55
26	20	78
58	20	80
95	20	28
96	20	31
201	20	20
203	20	5
20	19	54
27	19	48
35	19	91
49	19	19
79	19	89
133	19	38
149	19	59
185	19	62
188	19	47
191	19	32
38	18	22
93	18	57
95	18	21
178	18	71
32	17	44
103	17	31
185	17	57
199	17	46
212	17	82
233	17	42
27	16	90
70	16	68
75	16	34
95	16	44
187	16	54
191	16	57
192	16	106
194	16	36
196	16	55
212	16	79
28	15	30
197	15	66
199	15	45
211	15	37
213	15	68
227	15	69
228	15	27
244	15	17
29	14	24
42	14	53
53	14	59
120	14	54
13	13	71
19	13	57
36	13	66
38	13	74
52	13	66
132	13	59
184	13	38
231	13	32
39	12	32
135	12	68
174	12	85
201	12	76
51	11	36
71	11	77
190	11	39
168	10	30
193	10	45
51	9	37
36	8	60
180	8	39
195	8	41
52	7	54
55	7	52
179	7	59
51	6	36
# chipNumber: 3
# chipName:   H 10 W69
# numHits:    21530
119	224	71
124	224	57
125	224	67
126	224	74
130	224	65
133	224	20
134	224	20
136	224	23
137	224	60
139	224	53
141	224	94
144	224	59
145	224	85
146	224	66
148	224	37
150	224	84
157	224	68
158	224	151
160	224	95
161	224	37
163	224	38
164	224	30
166	224	34
173	224	62
174	224	53
176	224	120
177	224	93
178	224	262
184	224	39
185	224	56
187	224	38
190	224	38
194	224	78
195	224	61
202	224	36
204	224	60
220	224	82
10	223	8
14	223	77
15	223	38
16	223	46
19	223	20
20	223	63
22	223	34
23	223	22
24	223	51
32	223	46
36	223	180
37	223	158
38	223	104
39	223	70
41	223	61
46	223	57
50	223	107
52	223	42
54	223	36
55	223	28
60	223	92
61	223	79
62	223	27
64	223	26
66	223	16
71	223	31
73	223	33
76	223	35
77	223	82
80	223	94
82	223	51
84	223	70
85	223	37
86	223	46
87	223	6
90	223	64
93	223	77
94	223	91
95	223	37
96	223	39
99	223	60
101	223	153
103	223	93
104	223	71
105	223	44
106	223	48
107	223	85
108	223	43
111	223	83
115	223	78
117	223	65
120	223	131
121	223	47
123	223	14
131	223	150
132	223	41
133	223	68
136	223	16
144	223	19
147	223	68
152	223	25
156	223	48
157	223	29
159	223	64
161	223	32
162	223	26
165	223	54
167	223	22
168	223	39
170	223	110
174	223	50
175	223	33
176	223	31
179	223	34
181	223	15
183	223	34
186	223	92
187	223	46
189	223	41
198	223	25
214	223	49
219	223	42
220	223	93
222	223	67
233	223	116
10	222	26
11	222	35
15	222	51
16	222	51
17	222	20
23	222	78
24	222	47
25	222	36
26	222	21
32	222	66
33	222	137
37	222	65
38	222	127
40	222	29
42	222	94
44	222	59
45	222	49
46	222	17
47	222	19
49	222	71
51	222	37
54	222	33
56	222	98
59	222	28
60	222	47
61	222	49
65	222	103
66	222	42
67	222	40
71	222	39
73	222	136
74	222	58
77	222	62
89	222	22
92	222	51
93	222	24
96	222	83
98	222	68
99	222	150
100	222	42
101	222	159
102	222	114
103	222	86
105	222	67
106	222	253
107	222	95
108	222	33
110	222	43
111	222	38
112	222	49
113	222	73
114	222	80
115	222	38
121	222	80
122	222	27
126	222	110
135	222	43
137	222	82
140	222	34
145	222	81
147	222	62
155	222	19
163	222	28
168	222	133
169	222	137
170	222	76
172	222	44
173	222	61
174	222	51
176	222	19
178	222	41
180	222	48
182	222	99
183	222	84
185	222	101
186	222	99
199	222	75
211	222	23
220	222	42
26	221	17
30	221	27
31	221	106
32	221	54
34	221	23
35	221	48
37	221	75
42	221	15
43	221	54
44	221	41
46	221	23
47	221	44
48	221	80
52	221	36
53	221	37
54	221	52
55	221	178
56	221	148
57	221	34
62	221	43
63	221	78
66	221	123
67	221	68
70	221	62
73	221	45
86	221	102
87	221	120
89	221	57
90	221	45
93	221	124
94	221	41
95	221	41
96	221	131
97	221	73
98	221	156
100	221	168
104	221	18
107	221	92
108	221	104
121	221	83
122	221	97
137	221	49
141	221	77
145	221	22
146	221	69
147	221	191
153	221	108
154	221	38
155	221	124
161	221	63
162	221	11
165	221	26
168	221	52
169	221	95
170	221	130
176	221	44
178	221	132
181	221	83
190	221	33
196	221	97
197	221	55
201	221	47
213	221	52
214	221	90
233	221	29
12	220	67
16	220	7
17	220	63
19	220	34
20	220	33
23	220	71
28	220	63
29	220	75
30	220	46
31	220	94
35	220	130
37	220	51
38	220	47
39	220	66
40	220	106
41	220	121
42	220	24
43	220	57
44	220	89
45	220	40
46	220	52
48	220	36
50	220	58
51	220	75
56	220	12
57	220	29
58	220	42
59	220	49
60	220	80
62	220	33
65	220	27
68	220	47
72	220	30
73	220	36
76	220	83
80	220	90
82	220	26
83	220	26
85	220	181
87	220	140
88	220	50
89	220	131
90	220	54
93	220	36
97	220	111
99	220	76
102	220	91
103	220	105
105	220	69
106	220	137
107	220	14
108	220	115
109	220	74
111	220	37
112	220	55
113	220	252
117	220	7
125	220	16
126	220	13
127	220	18
143	220	16
145	220	55
146	220	43
147	220	29
148	220	25
149	220	41
154	220	75
155	220	136
157	220	46
160	220	56
161	220	31
162	220	163
163	220	69
166	220	18
167	220	42
168	220	104
171	220	62
172	220	102
173	220	87
174	220	30
179	220	59
181	220	92
184	220	76
187	220	14
188	220	42
190	220	108
191	220	57
192	220	96
194	220	90
198	220	87
200	220	119
202	220	63
203	220	37
217	220	100
228	220	49
20	219	40
21	219	26
24	219	75
29	219	116
30	219	72
32	219	150
34	219	76
35	219	18
36	219	42
37	219	49
38	219	46
39	219	158
40	219	89
44	219	99
46	219	62
47	219	69
49	219	47
50	219	20
51	219	76
53	219	63
54	219	106
55	219	38
56	219	24
57	219	34
59	219	51
60	219	169
61	219	74
64	219	68
66	219	44
67	219	194
69	219	47
70	219	155
71	219	74
72	219	57
76	219	54
79	219	36
83	219	34
85	219	45
86	219	77
90	219	36
92	219	90
93	219	80
94	219	28
95	219	29
97	219	48
99	219	19
100	219	25
101	219	37
102	219	28
105	219	41
106	219	37
107	219	54
110	219	31
113	219	32
114	219	25
115	219	68
116	219	80
119	219	95
120	219	18
123	219	59
129	219	42
130	219	44
131	219	34
135	219	27
136	219	32
137	219	172
139	219	63
143	219	43
145	219	52
146	219	28
149	219	12
151	219	27
153	219	67
162	219	84
164	219	67
166	219	21
167	219	12
171	219	39
172	219	80
174	219	29
175	219	43
176	219	39
180	219	85
181	219	36
189	219	91
190	219	24
191	219	48
198	219	58
199	219	52
203	219	104
204	219	54
212	219	28
225	219	59
228	219	26
229	219	7
242	219	61
25	218	64
26	218	71
28	218	93
29	218	95
33	218	29
35	218	57
36	218	185
37	218	43
38	218	89
39	218	41
40	218	24
41	218	50
42	218	76
44	218	82
45	218	48
47	218	68
48	218	20
50	218	97
51	218	63
53	218	59
56	218	92
60	218	73
61	218	33
62	218	120
64	218	57
65	218	32
66	218	71
67	218	34
68	218	108
74	218	66
75	218	102
78	218	37
79	218	44
83	218	94
84	218	57
85	218	83
86	218	30
89	218	105
90	218	100
91	218	150
92	218	159
93	218	20
94	218	114
95	218	12
96	218	54
97	218	68
98	218	88
101	218	59
104	218	36
106	218	63
107	218	39
108	218	44
112	218	33
114	218	66
115	218	93
120	218	48
121	218	100
122	218	88
123	218	31
124	218	99
128	218	154
129	218	65
136	218	49
137	218	147
142	218	61
143	218	24
144	218	132
145	218	162
146	218	76
148	218	35
152	218	79
154	218	28
155	218	95
160	218	94
161	218	26
162	218	53
165	218	90
166	218	33
167	218	94
170	218	73
175	218	85
176	218	24
178	218	33
179	218	136
181	218	72
185	218	41
187	218	76
191	218	77
192	218	46
193	218	46
196	218	53
197	218	90
208	218	66
209	218	56
214	218	103
220	218	30
9	217	59
10	217	51
13	217	62
17	217	58
22	217	64
26	217	40
27	217	65
29	217	75
32	217	59
34	217	103
35	217	67
37	217	20
38	217	83
39	217	22
41	217	79
42	217	118
44	217	135
45	217	57
47	217	33
48	217	84
49	217	99
50	217	46
51	217	149
52	217	120
53	217	177
54	217	18
56	217	55
59	217	109
60	217	100
61	217	5
63	217	45
64	217	42
65	217	77
67	217	43
68	217	128
70	217	51
71	217	39
73	217	80
74	217	82
75	217	69
77	217	20
85	217	9
86	217	36
87	217	24
89	217	23
90	217	102
92	217	68
94	217	25
96	217	41
97	217	40
98	217	53
99	217	87
102	217	158
103	217	158
104	217	87
106	217	79
107	217	85
108	217	51
110	217	53
112	217	73
114	217	62
121	217	62
122	217	23
130	217	64
131	217	68
132	217	72
133	217	67
137	217	71
138	217	69
139	217	42
140	217	85
145	217	105
146	217	55
147	217	33
150	217	38
151	217	108
152	217	52
153	217	58
163	217	46
164	217	33
166	217	122
167	217	71
170	217	91
171	217	121
174	217	12
175	217	22
176	217	99
178	217	50
179	217	79
180	217	103
181	217	84
184	217	46
185	217	59
191	217	106
198	217	52
201	217	37
203	217	6
208	217	53
215	217	58
217	217	28
244	217	34
9	216	29
12	216	45
13	216	13
17	216	41
22	216	56
25	216	23
29	216	97
31	216	8
33	216	114
35	216	22
37	216	88
38	216	102
39	216	105
40	216	92
42	216	48
45	216	73
46	216	82
48	216	162
49	216	44
50	216	158
51	216	69
52	216	123
53	216	39
54	216	116
55	216	120
57	216	124
58	216	40
60	216	54
64	216	52
65	216	25
69	216	45
72	216	109
74	216	55
76	216	97
78	216	169
86	216	33
89	216	79
93	216	84
94	216	60
95	216	46
97	216	72
98	216	55
99	216	41
100	216	105
101	216	17
102	216	42
103	216	85
104	216	84
105	216	48
111	216	153
114	216	113
118	216	25
121	216	18
135	216	85
138	216	63
142	216	19
144	216	46
145	216	61
147	216	43
148	216	14
152	216	93
155	216	14
160	216	32
163	216	81
167	216	25
168	216	136
169	216	47
170	216	62
173	216	105
174	216	74
177	216	116
178	216	86
179	216	65
184	216	38
185	216	80
186	216	52
187	216	55
188	216	197
192	216	82
217	216	33
222	216	17
231	216	61
245	216	22
15	215	49
16	215	52
17	215	20
18	215	88
19	215	57
24	215	120
27	215	81
30	215	45
34	215	88
38	215	27
41	215	44
42	215	20
44	215	77
45	215	80
46	215	65
48	215	62
49	215	45
50	215	106
51	215	56
52	215	53
53	215	76
54	215	125
57	215	37
59	215	78
60	215	52
62	215	45
63	215	24
65	215	63
66	215	46
70	215	46
71	215	63
74	215	67
79	215	120
82	215	96
83	215	122
85	215	48
90	215	73
91	215	39
92	215	100
93	215	49
97	215	53
99	215	68
100	215	43
101	215	60
103	215	71
104	215	13
109	215	54
113	215	67
115	215	67
118	215	157
125	215	88
126	215	62
127	215	59
131	215	21
132	215	22
133	215	63
135	215	13
148	215	146
149	215	20
153	215	44
154	215	81
156	215	60
160	215	115
161	215	36
162	215	59
163	215	83
166	215	130
167	215	84
171	215	27
172	215	85
173	215	126
174	215	34
175	215	45
177	215	61
179	215	71
181	215	85
182	215	17
184	215	48
185	215	81
186	215	83
190	215	91
194	215	87
205	215	90
207	215	78
214	215	52
227	215	57
228	215	34
20	214	22
24	214	37
25	214	26
27	214	74
31	214	57
32	214	24
33	214	11
34	214	34
35	214	78
37	214	62
38	214	145
39	214	181
41	214	60
43	214	71
47	214	64
48	214	150
49	214	50
50	214	158
51	214	154
52	214	40
53	214	45
55	214	44
56	214	39
57	214	110
58	214	62
63	214	51
65	214	71
66	214	54
72	214	25
74	214	103
75	214	77
76	214	66
78	214	105
79	214	34
80	214	43
83	214	72
89	214	23
92	214	51
93	214	100
94	214	83
95	214	78
98	214	95
99	214	46
102	214	109
103	214	75
105	214	28
106	214	47
108	214	89
109	214	78
110	214	76
111	214	44
112	214	63
115	214	39
116	214	87
118	214	80
119	214	95
120	214	78
121	214	68
123	214	62
126	214	126
128	214	47
132	214	62
136	214	76
137	214	76
138	214	55
140	214	38
141	214	72
142	214	50
143	214	88
146	214	53
148	214	76
151	214	77
153	214	38
154	214	29
155	214	51
157	214	78
158	214	75
160	214	48
161	214	123
162	214	132
164	214	62
165	214	53
167	214	107
168	214	144
169	214	62
172	214	33
175	214	55
178	214	37
181	214	21
182	214	56
183	214	77
184	214	28
185	214	87
187	214	75
189	214	51
192	214	64
193	214	51
206	214	18
209	214	52
215	214	31
10	213	36
25	213	73
29	213	38
31	213	48
32	213	59
33	213	67
34	213	144
35	213	82
37	213	49
38	213	76
39	213	28
41	213	162
43	213	74
44	213	25
45	213	68
46	213	103
50	213	86
51	213	78
53	213	90
54	213	68
56	213	41
59	213	27
60	213	34
61	213	40
62	213	147
63	213	68
64	213	38
65	213	55
66	213	60
68	213	54
70	213	89
72	213	44
73	213	50
76	213	42
77	213	40
79	213	17
81	213	73
85	213	54
87	213	14
96	213	113
98	213	63
99	213	23
100	213	95
101	213	105
102	213	45
103	213	116
104	213	97
109	213	27
112	213	101
118	213	161
119	213	53
125	213	57
128	213	48
130	213	37
139	213	56
145	213	108
147	213	38
153	213	32
154	213	75
157	213	63
162	213	67
163	213	75
164	213	62
166	213	70
167	213	64
168	213	84
169	213	61
170	213	91
172	213	70
175	213	37
182	213	83
183	213	47
186	213	200
187	213	67
188	213	34
189	213	123
190	213	52
193	213	18
194	213	82
195	213	107
197	213	65
199	213	52
200	213	26
202	213	51
203	213	46
207	213	28
208	213	62
209	213	78
212	213	44
215	213	81
10	212	131
20	212	107
21	212	99
22	212	53
28	212	30
29	212	140
30	212	135
31	212	42
36	212	20
37	212	73
40	212	36
41	212	182
42	212	68
44	212	81
45	212	122
46	212	192
47	212	108
48	212	91
50	212	219
51	212	119
52	212	87
55	212	175
58	212	68
59	212	109
60	212	42
61	212	7
62	212	57
63	212	62
70	212	43
71	212	18
73	212	48
76	212	23
82	212	22
86	212	102
88	212	64
89	212	59
92	212	109
93	212	19
94	212	44
95	212	156
96	212	51
99	212	67
100	212	87
101	212	142
102	212	16
103	212	56
104	212	101
106	212	59
108	212	83
109	212	89
120	212	77
121	212	27
123	212	57
125	212	68
131	212	71
132	212	30
133	212	95
135	212	79
136	212	38
141	212	62
143	212	12
146	212	49
147	212	20
150	212	63
152	212	79
153	212	72
154	212	117
155	212	43
157	212	40
159	212	72
160	212	73
162	212	72
163	212	105
164	212	53
165	212	15
168	212	75
171	212	138
172	212	148
173	212	40
177	212	87
178	212	61
181	212	109
182	212	50
186	212	73
189	212	84
190	212	63
192	212	65
193	212	32
197	212	22
198	212	71
199	212	55
13	211	64
16	211	57
18	211	44
21	211	40
24	211	79
25	211	44
26	211	38
28	211	115
29	211	41
30	211	52
32	211	91
33	211	45
34	211	156
35	211	124
36	211	84
37	211	160
39	211	145
40	211	13
43	211	133
44	211	13
45	211	59
46	211	19
47	211	40
48	211	97
49	211	71
50	211	68
51	211	55
52	211	49
53	211	67
55	211	117
56	211	62
58	211	29
59	211	56
60	211	161
61	211	167
62	211	61
63	211	54
64	211	35
66	211	60
70	211	50
71	211	48
72	211	26
75	211	76
88	211	20
89	211	93
90	211	40
91	211	90
93	211	41
94	211	131
95	211	87
98	211	72
100	211	86
101	211	48
102	211	112
103	211	179
105	211	69
106	211	125
107	211	17
108	211	45
109	211	52
111	211	68
114	211	47
118	211	37
122	211	126
125	211	110
126	211	129
131	211	38
134	211	94
135	211	73
141	211	113
145	211	60
147	211	114
154	211	66
156	211	37
157	211	27
159	211	52
161	211	41
163	211	37
165	211	34
168	211	174
169	211	50
170	211	65
173	211	17
175	211	68
177	211	120
180	211	44
186	211	63
187	211	87
190	211	52
191	211	121
192	211	74
193	211	26
196	211	29
198	211	64
199	211	20
200	211	32
202	211	104
210	211	9
230	211	47
246	211	70
10	210	68
15	210	67
17	210	62
18	210	67
19	210	85
21	210	16
23	210	66
29	210	73
30	210	36
31	210	47
33	210	35
35	210	141
36	210	73
37	210	196
38	210	39
39	210	42
42	210	189
43	210	173
44	210	254
45	210	86
46	210	10
47	210	86
48	210	141
49	210	67
50	210	91
54	210	36
55	210	167
57	210	39
59	210	25
62	210	36
64	210	80
65	210	58
69	210	111
70	210	157
71	210	72
72	210	36
76	210	93
77	210	53
78	210	57
79	210	31
80	210	202
83	210	33
84	210	68
85	210	104
91	210	36
94	210	119
95	210	33
96	210	121
100	210	51
101	210	54
105	210	85
107	210	44
108	210	49
117	210	105
119	210	70
125	210	64
127	210	74
133	210	76
135	210	77
136	210	90
140	210	76
141	210	103
142	210	37
147	210	68
151	210	74
152	210	78
153	210	49
155	210	34
158	210	70
160	210	60
162	210	71
167	210	74
168	210	79
169	210	63
175	210	29
176	210	25
177	210	131
179	210	67
181	210	68
185	210	65
189	210	68
194	210	108
198	210	74
203	210	60
204	210	156
205	210	69
207	210	40
215	210	41
230	210	118
233	210	16
235	210	63
10	209	57
12	209	78
16	209	90
21	209	24
22	209	37
25	209	58
26	209	87
30	209	217
31	209	66
33	209	17
34	209	74
35	209	68
36	209	182
37	209	67
38	209	113
39	209	86
41	209	131
42	209	87
43	209	33
44	209	66
45	209	147
46	209	167
47	209	25
49	209	15
50	209	37
51	209	99
52	209	106
54	209	27
55	209	137
57	209	55
58	209	191
62	209	72
63	209	128
69	209	32
70	209	83
71	209	50
82	209	151
83	209	63
84	209	20
87	209	9
88	209	77
89	209	64
93	209	156
94	209	35
95	209	43
99	209	131
100	209	43
101	209	23
103	209	68
111	209	69
112	209	39
113	209	63
119	209	36
121	209	51
126	209	51
127	209	45
130	209	52
133	209	82
134	209	18
135	209	75
149	209	57
150	209	45
151	209	14
157	209	45
159	209	56
160	209	85
164	209	52
166	209	60
167	209	93
169	209	91
170	209	31
173	209	30
176	209	176
179	209	59
180	209	73
181	209	38
188	209	17
189	209	63
190	209	63
196	209	114
206	209	42
212	209	85
217	209	43
218	209	70
228	209	7
230	209	4
240	209	25
241	209	92
12	208	70
13	208	21
16	208	83
21	208	37
22	208	21
23	208	54
24	208	46
25	208	77
26	208	34
27	208	22
29	208	61
30	208	49
35	208	100
36	208	79
37	208	200
38	208	67
39	208	105
40	208	60
41	208	78
42	208	28
43	208	100
44	208	30
45	208	93
47	208	78
48	208	89
51	208	68
53	208	48
54	208	73
55	208	13
57	208	76
58	208	59
61	208	128
62	208	29
65	208	66
69	208	32
70	208	24
73	208	58
82	208	120
84	208	46
86	208	146
89	208	61
93	208	176
97	208	90
98	208	36
99	208	66
100	208	50
102	208	78
105	208	63
106	208	57
111	208	30
112	208	57
114	208	34
116	208	128
120	208	54
121	208	52
125	208	48
126	208	65
136	208	29
142	208	57
146	208	87
148	208	95
155	208	52
159	208	71
160	208	51
165	208	43
167	208	87
168	208	47
170	208	54
171	208	24
174	208	73
178	208	61
179	208	15
180	208	52
181	208	131
182	208	22
184	208	140
188	208	39
189	208	75
190	208	45
191	208	17
192	208	44
196	208	23
198	208	52
199	208	53
201	208	92
202	208	38
205	208	130
218	208	85
224	208	89
15	207	57
16	207	28
17	207	52
19	207	42
21	207	107
23	207	33
24	207	140
25	207	129
26	207	31
27	207	60
28	207	101
31	207	41
32	207	124
33	207	137
34	207	47
36	207	80
37	207	199
39	207	66
40	207	70
42	207	79
43	207	71
46	207	85
47	207	45
48	207	70
49	207	33
51	207	74
53	207	134
54	207	47
55	207	142
56	207	77
57	207	42
58	207	68
61	207	22
62	207	130
63	207	82
66	207	37
68	207	57
69	207	65
73	207	69
74	207	51
80	207	101
82	207	88
83	207	43
87	207	33
89	207	24
92	207	71
93	207	94
94	207	121
95	207	69
96	207	81
97	207	43
98	207	30
100	207	36
101	207	36
102	207	113
104	207	95
106	207	72
109	207	119
110	207	41
113	207	81
115	207	58
116	207	39
121	207	29
126	207	17
130	207	90
136	207	69
142	207	33
146	207	70
151	207	46
156	207	52
157	207	58
160	207	34
163	207	79
164	207	90
165	207	148
166	207	94
167	207	143
168	207	34
169	207	31
171	207	67
175	207	59
177	207	45
178	207	158
179	207	72
180	207	33
182	207	192
183	207	61
184	207	63
185	207	139
186	207	92
188	207	62
191	207	60
194	207	48
197	207	51
201	207	93
202	207	39
229	207	59
235	207	54
10	206	93
13	206	68
15	206	44
20	206	20
23	206	37
24	206	95
25	206	83
26	206	69
30	206	63
31	206	63
34	206	23
35	206	36
36	206	31
37	206	126
38	206	79
39	206	90
41	206	88
44	206	137
45	206	63
47	206	166
48	206	114
49	206	71
50	206	34
51	206	103
52	206	53
55	206	52
57	206	69
58	206	56
60	206	241
61	206	35
63	206	76
66	206	35
67	206	62
69	206	39
72	206	120
74	206	78
75	206	15
77	206	45
79	206	148
82	206	85
85	206	56
86	206	57
87	206	74
88	206	175
95	206	71
97	206	16
98	206	27
99	206	110
100	206	56
101	206	96
102	206	38
104	206	220
107	206	36
108	206	29
109	206	109
110	206	52
112	206	68
118	206	59
119	206	37
125	206	15
126	206	44
131	206	30
136	206	63
144	206	30
145	206	57
147	206	45
148	206	67
157	206	116
163	206	60
167	206	46
168	206	19
170	206	50
171	206	174
172	206	59
175	206	54
176	206	140
177	206	141
178	206	67
181	206	92
182	206	44
183	206	146
184	206	84
185	206	76
187	206	38
188	206	96
189	206	99
191	206	64
194	206	33
196	206	160
202	206	62
212	206	77
224	206	71
225	206	93
226	206	35
232	206	127
233	206	55
10	205	85
11	205	152
12	205	19
19	205	40
20	205	75
22	205	77
23	205	62
24	205	63
26	205	51
28	205	115
29	205	114
32	205	98
34	205	127
35	205	38
38	205	41
39	205	149
41	205	30
42	205	31
44	205	174
45	205	29
46	205	123
47	205	166
48	205	95
49	205	162
50	205	118
51	205	54
52	205	64
54	205	99
55	205	246
56	205	317
57	205	68
61	205	113
62	205	53
64	205	109
65	205	25
66	205	11
67	205	72
68	205	76
70	205	128
76	205	15
78	205	43
79	205	51
80	205	21
86	205	36
88	205	117
93	205	65
94	205	77
95	205	62
96	205	57
97	205	96
99	205	50
101	205	51
103	205	27
104	205	60
105	205	27
108	205	63
111	205	79
114	205	86
123	205	32
129	205	37
131	205	52
135	205	51
137	205	125
138	205	54
139	205	32
140	205	66
142	205	38
143	205	67
146	205	24
155	205	9
163	205	65
166	205	155
167	205	94
169	205	95
170	205	59
171	205	195
172	205	58
179	205	37
185	205	51
190	205	71
191	205	51
192	205	60
195	205	100
196	205	17
197	205	45
198	205	71
199	205	141
210	205	84
211	205	43
223	205	67
227	205	33
228	205	12
229	205	28
235	205	73
237	205	28
10	204	51
17	204	58
20	204	125
21	204	67
24	204	53
25	204	23
29	204	27
30	204	31
31	204	139
34	204	115
35	204	82
36	204	79
41	204	92
42	204	77
48	204	88
50	204	5
51	204	150
52	204	60
55	204	95
56	204	29
58	204	89
59	204	45
62	204	31
63	204	69
65	204	19
66	204	33
72	204	59
73	204	131
79	204	68
80	204	64
82	204	106
91	204	119
93	204	57
96	204	51
97	204	44
98	204	35
99	204	76
102	204	41
103	204	142
104	204	41
106	204	105
110	204	22
112	204	49
119	204	48
121	204	54
124	204	50
125	204	12
131	204	59
134	204	64
140	204	71
147	204	76
148	204	38
150	204	80
153	204	23
158	204	24
164	204	109
165	204	93
166	204	84
169	204	67
170	204	74
171	204	36
172	204	25
173	204	30
176	204	30
178	204	174
179	204	34
180	204	91
181	204	67
184	204	79
188	204	110
190	204	39
191	204	72
192	204	70
195	204	44
197	204	59
198	204	62
201	204	28
204	204	33
210	204	71
219	204	60
221	204	47
223	204	73
239	204	23
247	204	37
12	203	35
17	203	21
18	203	71
20	203	148
22	203	103
23	203	35
24	203	57
25	203	42
27	203	86
28	203	95
29	203	107
31	203	66
32	203	101
33	203	75
34	203	79
35	203	134
36	203	50
39	203	73
40	203	124
42	203	41
43	203	59
44	203	26
45	203	91
46	203	95
47	203	109
50	203	80
51	203	58
52	203	93
53	203	46
54	203	83
55	203	63
56	203	135
58	203	95
59	203	52
60	203	106
63	203	63
64	203	70
65	203	15
66	203	42
69	203	52
77	203	91
79	203	23
80	203	129
81	203	38
82	203	15
83	203	77
86	203	62
87	203	95
89	203	41
95	203	50
101	203	56
102	203	26
103	203	90
106	203	42
110	203	73
112	203	28
116	203	44
121	203	72
122	203	59
123	203	78
129	203	31
130	203	34
147	203	27
158	203	43
159	203	70
160	203	65
161	203	67
164	203	108
167	203	42
168	203	55
174	203	51
176	203	26
182	203	18
183	203	71
185	203	66
186	203	40
191	203	124
193	203	66
202	203	147
203	203	22
206	203	57
213	203	36
223	203	80
225	203	45
229	203	38
234	203	47
235	203	79
238	203	60
242	203	59
13	202	53
14	202	33
16	202	34
20	202	90
22	202	69
24	202	23
25	202	68
27	202	38
28	202	42
31	202	107
32	202	19
33	202	88
34	202	44
36	202	65
37	202	117
38	202	164
39	202	39
40	202	125
41	202	103
42	202	52
43	202	70
44	202	55
45	202	127
46	202	158
47	202	35
48	202	94
49	202	35
50	202	109
52	202	84
53	202	132
54	202	175
55	202	86
56	202	34
58	202	30
59	202	25
67	202	54
70	202	51
71	202	58
73	202	43
76	202	34
81	202	71
82	202	125
85	202	25
86	202	48
92	202	45
95	202	54
108	202	20
114	202	39
116	202	60
121	202	78
125	202	73
129	202	66
132	202	25
134	202	42
139	202	54
140	202	65
141	202	51
144	202	49
145	202	42
153	202	72
157	202	18
158	202	90
161	202	25
166	202	87
167	202	26
168	202	82
170	202	21
173	202	118
174	202	122
175	202	86
179	202	38
184	202	105
185	202	103
186	202	47
188	202	29
192	202	39
193	202	35
194	202	36
204	202	91
212	202	52
214	202	41
220	202	97
235	202	73
236	202	52
237	202	48
238	202	76
13	201	41
14	201	55
17	201	107
18	201	74
21	201	93
23	201	70
26	201	97
27	201	86
33	201	90
34	201	125
35	201	36
36	201	31
37	201	54
39	201	18
40	201	58
41	201	111
42	201	93
44	201	102
45	201	182
47	201	39
48	201	38
50	201	59
51	201	45
54	201	72
55	201	65
56	201	250
58	201	109
60	201	115
63	201	95
66	201	36
67	201	76
68	201	46
70	201	57
71	201	105
73	201	23
76	201	16
77	201	89
79	201	55
81	201	121
83	201	43
84	201	82
85	201	75
86	201	69
88	201	22
89	201	42
91	201	54
92	201	35
93	201	74
98	201	50
103	201	96
104	201	76
108	201	57
110	201	45
111	201	66
122	201	49
128	201	48
129	201	100
132	201	67
139	201	36
141	201	62
142	201	67
143	201	130
145	201	83
147	201	44
150	201	40
155	201	49
160	201	75
162	201	43
167	201	77
168	201	29
169	201	51
172	201	63
174	201	54
175	201	105
176	201	74
178	201	58
184	201	139
185	201	125
186	201	34
191	201	67
192	201	84
193	201	38
197	201	74
198	201	42
199	201	58
205	201	42
209	201	52
211	201	61
212	201	150
219	201	66
220	201	43
221	201	243
224	201	41
229	201	34
233	201	87
235	201	92
242	201	36
243	201	38
13	200	27
14	200	74
15	200	117
17	200	49
18	200	78
24	200	50
26	200	20
28	200	106
30	200	17
31	200	37
33	200	134
35	200	144
37	200	159
39	200	63
41	200	164
42	200	77
43	200	78
44	200	51
45	200	57
46	200	113
47	200	71
48	200	38
50	200	201
51	200	28
52	200	59
53	200	59
54	200	124
55	200	28
58	200	197
59	200	83
60	200	89
61	200	72
62	200	54
63	200	43
64	200	94
66	200	20
67	200	186
70	200	114
77	200	65
78	200	71
80	200	46
89	200	160
90	200	114
91	200	85
92	200	59
96	200	63
98	200	81
99	200	67
101	200	34
103	200	74
104	200	40
106	200	80
108	200	95
109	200	71
116	200	47
123	200	69
127	200	62
128	200	32
129	200	59
130	200	40
132	200	34
135	200	59
136	200	65
138	200	69
142	200	167
143	200	67
145	200	23
146	200	35
148	200	19
161	200	42
165	200	47
166	200	87
167	200	107
170	200	41
175	200	235
177	200	23
183	200	86
185	200	57
186	200	36
188	200	34
189	200	70
192	200	13
193	200	31
197	200	34
204	200	91
205	200	72
207	200	67
209	200	50
210	200	32
211	200	87
212	200	45
215	200	62
219	200	175
224	200	59
225	200	146
227	200	67
228	200	30
231	200	63
14	199	34
17	199	64
18	199	31
19	199	85
21	199	60
23	199	63
24	199	71
25	199	24
26	199	112
27	199	60
28	199	123
29	199	87
30	199	54
31	199	64
33	199	42
35	199	61
37	199	84
42	199	37
44	199	54
46	199	42
47	199	66
48	199	34
49	199	68
50	199	73
52	199	46
53	199	77
55	199	120
58	199	30
59	199	124
61	199	22
62	199	41
63	199	117
65	199	31
66	199	101
67	199	46
71	199	167
72	199	46
73	199	70
75	199	93
77	199	31
78	199	177
80	199	207
83	199	69
84	199	68
87	199	15
90	199	79
91	199	110
93	199	40
99	199	81
100	199	49
105	199	140
106	199	21
107	199	82
108	199	49
109	199	44
110	199	8
113	199	32
118	199	53
119	199	28
124	199	53
128	199	16
130	199	57
136	199	53
138	199	70
140	199	52
144	199	62
147	199	51
148	199	85
150	199	62
163	199	48
168	199	33
169	199	38
173	199	33
174	199	59
175	199	60
178	199	12
179	199	132
180	199	60
182	199	75
186	199	53
193	199	50
194	199	65
197	199	37
199	199	49
201	199	54
202	199	51
204	199	82
205	199	11
210	199	116
214	199	68
216	199	34
218	199	39
219	199	119
222	199	65
226	199	49
235	199	17
240	199	22
245	199	55
13	198	123
19	198	31
21	198	17
23	198	63
24	198	70
25	198	132
26	198	54
28	198	95
30	198	15
33	198	64
34	198	51
35	198	42
37	198	102
39	198	128
40	198	83
41	198	161
42	198	73
43	198	86
45	198	81
46	198	147
47	198	173
48	198	67
49	198	44
51	198	27
52	198	122
53	198	20
56	198	37
58	198	59
59	198	165
61	198	62
63	198	238
64	198	48
65	198	70
66	198	73
68	198	62
69	198	49
70	198	39
71	198	63
73	198	109
76	198	38
77	198	51
81	198	134
84	198	21
87	198	71
89	198	35
90	198	63
94	198	18
99	198	33
100	198	97
103	198	52
106	198	62
108	198	69
111	198	85
112	198	146
131	198	59
136	198	65
139	198	30
143	198	52
149	198	72
150	198	95
151	198	24
152	198	62
153	198	77
154	198	40
158	198	77
159	198	146
161	198	63
163	198	60
164	198	65
165	198	37
166	198	35
168	198	51
174	198	30
175	198	68
178	198	133
181	198	15
183	198	109
184	198	78
186	198	54
191	198	66
193	198	150
195	198	45
196	198	57
197	198	50
203	198	29
204	198	28
207	198	22
208	198	70
210	198	69
213	198	68
215	198	39
218	198	75
225	198	9
226	198	32
228	198	44
230	198	25
240	198	89
19	197	31
20	197	61
21	197	30
23	197	76
24	197	14
25	197	220
27	197	33
28	197	91
30	197	78
32	197	43
33	197	26
36	197	37
39	197	95
40	197	56
41	197	40
45	197	54
46	197	209
47	197	150
48	197	85
49	197	54
50	197	84
53	197	99
54	197	88
56	197	76
57	197	123
58	197	50
64	197	13
65	197	178
67	197	23
70	197	56
73	197	44
76	197	50
78	197	44
79	197	40
84	197	45
85	197	45
89	197	113
92	197	93
95	197	87
98	197	19
101	197	57
102	197	15
103	197	39
105	197	144
108	197	19
112	197	70
115	197	93
116	197	20
118	197	67
122	197	46
127	197	73
144	197	48
147	197	106
148	197	67
149	197	62
150	197	19
154	197	42
155	197	71
157	197	23
158	197	44
164	197	19
167	197	42
169	197	90
170	197	14
172	197	38
173	197	112
174	197	61
175	197	90
177	197	40
180	197	93
181	197	44
185	197	62
187	197	46
192	197	44
193	197	21
196	197	123
198	197	47
199	197	77
203	197	51
204	197	27
205	197	91
207	197	28
213	197	94
222	197	70
224	197	22
227	197	36
231	197	37
234	197	37
235	197	33
8	196	34
14	196	49
20	196	90
22	196	93
23	196	54
24	196	82
25	196	82
26	196	130
27	196	96
28	196	32
29	196	76
30	196	148
31	196	19
32	196	68
34	196	137
35	196	114
36	196	162
37	196	79
38	196	135
39	196	93
43	196	51
44	196	65
45	196	96
46	196	21
47	196	50
49	196	51
51	196	37
52	196	151
53	196	44
54	196	132
55	196	42
56	196	58
57	196	60
58	196	39
59	196	74
61	196	43
63	196	37
65	196	87
67	196	153
70	196	48
72	196	27
73	196	75
75	196	121
80	196	172
82	196	55
83	196	30
86	196	38
89	196	126
90	196	43
93	196	48
94	196	98
97	196	27
101	196	54
102	196	50
104	196	37
105	196	139
106	196	15
107	196	87
111	196	81
112	196	26
113	196	36
114	196	84
115	196	59
116	196	140
117	196	132
120	196	41
127	196	55
130	196	48
131	196	58
134	196	76
136	196	54
141	196	52
143	196	54
148	196	96
149	196	82
152	196	25
157	196	44
158	196	73
159	196	76
161	196	28
162	196	66
163	196	68
164	196	100
170	196	67
172	196	118
173	196	128
174	196	169
182	196	7
185	196	21
186	196	71
188	196	50
189	196	29
194	196	12
195	196	58
196	196	23
197	196	26
204	196	49
207	196	12
213	196	63
217	196	129
219	196	59
222	196	60
223	196	37
226	196	57
227	196	57
228	196	76
232	196	49
233	196	27
237	196	66
240	196	47
20	195	34
23	195	46
24	195	114
25	195	133
27	195	36
28	195	89
29	195	41
30	195	40
34	195	69
36	195	48
37	195	93
38	195	132
39	195	59
40	195	212
42	195	17
44	195	34
45	195	183
46	195	100
48	195	112
52	195	64
53	195	41
58	195	127
59	195	30
60	195	40
65	195	95
66	195	91
73	195	57
75	195	161
76	195	85
78	195	80
79	195	77
80	195	41
81	195	72
86	195	39
88	195	27
89	195	83
92	195	54
93	195	107
94	195	45
95	195	52
101	195	91
105	195	45
108	195	28
111	195	49
116	195	93
118	195	127
119	195	53
123	195	81
127	195	125
130	195	70
154	195	91
156	195	49
157	195	41
160	195	93
161	195	41
162	195	51
163	195	48
164	195	73
170	195	72
171	195	63
172	195	82
174	195	4
177	195	64
181	195	139
186	195	69
194	195	93
196	195	75
198	195	26
199	195	165
208	195	73
211	195	21
212	195	36
217	195	24
219	195	80
220	195	35
221	195	41
222	195	69
231	195	80
11	194	36
22	194	43
27	194	162
28	194	52
29	194	87
31	194	56
32	194	86
33	194	73
34	194	94
35	194	81
37	194	70
44	194	124
45	194	32
46	194	102
47	194	86
50	194	18
51	194	73
52	194	65
53	194	133
54	194	56
56	194	48
57	194	117
58	194	45
59	194	77
60	194	30
62	194	43
66	194	65
67	194	103
69	194	48
72	194	22
73	194	100
74	194	74
78	194	34
80	194	62
81	194	54
84	194	64
87	194	57
88	194	14
89	194	116
90	194	55
94	194	199
95	194	49
97	194	18
101	194	57
109	194	8
111	194	45
118	194	40
121	194	76
122	194	45
127	194	33
132	194	22
138	194	70
140	194	84
143	194	87
157	194	96
159	194	67
160	194	75
163	194	92
166	194	21
168	194	56
170	194	29
171	194	123
172	194	18
175	194	59
176	194	55
177	194	69
181	194	19
183	194	134
184	194	125
185	194	133
186	194	142
187	194	46
190	194	107
201	194	93
204	194	37
208	194	18
212	194	52
215	194	55
223	194	57
224	194	57
228	194	70
229	194	69
232	194	40
234	194	30
11	193	53
12	193	54
22	193	18
23	193	85
26	193	76
27	193	98
28	193	58
34	193	81
35	193	62
37	193	69
38	193	78
40	193	51
41	193	100
42	193	64
44	193	185
45	193	135
47	193	73
48	193	46
49	193	95
50	193	34
51	193	118
54	193	27
55	193	124
57	193	67
58	193	48
59	193	27
60	193	137
67	193	50
70	193	25
79	193	37
80	193	59
83	193	39
85	193	214
86	193	86
92	193	134
93	193	53
95	193	167
98	193	24
99	193	70
101	193	90
106	193	31
109	193	34
111	193	35
115	193	20
124	193	93
129	193	48
131	193	17
134	193	116
135	193	62
139	193	71
151	193	19
153	193	97
155	193	100
157	193	59
158	193	150
161	193	46
162	193	115
163	193	49
164	193	83
167	193	122
170	193	83
171	193	79
172	193	31
173	193	135
175	193	57
176	193	104
180	193	89
182	193	177
183	193	82
184	193	92
187	193	117
188	193	73
190	193	19
198	193	4
208	193	41
211	193	93
212	193	48
221	193	48
225	193	94
233	193	104
238	193	89
239	193	57
11	192	69
13	192	34
14	192	23
15	192	73
18	192	70
20	192	57
22	192	62
24	192	55
25	192	31
26	192	68
28	192	36
29	192	108
36	192	82
37	192	30
38	192	29
39	192	69
40	192	68
41	192	74
42	192	40
43	192	54
44	192	41
45	192	88
46	192	113
49	192	95
50	192	31
51	192	72
53	192	81
54	192	230
57	192	78
58	192	83
59	192	55
60	192	49
61	192	115
66	192	50
69	192	117
71	192	66
74	192	45
76	192	40
77	192	61
78	192	44
82	192	28
84	192	65
86	192	92
88	192	35
92	192	56
93	192	51
94	192	58
95	192	23
96	192	87
97	192	46
98	192	93
105	192	122
109	192	36
114	192	72
115	192	68
118	192	90
126	192	108
127	192	61
128	192	70
129	192	57
131	192	91
135	192	42
136	192	170
139	192	22
144	192	62
147	192	39
158	192	47
162	192	120
163	192	13
165	192	43
166	192	143
167	192	153
168	192	106
170	192	138
171	192	73
172	192	72
174	192	114
176	192	63
178	192	77
181	192	37
182	192	216
184	192	58
187	192	49
189	192	55
190	192	91
194	192	109
199	192	104
200	192	33
202	192	49
205	192	31
206	192	199
207	192	90
208	192	47
212	192	140
213	192	66
214	192	39
215	192	98
216	192	50
217	192	57
219	192	81
223	192	42
224	192	45
230	192	57
233	192	158
238	192	108
239	192	36
248	192	53
16	191	26
17	191	106
18	191	21
19	191	113
20	191	112
22	191	45
26	191	62
28	191	102
33	191	11
35	191	38
37	191	55
39	191	45
41	191	194
45	191	83
47	191	76
48	191	98
49	191	224
50	191	17
51	191	124
55	191	39
56	191	42
57	191	112
59	191	87
60	191	116
61	191	65
63	191	98
64	191	68
65	191	44
66	191	28
68	191	126
70	191	81
72	191	28
74	191	17
76	191	39
78	191	22
80	191	66
84	191	70
86	191	45
88	191	103
89	191	121
91	191	37
92	191	119
93	191	13
94	191	95
95	191	84
97	191	47
98	191	37
100	191	41
102	191	63
103	191	83
104	191	62
106	191	50
110	191	91
112	191	44
116	191	37
117	191	7
128	191	85
129	191	33
131	191	81
139	191	13
143	191	54
147	191	40
150	191	141
152	191	57
156	191	139
157	191	42
159	191	53
160	191	61
161	191	49
162	191	45
163	191	68
164	191	38
166	191	223
167	191	157
168	191	46
170	191	33
173	191	68
174	191	65
175	191	26
176	191	19
178	191	31
179	191	52
181	191	59
182	191	56
41	246	27
55	246	33
56	246	57
107	246	120
122	246	80
67	245	40
118	245	33
126	245	37
46	244	77
48	244	34
66	244	42
68	244	39
76	244	66
78	244	41
86	244	59
91	244	52
104	244	16
105	244	87
108	244	72
158	244	56
188	244	41
24	243	61
25	243	23
28	243	22
84	243	58
85	243	41
112	243	84
164	243	57
187	243	89
48	242	44
61	242	32
62	242	146
67	242	58
73	242	74
82	242	20
86	242	20
101	242	32
126	242	23
134	242	84
136	242	65
149	242	90
151	242	51
165	242	93
176	242	105
19	241	29
22	241	104
36	241	87
47	241	37
49	241	65
52	241	51
63	241	21
64	241	15
65	241	55
66	241	44
67	241	74
71	241	65
73	241	34
74	241	68
78	241	52
81	241	45
85	241	84
89	241	44
92	241	16
93	241	47
94	241	36
97	241	38
98	241	131
99	241	38
100	241	21
103	241	59
112	241	36
118	241	64
134	241	26
137	241	71
148	241	56
150	241	57
158	241	43
165	241	49
167	241	37
188	241	50
194	241	123
195	241	11
22	240	15
34	240	30
37	240	25
53	240	89
54	240	75
55	240	59
56	240	121
58	240	68
60	240	47
62	240	72
65	240	66
76	240	47
77	240	64
79	240	81
80	240	19
82	240	28
83	240	37
94	240	35
107	240	55
119	240	20
123	240	30
125	240	44
132	240	98
136	240	106
138	240	74
140	240	52
142	240	56
146	240	73
184	240	67
19	239	59
21	239	6
26	239	73
30	239	34
32	239	41
44	239	51
45	239	51
46	239	59
48	239	210
50	239	56
53	239	41
54	239	49
55	239	60
58	239	35
61	239	100
66	239	56
68	239	41
70	239	20
71	239	39
72	239	49
75	239	43
77	239	64
78	239	32
79	239	83
85	239	97
92	239	12
99	239	83
101	239	51
102	239	20
103	239	57
105	239	22
109	239	68
114	239	103
115	239	62
122	239	51
130	239	60
135	239	52
148	239	51
149	239	58
150	239	44
171	239	27
176	239	24
195	239	89
196	239	54
197	239	52
214	239	55
26	238	32
41	238	43
45	238	45
49	238	55
50	238	46
51	238	37
55	238	30
58	238	20
61	238	90
62	238	40
65	238	68
66	238	45
70	238	148
71	238	56
72	238	107
76	238	65
83	238	41
86	238	25
88	238	27
96	238	57
117	238	62
120	238	68
123	238	49
124	238	69
128	238	55
132	238	28
134	238	125
138	238	19
152	238	55
156	238	142
159	238	73
164	238	23
172	238	46
173	238	87
177	238	50
178	238	49
190	238	118
196	238	63
204	238	65
209	238	55
33	237	74
34	237	51
44	237	63
45	237	84
46	237	54
47	237	33
48	237	91
49	237	71
50	237	30
57	237	63
60	237	40
61	237	64
63	237	64
64	237	34
70	237	44
71	237	81
76	237	130
80	237	131
82	237	85
84	237	37
86	237	59
89	237	82
90	237	113
91	237	63
92	237	110
99	237	188
104	237	21
107	237	92
116	237	26
117	237	69
118	237	43
120	237	80
134	237	53
138	237	48
140	237	44
147	237	47
154	237	41
157	237	59
173	237	116
178	237	15
185	237	58
205	237	76
15	236	41
16	236	75
25	236	107
33	236	189
35	236	102
36	236	54
39	236	28
40	236	90
45	236	150
49	236	41
53	236	58
54	236	123
58	236	53
59	236	62
60	236	49
62	236	79
64	236	139
65	236	107
66	236	45
68	236	25
69	236	38
70	236	28
72	236	27
73	236	47
74	236	147
75	236	42
78	236	35
79	236	58
80	236	38
81	236	28
82	236	29
88	236	55
92	236	65
96	236	25
97	236	35
100	236	60
103	236	65
114	236	121
115	236	60
118	236	59
122	236	37
123	236	33
128	236	82
130	236	67
135	236	59
137	236	5
143	236	38
144	236	114
146	236	38
147	236	58
150	236	133
151	236	183
156	236	101
158	236	10
161	236	92
162	236	46
174	236	18
178	236	18
184	236	32
185	236	72
196	236	28
20	235	62
25	235	20
33	235	114
35	235	29
40	235	23
41	235	32
49	235	19
53	235	51
55	235	38
57	235	49
58	235	30
61	235	45
62	235	38
63	235	62
65	235	98
66	235	72
67	235	30
68	235	70
71	235	32
73	235	154
78	235	71
79	235	55
85	235	74
89	235	3
95	235	76
97	235	68
99	235	30
102	235	30
103	235	66
104	235	48
105	235	26
109	235	113
116	235	90
119	235	106
121	235	110
122	235	25
123	235	52
124	235	33
128	235	22
136	235	37
140	235	64
141	235	114
153	235	81
155	235	60
157	235	43
171	235	59
172	235	11
179	235	47
217	235	37
18	234	91
33	234	39
34	234	40
38	234	94
42	234	61
53	234	81
55	234	244
56	234	65
58	234	49
61	234	40
63	234	68
64	234	62
65	234	73
66	234	29
69	234	50
70	234	56
71	234	158
72	234	84
75	234	90
76	234	40
87	234	106
89	234	40
90	234	75
92	234	51
93	234	62
94	234	115
97	234	9
99	234	83
100	234	57
104	234	70
107	234	68
109	234	56
112	234	80
113	234	20
115	234	40
119	234	95
123	234	92
124	234	41
126	234	65
128	234	16
129	234	52
130	234	38
133	234	31
139	234	52
140	234	98
141	234	57
142	234	39
143	234	87
144	234	45
149	234	74
154	234	73
160	234	37
162	234	15
169	234	27
170	234	66
184	234	36
185	234	18
187	234	59
188	234	79
33	233	69
35	233	23
38	233	54
40	233	68
41	233	198
43	233	49
47	233	39
48	233	89
50	233	46
53	233	47
56	233	22
57	233	53
58	233	14
59	233	45
65	233	59
66	233	55
68	233	41
70	233	120
75	233	60
83	233	16
85	233	45
87	233	52
88	233	126
89	233	17
90	233	72
94	233	85
96	233	37
97	233	130
98	233	61
100	233	15
101	233	13
103	233	55
104	233	65
106	233	63
110	233	73
115	233	22
116	233	61
118	233	38
120	233	17
121	233	42
122	233	176
123	233	68
124	233	75
129	233	44
130	233	65
132	233	59
133	233	82
134	233	58
140	233	27
141	233	21
148	233	83
149	233	31
154	233	47
159	233	25
162	233	84
163	233	119
171	233	92
175	233	67
188	233	43
215	233	43
238	233	19
22	232	32
36	232	21
41	232	49
42	232	211
43	232	75
49	232	84
53	232	54
54	232	105
55	232	76
56	232	45
58	232	129
59	232	92
65	232	74
66	232	25
69	232	40
72	232	49
73	232	66
75	232	40
76	232	116
84	232	70
88	232	60
91	232	51
92	232	54
95	232	16
96	232	68
97	232	81
98	232	147
99	232	46
100	232	34
101	232	94
102	232	86
103	232	14
105	232	20
108	232	57
109	232	106
111	232	92
121	232	75
122	232	58
124	232	71
125	232	94
129	232	50
131	232	116
132	232	128
138	232	77
143	232	82
145	232	49
149	232	126
150	232	41
152	232	131
153	232	72
154	232	65
155	232	44
156	232	54
167	232	65
169	232	25
177	232	43
184	232	22
186	232	119
194	232	22
198	232	112
205	232	65
28	231	74
38	231	49
39	231	51
40	231	57
42	231	21
43	231	68
47	231	122
48	231	12
49	231	36
52	231	46
53	231	52
55	231	44
56	231	29
58	231	70
60	231	21
62	231	126
63	231	34
64	231	19
65	231	91
66	231	75
69	231	69
70	231	59
71	231	72
72	231	114
79	231	57
87	231	34
91	231	32
92	231	32
94	231	66
95	231	42
96	231	120
97	231	60
98	231	87
99	231	81
100	231	66
101	231	87
104	231	87
107	231	71
109	231	132
113	231	39
121	231	49
122	231	51
125	231	44
126	231	53
127	231	30
128	231	101
130	231	16
131	231	125
132	231	71
135	231	62
138	231	64
147	231	31
154	231	54
156	231	52
171	231	142
174	231	98
185	231	25
187	231	38
212	231	20
19	230	74
21	230	25
22	230	44
28	230	82
30	230	61
42	230	50
43	230	107
44	230	88
46	230	24
47	230	99
48	230	63
49	230	86
50	230	54
52	230	136
53	230	76
54	230	76
56	230	70
57	230	94
58	230	30
59	230	76
65	230	47
66	230	33
69	230	91
70	230	109
71	230	123
74	230	60
76	230	84
77	230	47
78	230	53
80	230	115
82	230	45
84	230	59
85	230	62
87	230	14
88	230	62
92	230	29
94	230	37
95	230	28
96	230	44
97	230	193
99	230	18
101	230	65
109	230	15
112	230	26
116	230	124
117	230	54
120	230	17
121	230	50
129	230	77
132	230	46
137	230	41
138	230	84
145	230	93
146	230	57
147	230	80
148	230	66
154	230	106
155	230	68
156	230	46
159	230	90
162	230	100
170	230	68
173	230	57
187	230	36
197	230	42
18	229	69
22	229	57
23	229	61
30	229	56
42	229	101
43	229	72
44	229	55
45	229	40
46	229	54
47	229	117
48	229	133
51	229	42
52	229	33
55	229	59
56	229	130
57	229	71
58	229	38
62	229	73
63	229	76
66	229	55
67	229	39
69	229	64
70	229	106
78	229	41
81	229	23
86	229	77
88	229	42
89	229	79
90	229	24
94	229	76
95	229	46
97	229	25
98	229	67
102	229	21
105	229	104
106	229	33
108	229	68
109	229	36
110	229	39
112	229	108
113	229	71
114	229	73
115	229	48
118	229	29
121	229	43
127	229	52
131	229	69
133	229	166
140	229	101
141	229	42
142	229	48
145	229	127
147	229	88
155	229	47
157	229	50
158	229	63
163	229	51
165	229	88
169	229	89
170	229	17
171	229	94
178	229	47
181	229	42
191	229	34
22	228	55
23	228	46
26	228	58
28	228	76
29	228	76
34	228	74
35	228	27
38	228	41
40	228	139
44	228	49
46	228	70
48	228	117
50	228	82
53	228	60
55	228	51
57	228	49
62	228	68
63	228	96
64	228	58
65	228	71
67	228	29
68	228	122
71	228	82
74	228	37
87	228	88
88	228	59
89	228	63
90	228	65
92	228	69
94	228	128
95	228	46
96	228	65
97	228	16
98	228	72
102	228	48
105	228	75
106	228	23
107	228	85
108	228	129
109	228	73
110	228	59
113	228	59
114	228	76
115	228	24
116	228	67
118	228	32
120	228	48
125	228	43
128	228	17
129	228	75
131	228	117
136	228	96
137	228	90
139	228	111
140	228	71
141	228	36
146	228	47
149	228	65
151	228	47
152	228	65
161	228	70
167	228	35
171	228	42
192	228	78
200	228	79
206	228	54
209	228	24
8	227	6
18	227	42
19	227	73
24	227	104
26	227	59
27	227	88
30	227	37
32	227	20
33	227	81
34	227	58
37	227	18
39	227	33
40	227	69
41	227	116
42	227	93
47	227	48
48	227	62
52	227	63
55	227	45
56	227	128
57	227	31
62	227	50
64	227	81
66	227	105
68	227	25
69	227	14
71	227	20
75	227	112
80	227	34
86	227	68
87	227	78
88	227	29
90	227	33
91	227	70
93	227	149
95	227	56
97	227	74
98	227	48
99	227	49
100	227	93
102	227	146
103	227	37
104	227	43
105	227	93
106	227	17
111	227	29
112	227	137
115	227	64
121	227	60
126	227	145
140	227	62
144	227	46
162	227	45
164	227	42
165	227	77
166	227	56
171	227	35
176	227	75
179	227	92
180	227	71
186	227	35
193	227	65
196	227	41
200	227	31
11	226	60
12	226	70
15	226	75
24	226	155
27	226	54
28	226	58
30	226	92
32	226	66
33	226	58
36	226	82
37	226	108
38	226	98
40	226	54
41	226	35
42	226	73
43	226	67
46	226	132
47	226	59
49	226	27
52	226	46
54	226	26
55	226	62
57	226	70
58	226	67
59	226	67
61	226	160
63	226	136
67	226	54
68	226	23
71	226	49
75	226	71
79	226	100
88	226	19
89	226	53
90	226	16
91	226	129
92	226	67
93	226	66
95	226	18
97	226	88
98	226	163
99	226	36
100	226	56
102	226	74
103	226	16
104	226	95
106	226	21
107	226	29
109	226	48
120	226	36
124	226	18
126	226	50
130	226	58
132	226	7
133	226	45
137	226	77
139	226	130
151	226	32
155	226	23
156	226	91
157	226	97
160	226	67
162	226	43
165	226	118
170	226	21
176	226	85
177	226	22
179	226	58
182	226	100
184	226	28
186	226	16
188	226	81
193	226	60
198	226	230
202	226	18
203	226	43
212	226	57
213	226	62
214	226	64
15	225	60
21	225	49
22	225	44
25	225	36
28	225	84
30	225	80
34	225	57
36	225	245
39	225	59
41	225	88
49	225	77
50	225	83
51	225	79
53	225	21
55	225	26
56	225	98
57	225	78
59	225	63
65	225	60
67	225	78
68	225	45
69	225	54
70	225	30
74	225	39
77	225	20
78	225	77
79	225	71
80	225	44
85	225	63
86	225	146
92	225	74
93	225	109
94	225	56
95	225	65
96	225	30
97	225	25
98	225	58
99	225	136
100	225	45
101	225	50
106	225	100
109	225	86
110	225	44
113	225	37
115	225	15
118	225	13
120	225	16
121	225	46
122	225	70
124	225	76
126	225	47
128	225	90
129	225	57
137	225	70
138	225	38
141	225	142
142	225	25
143	225	47
146	225	48
150	225	33
151	225	50
154	225	60
159	225	50
163	225	60
165	225	153
166	225	9
167	225	23
170	225	76
173	225	60
175	225	34
178	225	65
181	225	59
186	225	69
187	225	52
191	225	31
192	225	120
213	225	69
7	224	46
14	224	23
16	224	42
21	224	52
22	224	82
27	224	68
31	224	84
32	224	31
33	224	78
34	224	24
35	224	54
37	224	114
39	224	86
40	224	57
41	224	40
43	224	44
47	224	33
49	224	111
50	224	131
51	224	56
53	224	16
56	224	56
58	224	63
66	224	33
67	224	50
70	224	33
80	224	22
81	224	86
84	224	63
88	224	43
91	224	64
92	224	34
93	224	14
95	224	68
97	224	55
99	224	26
101	224	138
103	224	27
104	224	65
105	224	35
107	224	69
109	224	47
110	224	77
117	224	92
118	224	57
# chipNumber: 4
# chipName:   G 10 W69
# numHits:    6
137	237	4
13	203	67
10	201	30
11	201	48
11	166	42
10	164	62
# chipNumber: 5
# chipName:   D 9 W69
# numHits:    2
226	222	70
236	203	38
# chipNumber: 6
# chipName:   L 8 W69
# numHits:    3
166	233	11810
234	203	11810
20	184	69
