## [General]
## runNumber:        241
## runTime:       	 7200
## runTimeFrames: 	 0
## pathName:         data/runs/Run_241_181022-16-16
## dateTime:         2018-10-22.16:52:56
## numChips:         7
## shutterTime:      30
## shutterMode:      verylong
## runMode:          0
## fastClock:        0
## externalTrigger:  0
## [Event]
## eventNumber:      2893
## useHvFadc:    	 1
## fadcReadout:    	 1
## szint1ClockInt:	 0
## szint2ClockInt:	 0
## fadcTriggerClock: 0
# chipNumber: 0
# chipName:   E 6 W69
# numHits:    0
# chipNumber: 1
# chipName:   K 6 W69
# numHits:    0
# chipNumber: 2
# chipName:   H 9 W69
# numHits:    102
225	153	103
233	136	31
236	134	90
228	131	86
237	131	32
238	131	47
243	130	42
235	129	70
238	129	94
244	129	70
222	128	30
248	128	56
214	123	18
241	122	58
241	121	50
245	120	76
236	118	49
243	118	42
210	117	47
236	117	60
237	116	36
204	115	25
241	115	31
245	115	45
238	114	62
233	112	67
236	112	117
237	112	50
242	111	60
231	110	29
220	109	50
227	109	45
243	109	93
247	109	74
225	108	57
248	108	109
206	105	26
214	105	50
216	105	63
231	105	63
235	105	97
245	105	42
246	105	87
237	104	46
221	103	31
247	103	62
220	102	51
228	102	68
232	102	75
237	100	20
246	100	60
247	100	41
213	99	47
238	99	46
241	99	21
244	99	117
232	98	57
235	98	51
247	98	64
238	97	24
239	97	60
229	96	52
227	95	44
234	95	66
237	95	38
244	95	56
220	94	22
228	94	76
224	93	66
239	93	43
183	92	68
219	92	125
240	92	45
247	92	63
248	92	47
241	91	59
246	91	41
247	91	74
238	88	46
236	86	38
238	85	73
230	83	88
231	83	48
243	83	73
208	82	36
209	82	30
208	81	83
227	77	49
230	77	64
239	77	47
240	77	24
238	76	25
238	75	86
230	74	53
231	69	34
236	68	33
222	65	62
237	65	59
240	65	30
243	65	55
235	64	43
237	62	33
# chipNumber: 3
# chipName:   H 10 W69
# numHits:    23880
54	200	65
55	200	134
56	200	74
57	200	44
58	200	49
59	200	87
60	200	79
64	200	76
65	200	138
68	200	84
69	200	52
70	200	33
71	200	207
72	200	73
75	200	79
79	200	74
81	200	22
82	200	51
84	200	100
86	200	37
87	200	25
88	200	42
94	200	120
97	200	31
98	200	7
103	200	203
104	200	142
105	200	56
108	200	102
109	200	17
110	200	58
111	200	54
112	200	129
115	200	62
116	200	69
119	200	90
120	200	48
123	200	56
135	200	79
136	200	106
137	200	158
140	200	106
142	200	46
143	200	22
144	200	70
149	200	46
150	200	38
151	200	106
152	200	125
155	200	71
157	200	58
159	200	29
162	200	164
164	200	52
168	200	24
169	200	71
174	200	34
175	200	29
178	200	49
179	200	42
180	200	122
181	200	64
182	200	97
185	200	22
186	200	59
187	200	81
188	200	57
189	200	76
190	200	32
192	200	42
199	200	160
202	200	31
205	200	80
206	200	163
207	200	54
215	200	22
224	200	80
242	200	77
22	199	26
23	199	62
25	199	131
33	199	94
36	199	62
37	199	14
39	199	50
44	199	60
45	199	112
46	199	48
47	199	57
49	199	60
50	199	19
52	199	32
54	199	18
55	199	50
56	199	67
57	199	100
58	199	124
59	199	7
61	199	52
65	199	14
68	199	56
69	199	60
77	199	52
78	199	67
80	199	74
82	199	22
83	199	73
84	199	27
85	199	25
87	199	84
88	199	19
89	199	21
93	199	51
94	199	63
97	199	40
99	199	74
101	199	94
102	199	33
103	199	66
104	199	34
108	199	48
109	199	41
111	199	44
116	199	34
120	199	78
121	199	42
122	199	59
124	199	31
128	199	39
131	199	52
133	199	134
135	199	77
136	199	25
137	199	22
140	199	68
141	199	69
144	199	82
145	199	157
152	199	106
156	199	37
157	199	122
159	199	90
160	199	40
162	199	107
163	199	145
164	199	109
165	199	26
176	199	66
179	199	59
182	199	96
186	199	70
190	199	31
192	199	67
193	199	73
197	199	141
200	199	84
201	199	70
202	199	120
204	199	107
209	199	73
212	199	54
213	199	18
219	199	65
220	199	87
223	199	58
226	199	24
229	199	101
23	198	84
28	198	78
31	198	70
33	198	53
36	198	30
37	198	95
38	198	208
39	198	52
40	198	94
41	198	50
44	198	52
46	198	84
47	198	92
48	198	124
53	198	78
56	198	103
58	198	17
61	198	65
63	198	42
64	198	68
65	198	12
69	198	10
71	198	179
76	198	56
79	198	20
81	198	38
84	198	15
88	198	51
92	198	37
93	198	59
94	198	76
97	198	58
98	198	11
99	198	42
100	198	36
105	198	35
106	198	78
108	198	83
109	198	69
110	198	136
111	198	87
112	198	51
113	198	132
114	198	33
115	198	77
116	198	116
118	198	162
124	198	87
125	198	119
127	198	56
128	198	20
129	198	114
130	198	51
131	198	22
133	198	69
137	198	42
138	198	31
139	198	74
143	198	93
148	198	88
149	198	65
150	198	34
155	198	257
156	198	53
157	198	50
163	198	78
164	198	40
165	198	36
167	198	78
168	198	37
172	198	35
177	198	57
178	198	73
183	198	5
184	198	63
187	198	35
190	198	40
191	198	83
192	198	178
193	198	22
197	198	75
200	198	107
202	198	67
203	198	51
205	198	17
207	198	141
208	198	45
209	198	64
212	198	48
213	198	59
215	198	41
221	198	59
237	198	58
16	197	34
18	197	38
20	197	84
21	197	24
22	197	95
28	197	22
31	197	25
32	197	70
34	197	54
36	197	34
42	197	78
43	197	47
44	197	56
45	197	74
46	197	98
47	197	32
48	197	42
49	197	86
51	197	34
52	197	84
53	197	36
55	197	72
56	197	90
57	197	39
59	197	50
61	197	158
63	197	52
66	197	64
67	197	99
68	197	56
71	197	125
77	197	57
78	197	22
79	197	154
80	197	87
81	197	25
84	197	143
86	197	121
89	197	132
90	197	56
92	197	108
93	197	27
94	197	110
96	197	37
98	197	103
103	197	39
105	197	27
106	197	57
109	197	59
112	197	23
113	197	59
114	197	58
118	197	44
119	197	51
120	197	30
121	197	37
122	197	44
123	197	19
124	197	182
125	197	52
131	197	18
136	197	139
142	197	103
143	197	140
145	197	41
146	197	52
153	197	39
154	197	67
156	197	126
158	197	66
162	197	117
163	197	75
164	197	92
165	197	70
167	197	56
168	197	113
169	197	106
170	197	40
174	197	26
175	197	70
179	197	35
180	197	12
181	197	152
183	197	148
185	197	32
186	197	151
189	197	15
191	197	22
193	197	73
194	197	83
195	197	119
196	197	41
202	197	119
203	197	16
205	197	78
206	197	28
208	197	57
210	197	68
212	197	37
214	197	26
216	197	91
219	197	40
224	197	44
14	196	69
17	196	81
20	196	33
21	196	67
26	196	49
32	196	21
34	196	5
39	196	38
40	196	48
43	196	50
48	196	128
50	196	74
51	196	44
52	196	86
53	196	46
56	196	104
57	196	43
58	196	106
60	196	92
62	196	103
63	196	135
64	196	153
66	196	33
67	196	77
70	196	38
72	196	92
73	196	162
74	196	66
75	196	72
77	196	56
78	196	79
80	196	51
81	196	90
82	196	68
84	196	135
85	196	62
88	196	45
93	196	46
95	196	109
100	196	64
106	196	12
107	196	193
108	196	51
110	196	71
112	196	30
113	196	43
118	196	40
120	196	96
121	196	24
122	196	40
128	196	45
130	196	71
132	196	73
135	196	57
136	196	107
137	196	57
138	196	64
140	196	97
142	196	37
151	196	77
152	196	74
154	196	76
155	196	29
161	196	117
164	196	25
165	196	62
167	196	199
168	196	111
169	196	72
170	196	59
171	196	9
173	196	60
174	196	67
177	196	61
178	196	24
179	196	57
180	196	64
185	196	65
186	196	60
187	196	70
189	196	90
191	196	33
193	196	108
194	196	71
197	196	45
202	196	35
207	196	74
208	196	137
210	196	67
211	196	62
221	196	26
222	196	51
229	196	49
231	196	34
234	196	61
235	196	67
236	196	46
243	196	90
246	196	29
17	195	111
21	195	40
33	195	46
38	195	77
42	195	12
45	195	28
46	195	66
47	195	70
48	195	98
50	195	44
51	195	47
53	195	57
54	195	82
56	195	45
58	195	86
59	195	106
60	195	52
61	195	42
62	195	38
63	195	48
64	195	45
65	195	48
66	195	40
67	195	27
69	195	45
72	195	60
74	195	90
75	195	45
78	195	115
79	195	123
80	195	109
81	195	137
82	195	64
83	195	38
84	195	61
85	195	65
86	195	151
87	195	72
89	195	117
92	195	22
94	195	66
96	195	90
97	195	82
98	195	52
101	195	87
102	195	51
103	195	20
105	195	79
106	195	42
107	195	81
110	195	41
112	195	37
114	195	75
120	195	53
121	195	100
124	195	83
125	195	61
128	195	68
131	195	30
132	195	98
133	195	147
139	195	104
140	195	14
145	195	58
147	195	60
148	195	27
149	195	34
150	195	53
152	195	108
153	195	78
154	195	94
158	195	90
163	195	31
166	195	79
167	195	35
168	195	91
171	195	22
172	195	77
173	195	15
174	195	76
175	195	118
176	195	51
177	195	70
178	195	46
179	195	48
181	195	104
184	195	80
185	195	83
188	195	96
189	195	87
190	195	73
191	195	82
192	195	63
194	195	53
198	195	49
202	195	111
203	195	85
205	195	147
207	195	87
208	195	34
210	195	53
211	195	45
213	195	33
221	195	30
222	195	85
225	195	26
226	195	15
229	195	64
232	195	28
242	195	30
16	194	52
18	194	130
22	194	53
23	194	54
33	194	231
34	194	13
40	194	46
42	194	51
44	194	34
47	194	12
49	194	140
50	194	61
51	194	76
53	194	114
54	194	90
55	194	133
56	194	95
58	194	142
59	194	36
60	194	73
61	194	24
64	194	49
65	194	19
67	194	20
71	194	51
73	194	44
74	194	30
76	194	151
77	194	74
78	194	70
79	194	95
80	194	16
81	194	57
82	194	31
83	194	67
85	194	103
90	194	48
93	194	117
94	194	56
98	194	69
101	194	45
104	194	31
106	194	43
107	194	29
109	194	60
111	194	198
112	194	24
113	194	98
114	194	67
115	194	52
116	194	28
118	194	46
119	194	65
124	194	99
125	194	25
127	194	25
128	194	83
131	194	37
134	194	40
138	194	57
139	194	120
140	194	102
146	194	40
147	194	51
148	194	68
152	194	49
153	194	59
154	194	64
157	194	78
158	194	130
159	194	38
160	194	63
161	194	79
166	194	67
167	194	127
168	194	73
169	194	67
170	194	15
171	194	22
172	194	68
173	194	117
176	194	76
178	194	134
180	194	40
184	194	23
185	194	65
186	194	21
187	194	54
190	194	86
192	194	119
194	194	26
195	194	143
197	194	24
198	194	119
199	194	12
203	194	38
204	194	116
209	194	30
210	194	148
213	194	116
214	194	109
216	194	39
220	194	60
230	194	70
232	194	54
233	194	59
239	194	20
241	194	94
242	194	27
11	193	131
16	193	15
19	193	64
22	193	141
26	193	44
28	193	45
30	193	32
37	193	63
43	193	71
44	193	125
47	193	103
50	193	7
51	193	39
54	193	126
55	193	114
42	246	40
40	245	29
65	245	32
71	245	46
122	245	51
126	245	51
132	245	80
135	245	68
171	245	78
41	244	77
46	244	51
60	244	60
61	244	78
64	244	60
73	244	31
77	244	79
86	244	29
97	244	90
100	244	59
128	244	45
140	244	27
157	244	36
170	244	90
29	243	94
46	243	89
61	243	67
76	243	54
85	243	41
87	243	55
88	243	32
96	243	27
97	243	78
101	243	124
105	243	48
107	243	67
116	243	62
118	243	56
119	243	79
120	243	39
130	243	30
156	243	42
160	243	97
161	243	50
191	243	45
193	243	22
204	243	60
47	242	49
61	242	52
64	242	74
66	242	88
73	242	33
75	242	72
76	242	118
77	242	72
79	242	108
80	242	82
84	242	16
87	242	83
88	242	22
89	242	139
90	242	67
92	242	56
97	242	48
100	242	25
101	242	28
107	242	63
115	242	26
119	242	37
134	242	26
141	242	22
143	242	48
179	242	40
182	242	93
183	242	67
190	242	23
192	242	82
51	241	34
53	241	23
54	241	67
56	241	43
59	241	36
60	241	18
64	241	57
66	241	48
76	241	38
78	241	120
81	241	33
82	241	27
85	241	65
86	241	33
87	241	49
95	241	43
96	241	46
100	241	52
101	241	82
107	241	70
110	241	66
112	241	69
114	241	118
115	241	42
118	241	67
128	241	54
135	241	57
137	241	84
140	241	76
153	241	17
171	241	19
187	241	58
189	241	25
192	241	58
15	240	69
37	240	33
40	240	58
44	240	75
46	240	99
50	240	31
52	240	21
53	240	12
56	240	26
61	240	76
63	240	50
64	240	20
65	240	45
68	240	74
71	240	33
72	240	27
75	240	61
76	240	149
77	240	71
81	240	60
82	240	36
83	240	130
86	240	98
88	240	49
90	240	72
94	240	49
95	240	44
96	240	75
98	240	74
99	240	15
100	240	49
101	240	106
105	240	62
108	240	85
109	240	63
110	240	114
113	240	23
116	240	69
117	240	74
121	240	12
127	240	78
131	240	5
138	240	24
139	240	50
150	240	49
161	240	36
162	240	36
168	240	32
170	240	49
171	240	44
182	240	83
183	240	52
185	240	161
187	240	37
189	240	54
196	240	29
199	240	35
200	240	75
211	240	105
32	239	25
37	239	57
42	239	30
53	239	41
55	239	59
59	239	76
60	239	74
62	239	49
63	239	60
66	239	78
68	239	24
70	239	37
71	239	77
72	239	68
80	239	52
82	239	83
83	239	130
85	239	75
86	239	110
88	239	150
89	239	43
91	239	25
92	239	27
95	239	72
97	239	66
98	239	55
102	239	137
105	239	67
106	239	87
108	239	80
110	239	56
111	239	71
116	239	57
117	239	59
119	239	40
124	239	30
125	239	69
127	239	139
131	239	58
132	239	72
133	239	22
143	239	39
148	239	65
156	239	90
160	239	27
177	239	41
183	239	55
190	239	14
192	239	87
201	239	47
209	239	60
23	238	46
37	238	60
39	238	26
42	238	57
44	238	60
49	238	72
58	238	60
61	238	48
63	238	146
74	238	49
77	238	45
79	238	41
83	238	143
85	238	94
90	238	19
94	238	62
95	238	98
96	238	37
100	238	145
102	238	60
103	238	38
104	238	69
106	238	54
107	238	108
108	238	88
113	238	38
118	238	84
127	238	68
128	238	144
129	238	78
130	238	38
132	238	49
137	238	42
138	238	121
140	238	52
141	238	17
143	238	58
146	238	67
153	238	76
165	238	65
172	238	47
177	238	60
180	238	100
184	238	65
188	238	58
192	238	28
196	238	82
197	238	60
208	238	41
210	238	73
29	237	31
46	237	45
50	237	42
52	237	46
53	237	44
57	237	82
59	237	53
60	237	36
63	237	100
66	237	8
67	237	50
69	237	190
72	237	23
75	237	54
76	237	25
77	237	56
78	237	57
79	237	24
80	237	32
82	237	139
83	237	96
84	237	15
85	237	130
87	237	69
88	237	53
90	237	63
91	237	41
92	237	86
93	237	37
94	237	34
96	237	144
98	237	44
101	237	51
102	237	60
103	237	66
107	237	90
109	237	62
112	237	78
113	237	19
116	237	51
120	237	69
121	237	7
124	237	35
125	237	82
126	237	65
129	237	30
131	237	137
132	237	49
133	237	57
137	237	30
151	237	49
157	237	66
175	237	20
180	237	82
183	237	85
192	237	110
193	237	21
198	237	83
201	237	95
202	237	19
205	237	66
212	237	36
215	237	32
216	237	42
220	237	70
230	237	38
26	236	48
29	236	59
35	236	25
36	236	29
44	236	50
51	236	25
55	236	55
57	236	37
58	236	126
65	236	40
67	236	50
70	236	36
72	236	59
74	236	57
76	236	116
80	236	91
81	236	97
82	236	27
83	236	80
84	236	145
85	236	60
86	236	66
92	236	85
95	236	82
96	236	56
97	236	111
98	236	30
99	236	41
100	236	60
101	236	105
103	236	59
106	236	87
107	236	26
108	236	150
110	236	190
111	236	95
112	236	68
118	236	51
119	236	7
123	236	47
124	236	47
126	236	71
127	236	30
138	236	14
144	236	39
161	236	38
165	236	63
166	236	15
168	236	110
169	236	38
170	236	25
174	236	29
176	236	10
177	236	72
180	236	49
185	236	63
186	236	26
187	236	55
188	236	117
189	236	24
190	236	49
194	236	62
215	236	61
231	236	70
18	235	76
19	235	63
29	235	49
31	235	62
38	235	65
59	235	20
60	235	24
64	235	52
65	235	62
68	235	27
71	235	51
72	235	39
74	235	99
76	235	36
77	235	108
79	235	96
81	235	62
82	235	103
83	235	100
84	235	66
85	235	38
87	235	49
88	235	58
89	235	28
90	235	33
91	235	60
92	235	71
94	235	94
95	235	70
97	235	51
98	235	37
99	235	47
100	235	72
101	235	88
102	235	98
103	235	32
104	235	22
107	235	44
109	235	171
110	235	87
111	235	43
113	235	24
114	235	91
117	235	37
119	235	44
121	235	20
122	235	158
123	235	56
127	235	42
131	235	40
133	235	29
140	235	38
141	235	24
165	235	25
167	235	82
169	235	41
174	235	90
176	235	64
178	235	68
181	235	29
182	235	76
183	235	29
187	235	94
189	235	104
190	235	94
192	235	115
202	235	122
221	235	81
226	235	62
231	235	92
20	234	75
24	234	44
27	234	51
30	234	75
44	234	69
45	234	25
46	234	49
49	234	40
50	234	145
51	234	38
58	234	74
59	234	63
61	234	106
62	234	83
63	234	51
66	234	54
67	234	60
68	234	54
69	234	33
72	234	57
76	234	41
78	234	66
79	234	70
80	234	103
81	234	54
84	234	144
86	234	13
88	234	57
90	234	39
91	234	138
92	234	15
94	234	81
96	234	197
97	234	40
98	234	120
100	234	59
101	234	6
102	234	29
105	234	77
108	234	78
109	234	27
110	234	68
112	234	48
115	234	40
118	234	111
133	234	17
137	234	99
144	234	43
145	234	30
149	234	26
150	234	111
151	234	56
156	234	19
157	234	46
158	234	65
159	234	18
160	234	12
161	234	57
164	234	140
166	234	56
171	234	64
174	234	20
175	234	42
176	234	120
177	234	62
178	234	96
179	234	140
180	234	44
182	234	21
183	234	122
184	234	69
187	234	55
188	234	122
189	234	40
197	234	73
198	234	49
211	234	41
212	234	42
221	234	106
26	233	60
36	233	37
37	233	56
40	233	62
41	233	57
53	233	34
55	233	91
56	233	92
57	233	51
59	233	113
60	233	101
62	233	30
65	233	17
67	233	100
71	233	80
72	233	34
74	233	46
75	233	103
76	233	92
78	233	68
80	233	104
81	233	87
82	233	64
83	233	32
84	233	30
85	233	153
86	233	61
88	233	103
90	233	45
92	233	36
93	233	48
94	233	71
95	233	8
97	233	37
98	233	46
99	233	26
100	233	83
102	233	39
106	233	96
108	233	91
109	233	47
110	233	106
112	233	79
118	233	93
120	233	76
121	233	68
125	233	16
127	233	18
129	233	64
132	233	78
134	233	40
137	233	54
138	233	82
143	233	88
149	233	52
151	233	45
152	233	48
155	233	63
161	233	49
163	233	31
178	233	55
179	233	78
181	233	57
189	233	57
190	233	62
192	233	117
193	233	42
194	233	108
197	233	57
199	233	59
201	233	79
216	233	92
220	233	28
238	233	7
23	232	33
25	232	26
31	232	71
32	232	28
33	232	28
36	232	37
41	232	121
42	232	82
43	232	107
50	232	88
59	232	41
62	232	31
64	232	55
65	232	67
67	232	42
71	232	34
73	232	84
76	232	49
77	232	42
78	232	108
79	232	85
85	232	51
86	232	46
87	232	59
89	232	69
90	232	83
93	232	78
94	232	68
95	232	104
96	232	47
97	232	44
98	232	101
100	232	52
101	232	40
103	232	30
104	232	20
106	232	63
107	232	72
108	232	37
109	232	118
110	232	29
114	232	118
120	232	57
122	232	100
125	232	82
134	232	32
135	232	86
138	232	44
146	232	41
148	232	87
151	232	93
152	232	51
155	232	41
156	232	130
159	232	37
167	232	40
178	232	142
179	232	105
182	232	53
183	232	75
184	232	36
185	232	54
190	232	46
191	232	44
192	232	58
199	232	61
203	232	22
208	232	51
210	232	110
12	231	69
19	231	53
26	231	78
28	231	85
30	231	71
32	231	45
34	231	29
36	231	34
42	231	68
43	231	26
46	231	61
48	231	57
51	231	53
52	231	77
54	231	39
56	231	55
58	231	59
59	231	42
60	231	55
61	231	53
64	231	92
65	231	98
66	231	25
67	231	103
73	231	74
74	231	57
75	231	51
82	231	18
86	231	149
87	231	83
88	231	24
90	231	238
91	231	51
96	231	28
97	231	100
99	231	17
100	231	49
101	231	87
105	231	31
106	231	107
107	231	232
109	231	24
110	231	54
111	231	69
114	231	26
117	231	55
119	231	35
121	231	25
123	231	42
126	231	2
128	231	83
132	231	36
133	231	37
135	231	44
136	231	87
137	231	129
140	231	62
141	231	66
143	231	79
145	231	97
151	231	131
153	231	91
157	231	57
158	231	36
160	231	56
171	231	74
175	231	80
180	231	87
185	231	92
186	231	35
188	231	41
192	231	27
193	231	49
197	231	82
210	231	40
215	231	59
21	230	37
22	230	10
27	230	30
28	230	79
29	230	91
30	230	15
34	230	111
35	230	64
40	230	42
41	230	41
43	230	42
44	230	29
47	230	19
48	230	37
52	230	68
53	230	83
57	230	76
58	230	35
61	230	34
64	230	25
65	230	70
66	230	23
67	230	30
68	230	35
70	230	97
73	230	32
74	230	51
79	230	97
83	230	148
85	230	50
86	230	64
87	230	46
88	230	122
89	230	54
91	230	162
94	230	90
95	230	35
96	230	37
97	230	86
98	230	83
99	230	30
104	230	38
106	230	49
108	230	61
109	230	59
110	230	93
112	230	110
113	230	45
114	230	107
119	230	31
120	230	182
121	230	129
124	230	66
128	230	49
130	230	60
133	230	30
135	230	100
137	230	64
138	230	44
141	230	51
145	230	81
146	230	95
148	230	72
151	230	118
152	230	90
153	230	36
155	230	84
156	230	130
164	230	39
165	230	52
170	230	97
171	230	28
172	230	27
175	230	47
176	230	90
177	230	34
178	230	97
179	230	87
180	230	70
181	230	71
182	230	59
186	230	31
189	230	81
193	230	43
194	230	99
197	230	76
201	230	14
207	230	104
27	229	16
28	229	88
29	229	122
30	229	54
32	229	131
33	229	27
34	229	73
36	229	56
39	229	91
41	229	51
50	229	20
52	229	84
53	229	62
55	229	78
56	229	139
59	229	21
61	229	73
62	229	49
63	229	67
64	229	116
65	229	95
66	229	254
67	229	30
71	229	62
73	229	20
75	229	86
76	229	67
77	229	60
78	229	72
79	229	74
80	229	61
82	229	63
83	229	124
84	229	52
86	229	101
87	229	38
89	229	52
90	229	129
91	229	37
93	229	91
95	229	60
96	229	40
97	229	35
98	229	49
99	229	38
100	229	174
101	229	79
102	229	65
105	229	88
106	229	95
107	229	51
108	229	106
110	229	80
113	229	94
114	229	19
116	229	39
117	229	54
118	229	63
123	229	83
125	229	31
126	229	41
131	229	79
134	229	28
140	229	39
141	229	52
142	229	55
143	229	26
145	229	58
146	229	57
152	229	56
154	229	51
156	229	89
157	229	62
159	229	57
161	229	117
166	229	115
167	229	21
179	229	101
183	229	37
184	229	74
187	229	76
189	229	82
190	229	78
196	229	74
197	229	27
198	229	80
200	229	52
204	229	59
218	229	56
220	229	30
14	228	48
27	228	9
29	228	166
30	228	83
34	228	79
37	228	49
38	228	66
40	228	67
43	228	76
49	228	30
50	228	44
52	228	59
59	228	53
61	228	52
63	228	252
65	228	28
67	228	46
69	228	33
71	228	132
74	228	151
75	228	66
78	228	48
80	228	52
84	228	70
85	228	76
86	228	45
87	228	39
88	228	50
90	228	46
91	228	49
94	228	82
99	228	256
102	228	44
106	228	60
107	228	71
108	228	62
109	228	62
111	228	38
113	228	159
114	228	79
116	228	90
117	228	176
119	228	98
120	228	22
122	228	30
124	228	75
125	228	70
126	228	111
127	228	29
130	228	33
134	228	121
137	228	44
138	228	37
140	228	63
141	228	52
144	228	9
145	228	93
151	228	57
152	228	73
158	228	93
169	228	51
170	228	69
172	228	70
177	228	68
178	228	60
180	228	97
182	228	49
187	228	52
189	228	38
190	228	43
192	228	28
193	228	82
194	228	40
200	228	41
205	228	56
213	228	46
220	228	10
236	228	38
18	227	45
24	227	32
26	227	48
27	227	84
37	227	38
38	227	109
50	227	66
53	227	50
55	227	103
57	227	25
58	227	73
59	227	43
60	227	30
61	227	15
62	227	70
63	227	120
64	227	74
65	227	33
67	227	109
68	227	150
69	227	41
71	227	31
72	227	59
73	227	45
75	227	91
76	227	125
77	227	63
86	227	172
87	227	67
89	227	83
90	227	145
93	227	117
94	227	151
96	227	57
97	227	44
99	227	21
100	227	58
101	227	80
102	227	49
103	227	38
106	227	45
108	227	54
111	227	30
114	227	143
115	227	59
116	227	81
117	227	143
121	227	68
125	227	62
127	227	102
131	227	134
132	227	40
140	227	54
143	227	32
145	227	132
151	227	184
153	227	16
154	227	87
155	227	68
156	227	99
157	227	48
158	227	190
161	227	88
166	227	111
167	227	47
168	227	78
169	227	34
170	227	53
173	227	48
178	227	54
183	227	48
184	227	49
185	227	49
186	227	16
188	227	46
189	227	137
192	227	38
194	227	35
195	227	192
196	227	30
197	227	47
199	227	26
209	227	52
221	227	69
24	226	76
27	226	24
29	226	35
34	226	55
39	226	33
43	226	66
45	226	75
47	226	27
49	226	89
53	226	57
55	226	48
57	226	54
58	226	33
59	226	63
60	226	30
62	226	159
63	226	52
65	226	22
67	226	41
68	226	30
74	226	42
76	226	104
77	226	108
81	226	23
82	226	52
85	226	68
87	226	38
89	226	67
90	226	59
94	226	90
95	226	154
99	226	99
100	226	161
101	226	129
103	226	116
104	226	236
105	226	37
106	226	29
107	226	87
108	226	66
109	226	44
110	226	32
111	226	53
114	226	31
116	226	46
118	226	53
119	226	48
127	226	42
130	226	112
133	226	12
136	226	59
139	226	46
140	226	45
141	226	23
145	226	93
146	226	187
147	226	34
148	226	30
149	226	46
150	226	14
151	226	53
152	226	120
153	226	53
154	226	33
160	226	53
161	226	30
164	226	33
169	226	55
170	226	60
171	226	57
176	226	54
182	226	23
183	226	75
188	226	44
189	226	52
193	226	48
194	226	56
195	226	84
196	226	49
197	226	26
199	226	76
204	226	36
206	226	26
219	226	121
220	226	94
221	226	171
228	226	60
231	226	97
15	225	33
17	225	61
23	225	34
28	225	26
31	225	82
32	225	67
33	225	133
36	225	74
38	225	78
40	225	25
45	225	111
47	225	40
52	225	70
54	225	62
55	225	40
58	225	134
61	225	26
62	225	40
63	225	85
70	225	89
72	225	70
74	225	55
77	225	49
78	225	22
81	225	40
84	225	64
85	225	48
87	225	60
88	225	38
90	225	97
92	225	40
93	225	40
94	225	165
97	225	42
98	225	127
99	225	89
103	225	58
104	225	49
107	225	151
109	225	70
111	225	75
112	225	92
113	225	136
119	225	78
120	225	78
122	225	46
124	225	43
125	225	38
128	225	53
130	225	37
132	225	57
133	225	55
134	225	45
135	225	13
137	225	64
142	225	87
145	225	95
148	225	134
149	225	52
151	225	43
154	225	148
158	225	67
160	225	49
163	225	29
166	225	30
167	225	47
169	225	51
170	225	18
171	225	44
174	225	51
179	225	54
184	225	72
186	225	71
187	225	201
188	225	66
189	225	85
195	225	65
201	225	27
206	225	66
207	225	43
211	225	11
214	225	62
222	225	45
23	224	22
24	224	70
35	224	59
36	224	73
39	224	56
49	224	43
53	224	74
55	224	29
58	224	64
59	224	38
60	224	123
61	224	65
65	224	38
66	224	114
67	224	81
68	224	54
71	224	131
75	224	69
76	224	60
79	224	110
80	224	45
82	224	43
84	224	117
86	224	72
87	224	73
90	224	182
91	224	85
92	224	109
96	224	70
97	224	92
98	224	65
100	224	47
101	224	61
102	224	17
104	224	52
105	224	67
106	224	90
107	224	18
108	224	115
110	224	58
112	224	167
113	224	38
114	224	32
116	224	24
120	224	57
123	224	65
124	224	62
125	224	109
127	224	96
128	224	35
133	224	37
134	224	62
135	224	136
136	224	149
137	224	36
138	224	75
141	224	83
143	224	57
144	224	61
146	224	84
149	224	190
151	224	12
155	224	33
160	224	89
166	224	48
168	224	36
170	224	56
171	224	61
174	224	38
180	224	159
181	224	87
182	224	122
183	224	73
185	224	130
186	224	72
187	224	23
189	224	86
190	224	85
192	224	86
194	224	103
195	224	58
198	224	67
200	224	38
206	224	44
210	224	29
212	224	32
213	224	66
214	224	70
219	224	52
222	224	51
13	223	74
33	223	53
34	223	47
35	223	49
36	223	101
37	223	24
44	223	95
45	223	69
46	223	23
47	223	41
54	223	75
57	223	15
58	223	80
59	223	185
60	223	110
61	223	83
62	223	57
63	223	58
64	223	54
65	223	117
66	223	115
73	223	48
74	223	52
75	223	35
77	223	100
78	223	54
79	223	158
80	223	43
81	223	58
88	223	70
89	223	32
90	223	21
91	223	67
93	223	49
94	223	86
96	223	110
98	223	38
99	223	30
101	223	52
105	223	95
108	223	84
109	223	37
112	223	192
113	223	74
114	223	51
115	223	53
116	223	92
127	223	12
130	223	31
131	223	76
132	223	34
133	223	99
134	223	128
136	223	44
137	223	95
138	223	113
139	223	32
142	223	59
143	223	21
145	223	22
148	223	194
149	223	56
151	223	95
152	223	79
154	223	47
156	223	51
159	223	43
160	223	128
163	223	65
166	223	98
169	223	31
170	223	23
181	223	63
182	223	54
195	223	81
196	223	33
201	223	80
222	223	169
232	223	85
238	223	64
242	223	39
8	222	42
13	222	49
16	222	40
29	222	58
30	222	20
31	222	109
32	222	51
33	222	37
35	222	34
36	222	29
37	222	26
42	222	142
52	222	77
55	222	34
57	222	41
58	222	40
61	222	102
64	222	83
65	222	123
66	222	65
67	222	93
68	222	106
75	222	51
87	222	91
89	222	70
90	222	27
92	222	50
94	222	73
95	222	103
101	222	67
102	222	124
106	222	81
110	222	122
116	222	68
118	222	153
120	222	7
122	222	14
125	222	53
126	222	30
129	222	130
131	222	58
134	222	84
135	222	72
138	222	182
139	222	57
141	222	49
148	222	37
150	222	44
151	222	42
153	222	39
154	222	57
156	222	53
157	222	100
161	222	110
164	222	61
165	222	63
170	222	63
172	222	58
173	222	90
174	222	54
177	222	54
178	222	62
180	222	106
184	222	61
186	222	56
188	222	75
190	222	68
193	222	62
194	222	8
196	222	32
198	222	15
200	222	75
208	222	38
210	222	47
211	222	15
212	222	63
37	221	33
44	221	60
50	221	44
51	221	60
56	221	14
57	221	54
58	221	84
60	221	64
64	221	41
66	221	93
68	221	153
76	221	31
77	221	53
79	221	50
80	221	44
85	221	31
88	221	53
89	221	66
90	221	175
93	221	139
95	221	36
96	221	166
97	221	50
98	221	38
100	221	46
101	221	47
102	221	162
104	221	111
105	221	74
107	221	74
110	221	40
111	221	42
112	221	168
113	221	65
114	221	70
116	221	66
117	221	14
121	221	82
128	221	79
130	221	99
131	221	122
133	221	70
138	221	19
139	221	92
140	221	183
141	221	86
142	221	66
148	221	54
149	221	7
150	221	82
151	221	37
156	221	12
159	221	56
160	221	124
162	221	48
163	221	109
164	221	21
166	221	70
168	221	45
170	221	30
174	221	52
177	221	31
179	221	63
180	221	57
182	221	30
183	221	38
184	221	31
187	221	77
190	221	51
191	221	73
196	221	47
199	221	52
200	221	64
208	221	109
209	221	35
210	221	71
212	221	62
220	221	45
223	221	65
224	221	76
225	221	46
10	220	87
13	220	54
14	220	80
33	220	95
41	220	77
42	220	24
49	220	66
52	220	61
53	220	39
54	220	90
57	220	124
58	220	52
59	220	87
60	220	29
64	220	87
65	220	59
66	220	76
73	220	67
74	220	49
75	220	23
76	220	16
77	220	132
78	220	72
81	220	26
83	220	33
85	220	21
88	220	82
89	220	57
90	220	63
94	220	43
95	220	42
98	220	19
100	220	92
101	220	55
103	220	120
105	220	60
109	220	34
110	220	14
113	220	93
114	220	48
123	220	30
127	220	45
128	220	37
129	220	40
131	220	59
137	220	51
138	220	118
139	220	59
140	220	64
142	220	77
144	220	46
146	220	29
149	220	15
150	220	44
151	220	90
152	220	80
153	220	32
154	220	123
156	220	81
158	220	49
159	220	157
162	220	16
163	220	19
168	220	37
173	220	129
174	220	67
175	220	31
176	220	71
182	220	41
185	220	35
186	220	28
187	220	81
188	220	22
190	220	35
192	220	58
200	220	79
204	220	48
212	220	99
218	220	21
220	220	42
223	220	93
19	219	62
21	219	61
25	219	39
30	219	50
32	219	70
33	219	60
36	219	33
38	219	64
40	219	74
41	219	70
42	219	33
44	219	97
50	219	38
56	219	78
57	219	36
58	219	47
60	219	102
61	219	90
63	219	77
64	219	16
66	219	66
67	219	41
71	219	59
72	219	69
74	219	49
76	219	35
77	219	89
85	219	56
87	219	45
88	219	42
92	219	24
93	219	138
94	219	65
98	219	32
102	219	37
106	219	61
108	219	46
109	219	55
110	219	17
111	219	135
112	219	67
115	219	46
116	219	62
117	219	101
118	219	23
119	219	71
121	219	46
124	219	58
126	219	57
127	219	75
128	219	72
129	219	26
131	219	160
138	219	73
139	219	107
140	219	77
141	219	16
142	219	200
144	219	14
146	219	74
149	219	37
150	219	144
151	219	27
155	219	55
159	219	146
160	219	116
163	219	22
164	219	103
166	219	73
167	219	27
168	219	68
171	219	62
173	219	70
174	219	63
175	219	22
179	219	71
180	219	141
181	219	62
187	219	54
188	219	45
189	219	102
192	219	54
193	219	14
200	219	119
201	219	81
202	219	24
211	219	92
219	219	20
238	219	49
239	219	60
15	218	41
16	218	53
25	218	113
29	218	25
30	218	97
31	218	132
33	218	117
35	218	81
36	218	87
42	218	90
54	218	51
56	218	92
61	218	56
63	218	122
64	218	119
66	218	42
68	218	68
69	218	90
70	218	20
72	218	43
73	218	121
77	218	100
78	218	122
79	218	15
82	218	39
83	218	94
86	218	69
87	218	60
88	218	29
91	218	105
95	218	111
97	218	39
98	218	28
99	218	46
101	218	39
102	218	54
103	218	87
106	218	81
107	218	78
109	218	52
110	218	133
111	218	53
113	218	54
116	218	55
118	218	42
120	218	166
121	218	49
122	218	60
124	218	44
131	218	49
136	218	46
145	218	27
147	218	57
154	218	52
155	218	100
157	218	50
159	218	112
161	218	111
162	218	30
164	218	29
166	218	51
167	218	70
168	218	75
171	218	62
172	218	47
173	218	90
174	218	35
183	218	46
185	218	33
186	218	91
188	218	82
190	218	7
191	218	38
192	218	36
193	218	58
196	218	66
200	218	119
201	218	1
202	218	69
215	218	56
13	217	63
20	217	54
25	217	70
31	217	12
33	217	69
37	217	33
39	217	58
40	217	9
41	217	38
45	217	54
46	217	28
47	217	49
49	217	80
51	217	160
52	217	37
55	217	64
56	217	87
58	217	17
60	217	57
64	217	110
66	217	55
68	217	56
69	217	100
70	217	136
72	217	76
76	217	34
77	217	33
79	217	52
81	217	42
82	217	92
85	217	87
87	217	43
88	217	57
89	217	218
90	217	42
97	217	157
98	217	78
100	217	112
103	217	90
105	217	92
107	217	90
108	217	59
109	217	48
110	217	17
113	217	42
114	217	43
121	217	45
125	217	191
126	217	66
127	217	49
128	217	67
132	217	137
133	217	56
136	217	26
142	217	35
143	217	34
144	217	33
148	217	75
150	217	95
151	217	112
153	217	53
154	217	36
160	217	40
162	217	30
164	217	189
166	217	50
168	217	72
170	217	76
171	217	71
174	217	43
177	217	57
178	217	51
179	217	28
187	217	57
188	217	11
189	217	68
192	217	99
196	217	48
200	217	66
201	217	77
203	217	77
205	217	89
212	217	41
217	217	37
219	217	32
227	217	65
24	216	34
28	216	21
31	216	61
32	216	45
35	216	164
36	216	57
38	216	76
39	216	28
40	216	59
41	216	79
42	216	33
46	216	82
48	216	12
50	216	92
51	216	70
52	216	41
58	216	99
59	216	43
60	216	26
63	216	45
64	216	51
65	216	62
67	216	47
68	216	78
70	216	70
71	216	50
72	216	37
73	216	42
74	216	21
83	216	21
84	216	127
85	216	65
86	216	40
87	216	69
90	216	71
92	216	34
93	216	28
94	216	43
95	216	14
96	216	29
99	216	59
102	216	87
105	216	57
106	216	88
108	216	44
109	216	51
110	216	111
113	216	78
117	216	65
118	216	76
121	216	75
122	216	35
123	216	93
124	216	46
125	216	44
127	216	73
145	216	36
146	216	94
147	216	132
148	216	95
151	216	17
153	216	106
154	216	221
156	216	145
157	216	242
158	216	38
160	216	37
161	216	64
162	216	58
163	216	100
167	216	62
170	216	46
177	216	80
193	216	32
195	216	22
200	216	60
203	216	158
211	216	15
214	216	19
218	216	55
219	216	97
220	216	58
227	216	76
22	215	49
30	215	25
34	215	42
36	215	43
38	215	91
39	215	69
40	215	78
41	215	60
42	215	49
43	215	25
44	215	143
46	215	191
50	215	50
52	215	68
54	215	69
58	215	42
63	215	122
64	215	150
65	215	62
67	215	46
69	215	224
70	215	140
74	215	65
80	215	22
86	215	89
87	215	68
88	215	53
89	215	58
91	215	35
92	215	59
94	215	49
95	215	54
96	215	83
102	215	48
103	215	36
109	215	36
111	215	48
116	215	63
117	215	63
120	215	71
122	215	66
125	215	40
127	215	45
129	215	63
131	215	141
134	215	58
137	215	57
139	215	52
141	215	87
145	215	161
146	215	93
147	215	158
151	215	62
153	215	58
158	215	39
159	215	36
160	215	107
161	215	73
162	215	19
163	215	55
164	215	29
165	215	145
166	215	107
170	215	7
176	215	57
178	215	53
180	215	121
186	215	80
188	215	12
189	215	69
194	215	112
202	215	20
207	215	23
209	215	52
215	215	58
216	215	128
217	215	150
220	215	71
11	214	25
14	214	61
21	214	36
25	214	43
26	214	50
27	214	69
30	214	77
48	214	67
53	214	171
58	214	50
59	214	55
60	214	45
61	214	111
65	214	48
66	214	39
68	214	26
69	214	40
71	214	15
75	214	32
78	214	54
84	214	57
85	214	82
87	214	68
88	214	24
91	214	31
92	214	29
93	214	90
94	214	87
95	214	66
96	214	120
98	214	46
101	214	59
102	214	27
104	214	42
106	214	117
107	214	21
108	214	54
109	214	95
111	214	68
115	214	95
120	214	66
122	214	59
123	214	50
125	214	59
126	214	73
130	214	15
132	214	57
133	214	49
135	214	30
137	214	106
139	214	64
140	214	10
141	214	76
142	214	29
143	214	81
145	214	100
146	214	55
151	214	69
153	214	66
154	214	74
156	214	32
158	214	34
159	214	179
160	214	135
161	214	74
162	214	66
165	214	49
166	214	85
168	214	60
169	214	47
174	214	58
175	214	74
176	214	59
181	214	55
184	214	34
185	214	46
187	214	58
188	214	72
189	214	62
190	214	57
191	214	20
194	214	55
200	214	52
206	214	69
211	214	119
215	214	42
216	214	142
217	214	57
220	214	152
221	214	62
229	214	89
22	213	55
25	213	18
31	213	25
32	213	51
37	213	33
45	213	55
47	213	34
51	213	11
52	213	79
53	213	45
56	213	34
59	213	88
67	213	46
69	213	52
70	213	52
79	213	59
80	213	87
83	213	126
85	213	56
87	213	66
92	213	25
93	213	55
100	213	66
103	213	56
104	213	59
106	213	45
107	213	101
109	213	35
110	213	37
111	213	55
112	213	34
113	213	67
122	213	23
124	213	74
125	213	46
126	213	17
134	213	41
135	213	52
137	213	247
138	213	91
139	213	105
140	213	87
142	213	40
143	213	30
146	213	39
149	213	40
151	213	50
153	213	87
155	213	21
156	213	79
159	213	21
161	213	55
163	213	71
164	213	22
165	213	49
169	213	43
170	213	57
171	213	85
173	213	16
174	213	30
176	213	46
177	213	146
178	213	47
179	213	31
180	213	44
183	213	81
184	213	59
185	213	59
195	213	50
196	213	87
197	213	48
198	213	63
202	213	28
204	213	52
209	213	68
210	213	58
211	213	59
212	213	71
213	213	81
214	213	26
215	213	55
217	213	104
219	213	74
220	213	60
221	213	90
25	212	56
32	212	34
33	212	77
35	212	81
36	212	36
37	212	17
38	212	49
40	212	52
45	212	67
58	212	36
59	212	48
60	212	112
62	212	104
66	212	25
67	212	70
68	212	41
71	212	101
73	212	39
75	212	52
79	212	29
88	212	211
89	212	30
91	212	17
96	212	42
99	212	38
100	212	85
102	212	80
103	212	25
104	212	25
106	212	36
115	212	124
117	212	91
125	212	52
126	212	90
127	212	68
128	212	125
130	212	26
132	212	68
135	212	66
136	212	54
138	212	147
139	212	52
141	212	76
143	212	38
147	212	36
148	212	181
151	212	36
152	212	54
153	212	157
154	212	132
156	212	46
159	212	81
160	212	70
161	212	48
162	212	65
163	212	103
164	212	68
165	212	51
167	212	107
168	212	27
173	212	85
174	212	51
175	212	38
176	212	97
177	212	60
179	212	43
180	212	135
186	212	34
187	212	93
189	212	43
191	212	57
192	212	45
195	212	45
196	212	80
200	212	18
201	212	225
202	212	45
206	212	52
208	212	98
210	212	46
213	212	31
221	212	59
224	212	61
18	211	9
21	211	57
27	211	85
33	211	63
36	211	11
37	211	76
38	211	43
45	211	28
46	211	37
53	211	73
58	211	60
59	211	166
60	211	42
62	211	64
63	211	37
66	211	55
68	211	31
70	211	112
73	211	73
74	211	36
76	211	52
82	211	49
85	211	73
88	211	58
92	211	50
94	211	62
95	211	100
96	211	60
99	211	69
102	211	47
104	211	76
106	211	55
107	211	54
110	211	29
113	211	38
116	211	91
119	211	8
120	211	57
121	211	63
122	211	52
123	211	70
126	211	25
129	211	62
134	211	37
137	211	87
139	211	84
141	211	77
144	211	82
145	211	81
146	211	40
147	211	129
148	211	18
150	211	15
153	211	112
154	211	190
158	211	43
159	211	21
160	211	76
161	211	163
162	211	70
164	211	118
167	211	73
168	211	46
171	211	28
175	211	122
177	211	91
181	211	69
184	211	44
186	211	76
190	211	18
194	211	79
204	211	31
205	211	55
208	211	57
211	211	74
216	211	13
217	211	90
221	211	60
225	211	38
228	211	14
27	210	30
29	210	23
32	210	29
33	210	72
35	210	130
36	210	157
37	210	87
39	210	102
41	210	69
42	210	77
49	210	26
51	210	84
56	210	52
58	210	149
59	210	32
60	210	65
61	210	70
62	210	24
63	210	14
67	210	62
73	210	47
78	210	47
82	210	48
85	210	73
86	210	41
93	210	55
94	210	26
96	210	251
97	210	79
99	210	75
100	210	24
101	210	42
104	210	82
105	210	45
106	210	37
108	210	55
112	210	46
113	210	66
114	210	109
115	210	59
116	210	109
119	210	66
122	210	23
123	210	71
125	210	44
126	210	48
127	210	68
129	210	53
133	210	45
134	210	39
139	210	170
144	210	59
147	210	45
148	210	77
150	210	50
151	210	61
152	210	134
154	210	86
155	210	115
158	210	49
160	210	83
162	210	175
163	210	118
164	210	99
165	210	90
166	210	27
167	210	62
168	210	114
169	210	31
170	210	21
172	210	60
173	210	121
174	210	44
175	210	71
177	210	62
181	210	10
182	210	53
194	210	54
197	210	36
202	210	65
204	210	104
220	210	45
222	210	58
223	210	29
229	210	44
20	209	159
21	209	28
24	209	67
30	209	44
31	209	66
33	209	18
34	209	70
37	209	49
41	209	70
42	209	44
48	209	40
50	209	36
52	209	55
55	209	54
56	209	148
61	209	15
62	209	37
63	209	154
65	209	67
67	209	60
68	209	103
69	209	20
75	209	73
77	209	67
78	209	22
79	209	70
80	209	55
82	209	84
86	209	69
87	209	164
90	209	56
96	209	73
98	209	47
99	209	56
101	209	62
102	209	52
104	209	75
106	209	143
107	209	82
108	209	98
109	209	73
112	209	28
113	209	62
115	209	120
116	209	65
117	209	103
118	209	44
119	209	36
121	209	56
123	209	85
124	209	103
125	209	59
126	209	57
127	209	93
129	209	30
130	209	60
131	209	43
136	209	3
140	209	45
143	209	94
144	209	181
148	209	61
149	209	78
150	209	30
151	209	102
152	209	147
154	209	189
155	209	72
156	209	57
157	209	7
158	209	52
160	209	97
161	209	71
163	209	19
164	209	7
165	209	62
166	209	54
167	209	17
168	209	80
169	209	10
175	209	63
176	209	47
178	209	177
180	209	56
193	209	57
198	209	60
199	209	16
206	209	53
209	209	29
212	209	39
215	209	41
217	209	59
21	208	46
26	208	26
29	208	36
30	208	55
34	208	53
35	208	52
36	208	63
39	208	78
40	208	60
45	208	114
46	208	24
54	208	37
58	208	133
59	208	84
61	208	65
63	208	30
64	208	63
69	208	52
71	208	110
72	208	53
73	208	86
76	208	13
77	208	37
78	208	24
80	208	82
81	208	9
82	208	20
83	208	66
85	208	33
87	208	15
89	208	59
91	208	70
98	208	24
102	208	55
103	208	26
110	208	39
112	208	65
113	208	30
114	208	94
115	208	33
116	208	101
119	208	16
120	208	44
123	208	107
124	208	46
126	208	29
128	208	37
129	208	34
130	208	118
131	208	47
132	208	95
133	208	51
134	208	151
135	208	122
136	208	94
137	208	60
140	208	47
141	208	74
142	208	14
146	208	29
147	208	57
149	208	89
151	208	76
152	208	61
154	208	83
155	208	169
157	208	33
158	208	53
159	208	59
160	208	21
165	208	52
166	208	42
167	208	71
169	208	7
174	208	66
180	208	38
187	208	92
195	208	47
200	208	49
205	208	74
207	208	40
212	208	74
214	208	52
216	208	71
220	208	66
221	208	21
236	208	22
17	207	32
26	207	33
31	207	85
32	207	80
33	207	61
34	207	31
39	207	81
40	207	88
42	207	44
45	207	54
47	207	94
49	207	130
52	207	72
53	207	135
58	207	45
60	207	50
62	207	75
65	207	47
66	207	30
67	207	84
68	207	131
70	207	126
72	207	28
74	207	139
75	207	39
78	207	125
79	207	45
80	207	70
81	207	20
82	207	76
89	207	37
90	207	72
92	207	148
100	207	62
104	207	91
106	207	66
107	207	121
109	207	42
111	207	54
116	207	96
117	207	123
121	207	36
127	207	104
128	207	111
129	207	102
131	207	57
133	207	74
138	207	124
141	207	68
142	207	52
144	207	124
147	207	33
148	207	177
149	207	66
152	207	63
153	207	26
154	207	76
155	207	92
159	207	24
160	207	72
162	207	65
164	207	87
166	207	101
167	207	85
170	207	103
171	207	159
173	207	119
174	207	42
176	207	81
177	207	114
178	207	13
179	207	59
181	207	34
188	207	118
189	207	186
191	207	35
200	207	86
201	207	46
202	207	59
207	207	121
208	207	151
209	207	128
210	207	51
211	207	53
213	207	59
220	207	69
224	207	29
226	207	68
230	207	27
234	207	89
236	207	90
29	206	34
30	206	25
32	206	10
33	206	81
39	206	80
40	206	59
43	206	82
46	206	26
48	206	72
50	206	58
51	206	21
54	206	21
56	206	159
57	206	158
58	206	99
59	206	14
62	206	55
63	206	40
65	206	54
70	206	41
71	206	50
74	206	83
75	206	75
79	206	83
84	206	67
86	206	61
97	206	31
99	206	55
101	206	37
107	206	64
113	206	63
114	206	103
118	206	85
120	206	57
121	206	79
122	206	29
127	206	44
133	206	98
135	206	49
136	206	27
138	206	54
139	206	60
140	206	86
141	206	44
142	206	18
143	206	90
144	206	102
147	206	15
148	206	56
149	206	116
150	206	103
152	206	100
153	206	150
154	206	224
156	206	75
161	206	74
162	206	79
163	206	13
164	206	47
165	206	46
170	206	72
174	206	49
175	206	26
178	206	24
179	206	65
182	206	22
183	206	139
184	206	47
185	206	26
186	206	116
187	206	58
188	206	80
189	206	97
190	206	98
191	206	67
192	206	79
193	206	116
194	206	61
195	206	101
201	206	44
202	206	22
204	206	97
208	206	56
210	206	15
212	206	16
215	206	46
217	206	66
218	206	87
220	206	22
230	206	28
233	206	48
15	205	20
16	205	33
18	205	21
32	205	57
34	205	37
35	205	42
36	205	25
37	205	66
38	205	85
40	205	50
41	205	106
43	205	91
45	205	77
48	205	56
50	205	10
51	205	45
53	205	30
54	205	66
55	205	71
56	205	80
58	205	42
65	205	123
66	205	73
85	205	115
88	205	3
90	205	49
92	205	19
93	205	30
94	205	12
95	205	23
99	205	59
101	205	39
102	205	38
103	205	47
104	205	17
105	205	37
113	205	8
116	205	68
117	205	24
118	205	52
122	205	97
123	205	56
124	205	100
125	205	55
126	205	42
128	205	83
132	205	143
133	205	26
138	205	84
141	205	15
142	205	62
143	205	168
144	205	74
145	205	67
152	205	27
154	205	19
155	205	53
159	205	20
160	205	46
162	205	76
163	205	56
164	205	128
167	205	167
170	205	68
171	205	15
174	205	71
175	205	63
177	205	41
178	205	49
179	205	32
180	205	16
184	205	78
185	205	51
189	205	39
191	205	65
192	205	42
194	205	95
195	205	166
196	205	25
197	205	74
198	205	134
201	205	13
203	205	62
208	205	97
212	205	52
219	205	67
221	205	73
222	205	139
227	205	59
232	205	69
233	205	40
23	204	56
25	204	53
32	204	104
35	204	73
37	204	41
39	204	24
40	204	52
42	204	34
44	204	29
47	204	33
48	204	78
51	204	22
52	204	52
54	204	217
55	204	82
58	204	67
59	204	61
60	204	16
68	204	41
70	204	71
72	204	39
75	204	87
76	204	33
78	204	44
79	204	61
84	204	78
86	204	25
87	204	41
88	204	77
90	204	69
91	204	146
92	204	75
93	204	60
95	204	51
99	204	37
100	204	65
104	204	141
105	204	19
107	204	25
108	204	30
109	204	59
110	204	39
112	204	35
116	204	66
117	204	87
118	204	66
119	204	125
121	204	21
131	204	44
132	204	190
139	204	19
143	204	75
144	204	42
145	204	47
149	204	141
150	204	50
153	204	51
155	204	54
156	204	82
157	204	50
158	204	29
159	204	55
161	204	176
163	204	25
164	204	42
165	204	115
166	204	22
167	204	70
168	204	41
170	204	110
171	204	7
173	204	39
176	204	176
179	204	144
180	204	132
182	204	24
184	204	86
185	204	41
186	204	137
189	204	38
190	204	34
196	204	103
197	204	54
198	204	47
203	204	62
206	204	32
210	204	56
218	204	27
222	204	34
223	204	67
233	204	87
38	203	57
39	203	54
40	203	40
41	203	68
43	203	31
44	203	87
46	203	96
50	203	22
55	203	49
56	203	68
57	203	67
58	203	99
62	203	58
63	203	10
64	203	65
68	203	93
69	203	90
70	203	31
71	203	66
73	203	37
74	203	64
80	203	29
81	203	77
84	203	83
89	203	23
90	203	37
93	203	56
95	203	99
96	203	52
99	203	78
102	203	30
103	203	57
106	203	101
107	203	36
110	203	66
111	203	70
113	203	22
116	203	49
118	203	94
119	203	36
120	203	62
121	203	15
125	203	72
126	203	100
127	203	50
128	203	31
131	203	43
135	203	47
136	203	21
137	203	61
143	203	55
144	203	38
146	203	83
147	203	73
148	203	52
149	203	50
150	203	32
152	203	64
155	203	36
158	203	41
161	203	17
162	203	31
163	203	178
166	203	115
167	203	42
168	203	62
170	203	59
171	203	26
172	203	19
175	203	93
177	203	42
178	203	67
179	203	29
180	203	64
181	203	49
183	203	21
185	203	53
187	203	38
189	203	74
192	203	26
200	203	86
201	203	75
203	203	183
205	203	45
209	203	67
212	203	50
214	203	130
215	203	35
217	203	31
218	203	42
220	203	65
224	203	45
226	203	52
238	203	42
17	202	92
27	202	74
28	202	44
30	202	63
31	202	19
34	202	75
36	202	33
38	202	67
41	202	27
47	202	96
48	202	49
49	202	75
52	202	43
54	202	85
56	202	30
57	202	35
58	202	132
59	202	91
60	202	29
61	202	142
62	202	131
63	202	21
66	202	35
68	202	114
71	202	75
72	202	103
73	202	20
75	202	53
76	202	25
77	202	42
78	202	51
81	202	22
82	202	56
83	202	44
84	202	95
85	202	54
86	202	75
87	202	79
88	202	75
91	202	38
93	202	152
94	202	37
95	202	60
98	202	78
99	202	92
103	202	76
108	202	176
110	202	108
111	202	70
112	202	51
115	202	181
117	202	85
121	202	88
124	202	32
127	202	24
128	202	59
129	202	50
130	202	157
132	202	63
136	202	18
137	202	63
138	202	71
143	202	60
146	202	103
147	202	60
148	202	83
149	202	42
150	202	102
151	202	57
152	202	43
153	202	197
154	202	65
155	202	107
156	202	77
160	202	36
161	202	34
162	202	33
163	202	36
164	202	58
165	202	19
166	202	42
168	202	16
170	202	90
171	202	91
173	202	62
174	202	29
175	202	97
178	202	38
179	202	57
181	202	161
183	202	74
184	202	27
185	202	71
187	202	66
188	202	78
191	202	133
198	202	44
199	202	25
201	202	23
202	202	128
203	202	76
204	202	64
206	202	168
207	202	101
208	202	39
210	202	22
212	202	40
213	202	165
215	202	36
219	202	77
221	202	60
230	202	67
239	202	34
242	202	38
18	201	69
20	201	78
24	201	57
25	201	121
30	201	28
32	201	58
41	201	58
46	201	24
47	201	74
48	201	80
50	201	64
51	201	43
52	201	4
53	201	69
54	201	14
55	201	103
56	201	60
57	201	138
59	201	91
60	201	22
61	201	47
62	201	55
64	201	47
65	201	70
67	201	104
69	201	32
70	201	49
72	201	81
77	201	52
78	201	29
80	201	103
82	201	180
84	201	114
85	201	45
86	201	68
87	201	157
88	201	39
89	201	67
91	201	130
92	201	12
93	201	57
94	201	15
95	201	50
96	201	64
103	201	87
106	201	16
108	201	50
109	201	53
110	201	49
112	201	39
114	201	77
115	201	64
116	201	128
120	201	41
121	201	15
122	201	25
123	201	11
125	201	29
126	201	42
129	201	136
131	201	147
133	201	46
135	201	71
142	201	58
144	201	61
147	201	61
148	201	154
149	201	59
150	201	31
151	201	149
152	201	30
154	201	134
156	201	21
157	201	155
160	201	30
161	201	235
162	201	179
164	201	51
165	201	62
168	201	59
172	201	72
173	201	71
176	201	115
177	201	91
178	201	41
179	201	21
180	201	47
181	201	56
182	201	87
184	201	23
185	201	36
186	201	71
187	201	51
197	201	30
199	201	85
201	201	59
203	201	47
205	201	67
206	201	60
207	201	62
208	201	92
212	201	48
214	201	84
219	201	20
220	201	52
224	201	25
225	201	50
228	201	7
239	201	41
24	200	45
26	200	62
29	200	58
32	200	72
35	200	83
38	200	44
39	200	62
46	200	110
48	200	24
51	200	68
53	200	62
# chipNumber: 4
# chipName:   G 10 W69
# numHits:    10
12	148	33
14	148	77
18	132	28
18	131	160
15	130	59
26	129	54
26	128	23
25	127	25
16	120	45
10	114	62
# chipNumber: 5
# chipName:   D 9 W69
# numHits:    0
# chipNumber: 6
# chipName:   L 8 W69
# numHits:    2
166	233	11810
234	203	11810
