## [General]
## runNumber:        241
## runTime:       	 7200
## runTimeFrames: 	 0
## pathName:         data/runs/Run_241_181022-16-16
## dateTime:         2018-10-22.16:39:12
## numChips:         7
## shutterTime:      30
## shutterMode:      verylong
## runMode:          0
## fastClock:        0
## externalTrigger:  0
## [Event]
## eventNumber:      1821
## useHvFadc:    	 1
## fadcReadout:    	 1
## szint1ClockInt:	 0
## szint2ClockInt:	 0
## fadcTriggerClock: 0
# chipNumber: 0
# chipName:   E 6 W69
# numHits:    0
# chipNumber: 1
# chipName:   K 6 W69
# numHits:    0
# chipNumber: 2
# chipName:   H 9 W69
# numHits:    208
101	232	29
80	229	29
84	229	83
77	227	80
94	226	49
69	220	51
96	217	69
88	216	44
101	216	22
122	211	74
86	210	62
83	208	48
105	207	44
122	207	66
84	206	41
96	204	28
90	203	39
99	203	38
101	200	65
102	199	59
103	199	37
113	194	80
110	191	54
114	186	41
99	184	48
113	173	12
115	172	16
121	167	45
118	162	46
125	160	77
126	160	30
135	155	73
114	151	43
131	151	20
131	149	40
118	147	38
121	147	73
146	147	56
240	147	50
118	146	41
119	146	49
139	143	56
244	141	48
128	136	38
133	136	47
238	135	60
115	132	27
236	132	22
131	131	25
247	130	21
234	127	73
139	124	25
138	121	34
141	121	59
144	119	25
148	117	53
140	116	59
141	116	70
241	116	2
151	114	56
127	112	51
140	112	87
147	111	24
143	105	58
154	104	24
78	101	78
142	101	55
85	100	57
131	100	30
132	99	19
90	97	80
88	96	67
78	95	42
108	95	67
151	95	18
89	94	57
83	93	37
82	92	77
80	91	70
94	91	43
87	90	19
61	89	24
75	89	29
65	88	49
78	88	54
77	87	43
81	87	64
83	87	51
155	87	64
64	86	75
156	86	40
91	85	98
160	85	41
66	84	23
80	84	38
87	84	26
88	84	33
68	83	44
80	83	79
83	83	94
159	83	37
63	82	60
69	82	70
72	82	70
77	82	46
82	82	42
74	81	41
87	81	60
95	81	37
149	81	57
71	80	74
83	80	78
91	80	65
92	80	77
154	80	70
73	79	22
79	79	83
149	79	63
152	79	86
153	79	49
165	79	57
78	78	45
85	78	84
95	78	43
65	77	120
70	77	54
73	77	34
85	77	69
86	77	44
87	77	70
96	77	34
148	77	13
152	77	27
64	76	29
71	76	49
83	76	65
92	76	30
93	76	53
63	75	43
86	75	24
91	75	80
99	75	33
74	74	38
79	74	45
83	74	58
84	74	37
91	74	91
92	74	24
95	74	38
98	74	33
57	73	70
59	73	58
63	73	56
68	73	14
72	73	44
84	73	69
94	73	80
109	73	31
80	72	49
67	71	29
82	71	57
84	71	39
93	71	27
97	71	51
98	71	27
67	70	31
96	70	20
71	69	55
76	69	38
65	68	48
70	68	34
75	68	57
87	68	35
69	67	57
87	67	77
99	67	122
110	67	55
74	66	43
70	65	43
71	65	89
74	65	73
94	65	26
98	65	45
164	65	57
165	65	41
70	64	78
77	64	46
81	64	73
84	64	48
163	64	59
70	63	46
102	63	66
78	62	32
103	62	23
68	61	60
76	61	66
85	61	37
90	61	45
72	60	52
88	60	29
91	57	54
92	56	62
97	56	41
86	54	61
84	53	80
89	52	87
90	52	48
55	50	33
# chipNumber: 3
# chipName:   H 10 W69
# numHits:    20999
79	234	48
81	234	103
82	234	45
83	234	87
84	234	42
85	234	65
87	234	48
88	234	45
89	234	58
90	234	29
91	234	208
92	234	125
93	234	49
94	234	190
95	234	102
96	234	74
97	234	86
99	234	90
100	234	72
101	234	113
103	234	19
106	234	46
108	234	37
109	234	57
111	234	89
113	234	59
114	234	4
115	234	34
116	234	23
120	234	24
122	234	86
124	234	54
125	234	62
126	234	179
134	234	56
142	234	30
143	234	60
148	234	96
149	234	51
150	234	70
153	234	24
155	234	99
156	234	32
160	234	37
168	234	70
170	234	49
171	234	16
174	234	36
175	234	55
177	234	30
182	234	59
184	234	69
185	234	90
186	234	118
188	234	50
190	234	61
192	234	65
195	234	48
197	234	67
200	234	49
203	234	15
206	234	9
210	234	23
213	234	72
217	234	35
218	234	62
219	234	16
220	234	17
221	234	59
226	234	82
229	234	42
18	233	39
19	233	42
30	233	52
44	233	81
50	233	48
51	233	23
53	233	63
54	233	171
57	233	116
58	233	42
61	233	111
68	233	43
70	233	152
71	233	119
75	233	39
79	233	32
82	233	61
84	233	29
85	233	77
87	233	35
88	233	54
89	233	106
90	233	98
91	233	83
92	233	43
94	233	116
95	233	47
96	233	63
99	233	22
101	233	27
104	233	70
106	233	51
121	233	22
122	233	32
123	233	99
126	233	105
127	233	78
128	233	26
134	233	18
137	233	30
140	233	64
142	233	30
145	233	60
146	233	100
147	233	55
150	233	87
151	233	44
153	233	121
155	233	104
156	233	17
157	233	25
159	233	23
163	233	42
165	233	39
167	233	71
172	233	62
173	233	88
174	233	21
178	233	49
180	233	132
181	233	69
183	233	31
184	233	70
186	233	55
188	233	99
189	233	60
190	233	39
191	233	67
192	233	123
194	233	53
201	233	44
203	233	29
204	233	54
206	233	89
209	233	95
210	233	24
213	233	74
214	233	122
217	233	36
218	233	15
224	233	43
229	233	78
233	233	48
238	233	11
33	232	50
36	232	48
37	232	37
39	232	46
45	232	28
49	232	52
50	232	90
51	232	22
54	232	62
55	232	37
59	232	39
61	232	65
62	232	34
63	232	17
64	232	40
65	232	73
68	232	90
71	232	98
73	232	48
75	232	96
78	232	90
79	232	38
81	232	22
82	232	38
84	232	50
85	232	68
86	232	78
87	232	138
88	232	71
89	232	93
90	232	9
91	232	59
92	232	59
93	232	34
94	232	79
95	232	74
96	232	41
97	232	54
98	232	36
99	232	54
100	232	49
101	232	60
102	232	38
107	232	89
110	232	126
113	232	85
117	232	73
123	232	44
125	232	45
128	232	125
140	232	120
144	232	95
147	232	56
148	232	74
153	232	87
155	232	83
156	232	37
161	232	90
163	232	52
164	232	65
166	232	66
167	232	29
168	232	81
170	232	56
171	232	41
172	232	68
174	232	42
179	232	74
180	232	25
181	232	52
182	232	66
183	232	26
184	232	74
185	232	112
186	232	21
188	232	144
190	232	114
192	232	55
193	232	40
194	232	132
195	232	70
196	232	99
197	232	17
201	232	55
203	232	89
205	232	56
206	232	79
207	232	42
211	232	60
213	232	99
214	232	72
215	232	48
217	232	61
218	232	68
225	232	103
227	232	32
29	231	57
32	231	42
35	231	43
39	231	17
45	231	39
51	231	42
54	231	26
61	231	55
63	231	40
64	231	62
66	231	21
67	231	87
68	231	8
69	231	29
70	231	31
71	231	38
72	231	73
75	231	83
76	231	86
77	231	98
78	231	46
81	231	48
82	231	41
83	231	33
84	231	47
88	231	46
89	231	86
90	231	29
91	231	142
92	231	82
93	231	105
94	231	35
98	231	49
100	231	40
106	231	91
110	231	16
111	231	62
126	231	67
129	231	104
131	231	39
143	231	143
145	231	45
150	231	63
157	231	61
158	231	69
159	231	34
161	231	146
170	231	57
171	231	23
172	231	17
173	231	66
180	231	78
181	231	25
183	231	108
184	231	55
185	231	90
186	231	61
187	231	93
189	231	49
191	231	120
192	231	103
193	231	51
194	231	111
195	231	131
196	231	84
198	231	103
200	231	28
206	231	151
210	231	89
211	231	55
214	231	18
217	231	29
218	231	86
222	231	38
27	230	50
30	230	30
36	230	33
39	230	11
42	230	68
44	230	47
47	230	30
49	230	81
52	230	90
53	230	17
54	230	140
55	230	60
56	230	59
58	230	49
59	230	65
63	230	91
64	230	78
65	230	60
67	230	96
68	230	94
69	230	36
70	230	107
72	230	36
73	230	38
80	230	59
81	230	25
82	230	305
84	230	43
88	230	59
92	230	27
93	230	25
94	230	37
95	230	83
96	230	70
97	230	88
101	230	59
102	230	49
103	230	97
106	230	66
107	230	55
109	230	68
110	230	35
111	230	34
115	230	42
121	230	57
122	230	79
124	230	51
130	230	91
135	230	103
138	230	50
142	230	55
143	230	82
144	230	75
150	230	41
152	230	27
155	230	115
158	230	61
159	230	225
162	230	89
163	230	180
169	230	106
172	230	107
178	230	128
179	230	30
180	230	146
181	230	98
182	230	135
183	230	120
184	230	84
185	230	67
187	230	56
188	230	169
189	230	32
190	230	80
192	230	45
194	230	120
195	230	77
197	230	288
199	230	69
202	230	41
205	230	41
207	230	35
208	230	25
209	230	149
210	230	77
211	230	168
212	230	41
213	230	74
214	230	54
216	230	53
218	230	183
220	230	70
223	230	6
236	230	44
13	229	25
26	229	32
28	229	5
31	229	57
35	229	44
36	229	35
42	229	100
51	229	44
52	229	154
54	229	20
55	229	36
56	229	29
58	229	80
59	229	43
62	229	38
64	229	22
65	229	65
67	229	63
68	229	55
70	229	81
72	229	154
73	229	163
74	229	157
75	229	51
76	229	85
79	229	58
80	229	38
81	229	61
82	229	10
83	229	142
84	229	175
85	229	31
86	229	53
87	229	73
88	229	21
89	229	160
90	229	21
93	229	83
95	229	80
99	229	58
105	229	153
106	229	59
107	229	44
108	229	55
109	229	62
110	229	119
117	229	37
118	229	26
120	229	70
121	229	86
128	229	53
131	229	69
134	229	54
140	229	40
142	229	67
146	229	28
152	229	41
154	229	15
158	229	101
159	229	16
160	229	41
161	229	34
162	229	50
166	229	62
178	229	40
179	229	65
180	229	113
181	229	112
182	229	220
183	229	24
184	229	70
185	229	77
186	229	56
187	229	141
188	229	135
197	229	46
198	229	55
199	229	79
200	229	147
201	229	35
202	229	22
205	229	94
207	229	67
209	229	62
210	229	84
211	229	37
212	229	91
215	229	49
217	229	35
222	229	80
223	229	79
224	229	126
225	229	63
228	229	61
232	229	58
11	228	46
28	228	37
29	228	25
30	228	101
31	228	22
38	228	36
39	228	76
43	228	60
45	228	36
51	228	82
53	228	29
55	228	99
58	228	143
59	228	34
61	228	43
62	228	64
65	228	198
68	228	88
69	228	20
70	228	56
71	228	103
73	228	124
75	228	58
76	228	58
77	228	156
79	228	25
82	228	137
83	228	17
84	228	81
85	228	91
89	228	116
90	228	51
91	228	31
92	228	170
93	228	29
95	228	41
98	228	41
99	228	96
106	228	69
107	228	113
112	228	53
113	228	74
118	228	29
119	228	66
120	228	26
121	228	90
124	228	18
126	228	36
129	228	75
130	228	99
131	228	101
133	228	14
135	228	43
142	228	33
144	228	30
146	228	23
147	228	57
148	228	56
149	228	47
153	228	26
156	228	27
167	228	10
170	228	49
171	228	35
174	228	36
177	228	62
178	228	180
180	228	109
183	228	44
185	228	116
188	228	27
192	228	164
193	228	36
197	228	31
198	228	164
200	228	17
201	228	43
202	228	54
204	228	48
205	228	125
206	228	17
207	228	61
208	228	111
209	228	63
211	228	82
212	228	77
215	228	70
219	228	83
221	228	20
224	228	46
226	228	7
229	228	72
24	227	45
27	227	45
29	227	80
30	227	48
40	227	81
43	227	95
44	227	71
45	227	23
47	227	76
48	227	74
49	227	33
54	227	28
55	227	159
58	227	61
59	227	49
62	227	59
63	227	93
65	227	61
66	227	63
68	227	186
72	227	29
73	227	120
75	227	64
76	227	62
77	227	58
78	227	68
80	227	56
83	227	30
86	227	80
87	227	81
88	227	81
89	227	272
90	227	69
91	227	11
93	227	86
95	227	24
96	227	58
98	227	20
101	227	23
105	227	15
107	227	33
108	227	29
116	227	59
117	227	30
118	227	40
123	227	52
126	227	47
129	227	57
134	227	126
135	227	36
136	227	70
138	227	29
139	227	20
140	227	57
141	227	25
144	227	82
152	227	71
155	227	55
156	227	73
157	227	123
160	227	34
168	227	65
169	227	142
173	227	41
177	227	193
180	227	64
181	227	66
182	227	73
185	227	77
189	227	54
190	227	26
191	227	24
193	227	29
194	227	86
197	227	59
199	227	61
202	227	131
203	227	79
204	227	20
206	227	75
207	227	160
208	227	39
209	227	16
212	227	55
213	227	167
214	227	70
216	227	88
217	227	39
222	227	88
223	227	26
12	226	48
30	226	23
31	226	76
32	226	53
39	226	55
43	226	76
45	226	41
52	226	61
54	226	187
56	226	68
59	226	37
61	226	20
62	226	83
63	226	26
64	226	40
65	226	65
66	226	68
68	226	118
70	226	56
71	226	78
72	226	46
74	226	61
75	226	150
76	226	76
77	226	61
80	226	106
81	226	47
84	226	49
86	226	83
87	226	137
89	226	102
90	226	60
91	226	145
93	226	50
96	226	11
101	226	122
104	226	34
107	226	77
111	226	111
117	226	52
118	226	81
122	226	27
123	226	73
127	226	47
130	226	25
133	226	39
135	226	43
136	226	75
137	226	43
138	226	39
141	226	28
148	226	132
149	226	40
150	226	43
154	226	20
159	226	41
162	226	63
163	226	17
165	226	48
172	226	30
173	226	39
174	226	52
175	226	125
176	226	65
177	226	75
178	226	70
181	226	25
182	226	125
183	226	75
184	226	84
185	226	129
186	226	79
188	226	95
189	226	148
190	226	37
191	226	126
192	226	65
195	226	64
196	226	36
198	226	174
199	226	58
200	226	49
202	226	64
204	226	77
205	226	132
207	226	44
208	226	145
210	226	96
211	226	57
213	226	79
214	226	70
216	226	100
218	226	29
232	226	16
233	226	43
15	225	46
16	225	20
21	225	26
27	225	41
28	225	61
29	225	21
30	225	77
32	225	16
33	225	66
36	225	81
37	225	78
38	225	74
39	225	34
40	225	42
42	225	80
43	225	122
48	225	60
51	225	41
52	225	70
54	225	81
58	225	79
59	225	49
62	225	100
64	225	66
66	225	34
67	225	68
68	225	72
70	225	107
72	225	74
73	225	61
74	225	126
75	225	228
76	225	46
79	225	81
80	225	54
85	225	42
87	225	19
93	225	87
94	225	69
95	225	19
97	225	184
103	225	37
104	225	71
108	225	67
117	225	41
118	225	52
119	225	130
120	225	105
130	225	31
132	225	24
133	225	45
142	225	31
144	225	55
145	225	42
146	225	36
149	225	41
150	225	24
152	225	13
153	225	86
154	225	56
157	225	110
158	225	55
159	225	90
160	225	46
162	225	61
166	225	16
170	225	89
171	225	49
172	225	97
174	225	52
175	225	92
178	225	146
179	225	166
180	225	65
181	225	89
182	225	81
183	225	92
184	225	115
185	225	49
186	225	137
189	225	218
190	225	24
192	225	224
193	225	79
194	225	207
196	225	57
197	225	122
198	225	234
199	225	47
201	225	131
202	225	121
206	225	145
207	225	66
208	225	104
209	225	136
210	225	58
211	225	91
213	225	144
216	225	46
218	225	23
226	225	43
229	225	56
233	225	64
236	225	94
21	224	49
25	224	67
30	224	54
39	224	51
40	224	53
41	224	102
44	224	33
45	224	47
50	224	88
51	224	15
58	224	63
59	224	64
61	224	53
68	224	61
69	224	245
70	224	120
73	224	54
74	224	51
75	224	138
76	224	49
80	224	118
81	224	52
82	224	53
83	224	37
84	224	15
85	224	61
86	224	91
88	224	27
90	224	48
92	224	50
94	224	107
95	224	31
98	224	55
99	224	65
100	224	44
109	224	53
112	224	74
113	224	20
114	224	41
119	224	49
133	224	22
138	224	56
139	224	45
140	224	72
145	224	54
154	224	63
155	224	48
163	224	80
164	224	51
167	224	101
170	224	63
172	224	138
174	224	70
175	224	66
178	224	77
179	224	78
181	224	67
182	224	210
183	224	40
184	224	141
185	224	99
186	224	185
187	224	61
188	224	213
189	224	66
190	224	98
191	224	68
192	224	142
194	224	63
198	224	63
199	224	64
200	224	106
202	224	14
203	224	79
205	224	47
206	224	67
208	224	52
209	224	21
210	224	59
211	224	42
212	224	145
213	224	74
214	224	48
215	224	74
216	224	49
220	224	42
223	224	65
224	224	69
229	224	34
230	224	58
21	223	61
24	223	23
40	223	135
45	223	52
47	223	49
52	223	33
55	223	28
59	223	66
62	223	169
63	223	66
65	223	37
71	223	103
73	223	48
74	223	94
76	223	15
78	223	69
80	223	62
81	223	127
82	223	5
83	223	62
85	223	63
88	223	81
90	223	33
91	223	62
92	223	102
94	223	58
96	223	100
97	223	69
101	223	95
102	223	56
104	223	134
105	223	29
107	223	114
114	223	58
118	223	72
127	223	56
130	223	23
131	223	22
132	223	37
133	223	49
135	223	34
136	223	84
137	223	10
138	223	122
140	223	53
143	223	91
146	223	72
148	223	38
152	223	41
153	223	20
154	223	31
156	223	43
157	223	44
158	223	61
159	223	56
163	223	39
164	223	121
166	223	145
173	223	53
181	223	142
182	223	122
184	223	108
185	223	101
187	223	29
188	223	38
189	223	81
190	223	78
191	223	88
192	223	45
195	223	117
196	223	33
197	223	89
200	223	174
201	223	82
202	223	207
203	223	151
204	223	159
207	223	27
208	223	63
209	223	40
210	223	110
211	223	87
213	223	120
216	223	30
220	223	102
221	223	115
222	223	60
226	223	57
228	223	48
229	223	54
233	223	32
20	222	10
26	222	51
31	222	56
38	222	73
40	222	96
42	222	95
44	222	66
47	222	25
51	222	20
53	222	91
55	222	38
57	222	41
58	222	20
60	222	152
62	222	43
64	222	50
67	222	225
68	222	67
69	222	94
71	222	57
72	222	34
73	222	109
74	222	30
75	222	102
76	222	114
77	222	87
79	222	51
80	222	75
83	222	76
84	222	113
85	222	71
87	222	84
89	222	54
90	222	60
93	222	28
94	222	131
96	222	22
99	222	48
100	222	128
101	222	146
104	222	82
106	222	109
107	222	67
111	222	63
112	222	59
114	222	45
117	222	120
121	222	44
123	222	139
124	222	40
129	222	3
131	222	46
135	222	136
136	222	76
138	222	65
140	222	55
149	222	67
150	222	40
151	222	75
154	222	40
158	222	105
160	222	32
163	222	7
166	222	26
167	222	56
169	222	75
170	222	87
171	222	17
172	222	52
173	222	60
174	222	119
176	222	54
177	222	41
178	222	68
179	222	106
180	222	30
181	222	73
182	222	140
184	222	205
185	222	57
186	222	115
187	222	77
188	222	101
189	222	259
190	222	20
191	222	60
192	222	201
193	222	44
197	222	54
199	222	218
200	222	105
201	222	45
202	222	111
203	222	26
204	222	24
206	222	66
207	222	45
208	222	23
210	222	94
212	222	160
213	222	75
214	222	140
215	222	51
219	222	67
220	222	112
228	222	94
229	222	21
232	222	77
233	222	93
241	222	78
246	222	45
18	221	50
21	221	39
39	221	53
40	221	34
43	221	106
44	221	54
52	221	30
53	221	49
55	221	43
58	221	139
60	221	24
61	221	43
63	221	28
64	221	94
65	221	62
66	221	75
67	221	59
68	221	6
70	221	16
72	221	71
73	221	19
74	221	49
75	221	41
76	221	59
77	221	52
78	221	98
79	221	60
81	221	38
82	221	73
83	221	119
87	221	21
89	221	59
90	221	93
92	221	58
99	221	17
105	221	45
109	221	40
112	221	87
113	221	25
121	221	79
122	221	23
123	221	25
124	221	12
127	221	71
129	221	41
135	221	64
136	221	45
142	221	23
143	221	59
145	221	47
152	221	10
153	221	42
154	221	65
160	221	52
161	221	31
162	221	65
163	221	68
176	221	37
178	221	78
179	221	30
180	221	86
181	221	48
183	221	155
184	221	55
185	221	110
186	221	89
187	221	63
189	221	97
190	221	92
192	221	38
196	221	71
197	221	22
199	221	95
201	221	182
203	221	102
204	221	110
205	221	95
206	221	55
207	221	35
209	221	28
210	221	59
212	221	51
213	221	134
215	221	94
219	221	105
221	221	57
226	221	93
229	221	36
233	221	89
234	221	50
27	220	135
32	220	57
37	220	56
38	220	103
40	220	186
42	220	145
47	220	18
48	220	35
51	220	15
52	220	64
55	220	112
57	220	78
59	220	79
60	220	60
62	220	167
63	220	26
65	220	30
67	220	66
69	220	30
70	220	95
72	220	113
73	220	59
74	220	111
75	220	79
76	220	41
77	220	151
78	220	65
79	220	211
80	220	69
81	220	80
83	220	167
84	220	42
85	220	184
86	220	94
87	220	150
90	220	24
91	220	57
92	220	129
97	220	81
98	220	62
99	220	45
100	220	53
101	220	35
102	220	172
104	220	26
105	220	100
108	220	44
110	220	37
116	220	63
119	220	33
120	220	72
122	220	82
123	220	60
125	220	58
134	220	53
138	220	55
147	220	39
148	220	68
149	220	26
150	220	30
151	220	75
152	220	40
153	220	92
154	220	44
158	220	21
171	220	50
176	220	59
177	220	62
178	220	144
179	220	83
180	220	33
182	220	27
184	220	42
185	220	53
186	220	77
187	220	92
188	220	122
189	220	68
190	220	87
191	220	128
193	220	44
195	220	38
196	220	22
197	220	142
198	220	163
199	220	71
200	220	28
201	220	68
202	220	39
203	220	14
204	220	45
205	220	57
207	220	144
208	220	135
209	220	99
211	220	54
212	220	101
213	220	87
214	220	122
215	220	59
216	220	64
217	220	77
218	220	54
219	220	42
220	220	71
222	220	63
223	220	52
225	220	98
226	220	63
228	220	43
232	220	65
234	220	21
14	219	31
23	219	84
25	219	41
29	219	62
33	219	69
40	219	40
44	219	24
45	219	90
47	219	60
51	219	77
53	219	73
57	219	44
58	219	86
59	219	44
62	219	83
65	219	36
67	219	95
69	219	115
71	219	123
72	219	137
74	219	27
75	219	37
76	219	133
80	219	75
83	219	120
84	219	67
85	219	91
86	219	24
87	219	56
88	219	120
92	219	102
93	219	59
97	219	50
98	219	25
100	219	94
104	219	38
106	219	24
108	219	60
111	219	70
114	219	38
116	219	8
117	219	63
119	219	38
120	219	29
121	219	70
123	219	21
128	219	68
129	219	33
130	219	49
134	219	23
135	219	173
138	219	63
140	219	76
141	219	66
143	219	63
144	219	19
145	219	62
146	219	93
147	219	72
148	219	65
151	219	59
153	219	54
155	219	17
156	219	101
158	219	27
159	219	71
164	219	46
168	219	62
169	219	49
171	219	49
172	219	50
174	219	75
175	219	84
180	219	93
181	219	120
182	219	52
183	219	118
184	219	76
185	219	92
186	219	54
187	219	49
188	219	35
190	219	131
192	219	197
193	219	126
194	219	22
195	219	108
196	219	101
197	219	18
198	219	83
199	219	158
200	219	108
201	219	98
206	219	17
208	219	234
209	219	46
210	219	170
211	219	25
213	219	162
214	219	82
215	219	124
216	219	75
217	219	16
218	219	6
219	219	79
220	219	15
225	219	28
231	219	54
23	218	61
29	218	16
30	218	109
33	218	82
37	218	40
38	218	160
39	218	25
40	218	41
43	218	47
44	218	58
50	218	51
52	218	138
61	218	46
64	218	69
65	218	53
66	218	64
67	218	42
68	218	36
69	218	70
70	218	60
71	218	147
72	218	170
73	218	80
74	218	86
75	218	80
76	218	109
77	218	49
78	218	159
79	218	31
80	218	126
82	218	41
83	218	115
84	218	142
85	218	93
87	218	67
88	218	182
89	218	71
91	218	40
92	218	120
93	218	113
95	218	54
96	218	24
98	218	74
103	218	148
104	218	54
105	218	147
106	218	34
108	218	130
109	218	52
110	218	77
112	218	128
113	218	36
115	218	29
116	218	83
118	218	60
123	218	52
124	218	57
127	218	47
129	218	147
132	218	36
133	218	70
137	218	36
138	218	69
141	218	46
143	218	95
145	218	75
146	218	84
147	218	24
148	218	46
150	218	92
152	218	121
153	218	51
158	218	83
159	218	35
160	218	105
163	218	32
167	218	73
169	218	100
170	218	90
171	218	62
172	218	47
174	218	60
175	218	15
177	218	45
178	218	107
181	218	8
182	218	140
184	218	122
185	218	17
186	218	218
188	218	142
189	218	58
192	218	93
193	218	62
196	218	149
197	218	159
198	218	102
199	218	217
200	218	171
201	218	130
202	218	101
203	218	59
204	218	54
205	218	75
206	218	89
207	218	67
208	218	157
209	218	17
210	218	57
211	218	51
212	218	68
214	218	126
223	218	35
224	218	44
225	218	172
226	218	65
230	218	28
235	218	38
19	217	47
28	217	98
40	217	37
43	217	55
44	217	75
47	217	183
54	217	57
56	217	112
58	217	22
60	217	54
61	217	38
62	217	15
63	217	69
64	217	49
65	217	175
66	217	78
68	217	62
70	217	105
71	217	81
72	217	41
73	217	76
75	217	78
78	217	63
79	217	18
80	217	157
83	217	19
85	217	79
86	217	175
87	217	44
88	217	58
89	217	232
90	217	144
91	217	123
93	217	49
96	217	43
98	217	69
99	217	87
100	217	193
101	217	82
103	217	71
104	217	38
108	217	49
109	217	66
110	217	95
111	217	54
116	217	76
119	217	69
124	217	88
129	217	84
131	217	38
137	217	23
138	217	78
141	217	53
144	217	62
147	217	114
151	217	16
155	217	42
156	217	66
157	217	76
159	217	62
160	217	129
163	217	36
167	217	77
169	217	53
170	217	48
171	217	30
172	217	57
173	217	44
175	217	126
176	217	58
177	217	62
179	217	56
183	217	73
184	217	65
185	217	79
186	217	242
187	217	97
189	217	48
190	217	134
193	217	62
194	217	85
196	217	150
197	217	41
199	217	22
201	217	114
202	217	145
203	217	130
204	217	97
205	217	81
206	217	73
207	217	114
209	217	27
211	217	84
212	217	45
213	217	84
215	217	94
217	217	33
220	217	50
223	217	83
225	217	26
228	217	39
229	217	31
243	217	31
16	216	84
17	216	23
23	216	51
24	216	43
27	216	18
30	216	100
34	216	45
37	216	86
38	216	85
44	216	46
45	216	38
48	216	70
51	216	35
52	216	64
54	216	75
56	216	46
59	216	86
60	216	21
61	216	58
62	216	65
63	216	52
64	216	84
65	216	151
66	216	51
67	216	37
69	216	59
72	216	22
73	216	54
74	216	72
76	216	71
77	216	18
80	216	120
81	216	39
82	216	43
83	216	55
84	216	86
86	216	48
87	216	34
88	216	70
89	216	86
93	216	61
94	216	89
95	216	55
96	216	22
100	216	160
103	216	209
107	216	54
110	216	22
118	216	55
125	216	94
130	216	62
131	216	34
133	216	43
135	216	76
136	216	78
143	216	43
147	216	45
154	216	50
155	216	120
157	216	20
163	216	80
166	216	91
170	216	40
177	216	65
179	216	60
180	216	30
181	216	13
184	216	44
185	216	63
186	216	162
189	216	34
190	216	155
191	216	42
192	216	97
193	216	36
195	216	251
196	216	72
197	216	93
198	216	210
199	216	107
200	216	103
201	216	223
204	216	87
206	216	23
208	216	61
209	216	125
212	216	144
213	216	144
214	216	169
216	216	68
217	216	37
219	216	72
220	216	137
224	216	26
227	216	65
228	216	41
230	216	50
231	216	49
233	216	33
235	216	51
242	216	54
243	216	57
18	215	23
26	215	46
28	215	45
29	215	26
30	215	50
36	215	83
37	215	77
38	215	67
42	215	83
45	215	9
49	215	44
50	215	87
52	215	38
53	215	62
54	215	87
55	215	175
56	215	91
59	215	34
61	215	29
62	215	73
64	215	175
65	215	73
66	215	38
68	215	116
69	215	52
71	215	70
73	215	75
74	215	95
76	215	119
79	215	116
81	215	7
83	215	70
84	215	63
85	215	46
88	215	115
92	215	62
93	215	29
94	215	80
96	215	11
99	215	63
100	215	30
101	215	158
102	215	134
104	215	54
105	215	34
107	215	139
109	215	79
116	215	77
118	215	89
119	215	124
120	215	191
121	215	48
130	215	9
133	215	45
134	215	22
137	215	29
138	215	84
144	215	23
146	215	111
151	215	79
154	215	74
155	215	46
157	215	76
158	215	49
159	215	32
168	215	12
170	215	61
173	215	24
174	215	39
176	215	20
177	215	45
178	215	35
180	215	115
182	215	108
183	215	47
184	215	267
185	215	109
186	215	79
189	215	52
190	215	24
191	215	110
192	215	108
193	215	28
194	215	40
197	215	29
198	215	87
199	215	218
200	215	73
202	215	17
203	215	36
206	215	12
207	215	165
210	215	63
211	215	31
212	215	59
213	215	204
214	215	117
215	215	51
220	215	85
222	215	85
224	215	111
225	215	80
15	214	67
24	214	82
25	214	92
28	214	70
31	214	147
32	214	18
39	214	57
40	214	98
41	214	72
44	214	44
45	214	73
46	214	131
47	214	40
49	214	56
50	214	13
51	214	108
59	214	89
61	214	63
62	214	155
63	214	80
66	214	223
68	214	47
71	214	26
72	214	272
73	214	338
74	214	57
75	214	119
76	214	145
78	214	54
80	214	21
81	214	81
84	214	136
85	214	31
88	214	103
89	214	32
90	214	64
92	214	103
93	214	74
94	214	57
99	214	54
102	214	20
104	214	101
106	214	43
108	214	83
110	214	33
111	214	53
115	214	48
117	214	50
118	214	45
119	214	143
120	214	21
121	214	40
122	214	92
124	214	88
130	214	28
133	214	83
134	214	137
139	214	84
143	214	12
144	214	5
145	214	78
147	214	55
148	214	186
149	214	9
150	214	44
151	214	103
157	214	34
158	214	37
160	214	21
164	214	40
174	214	68
175	214	98
176	214	25
182	214	80
183	214	91
187	214	103
188	214	79
190	214	103
191	214	129
192	214	71
193	214	50
194	214	87
195	214	177
196	214	29
197	214	51
198	214	110
201	214	141
202	214	62
204	214	119
207	214	56
208	214	83
209	214	116
210	214	71
212	214	103
213	214	56
215	214	48
219	214	71
221	214	44
226	214	66
229	214	64
241	214	49
13	213	101
21	213	29
27	213	64
28	213	61
30	213	125
31	213	93
32	213	39
33	213	37
35	213	35
37	213	45
38	213	155
39	213	157
41	213	56
46	213	38
47	213	65
48	213	79
49	213	26
50	213	136
53	213	143
55	213	94
56	213	62
57	213	75
58	213	52
62	213	162
63	213	258
64	213	48
65	213	24
67	213	41
68	213	97
69	213	140
74	213	94
77	213	57
79	213	22
80	213	29
81	213	33
82	213	5
84	213	80
87	213	146
88	213	21
89	213	46
90	213	78
91	213	102
92	213	59
101	213	66
105	213	62
106	213	20
110	213	97
114	213	50
115	213	25
121	213	51
125	213	63
130	213	137
132	213	115
133	213	28
136	213	64
138	213	17
140	213	51
141	213	127
142	213	17
144	213	52
145	213	88
146	213	18
147	213	36
148	213	32
149	213	60
151	213	46
156	213	49
157	213	23
159	213	125
160	213	35
162	213	52
164	213	63
165	213	115
168	213	24
170	213	137
171	213	157
174	213	18
180	213	93
182	213	42
183	213	69
184	213	76
186	213	163
187	213	134
190	213	70
191	213	59
192	213	13
193	213	66
195	213	99
197	213	113
198	213	24
199	213	47
201	213	52
202	213	94
204	213	92
206	213	52
207	213	93
208	213	21
211	213	79
213	213	37
215	213	100
216	213	75
221	213	95
237	213	30
239	213	86
10	212	58
14	212	22
15	212	96
18	212	59
19	212	56
24	212	59
25	212	31
29	212	39
31	212	65
38	212	10
39	212	37
41	212	72
42	212	65
47	212	52
48	212	57
49	212	68
50	212	178
52	212	68
55	212	116
56	212	58
57	212	161
60	212	49
61	212	36
62	212	206
63	212	149
64	212	128
67	212	63
69	212	93
70	212	44
71	212	157
75	212	51
76	212	127
77	212	139
80	212	34
82	212	34
83	212	63
85	212	66
87	212	44
88	212	77
90	212	54
91	212	17
95	212	39
96	212	35
97	212	65
98	212	81
99	212	39
100	212	135
104	212	105
105	212	64
109	212	95
111	212	62
117	212	71
118	212	124
119	212	121
122	212	95
125	212	39
130	212	59
134	212	41
137	212	30
138	212	47
140	212	19
142	212	28
143	212	17
144	212	136
147	212	14
148	212	105
152	212	40
155	212	112
156	212	75
157	212	45
169	212	18
171	212	139
174	212	25
177	212	45
178	212	23
179	212	161
181	212	89
182	212	74
186	212	86
187	212	84
189	212	162
190	212	60
192	212	71
194	212	28
196	212	70
197	212	108
199	212	135
200	212	113
201	212	152
202	212	320
203	212	82
205	212	134
206	212	62
207	212	198
208	212	74
209	212	68
211	212	69
212	212	96
213	212	67
214	212	44
219	212	26
221	212	43
223	212	62
224	212	44
228	212	104
233	212	33
234	212	20
235	212	18
29	211	52
31	211	81
34	211	93
37	211	12
40	211	70
44	211	77
47	211	95
48	211	58
50	211	116
54	211	71
57	211	32
58	211	79
59	211	180
60	211	14
62	211	27
63	211	27
64	211	38
66	211	84
69	211	130
70	211	65
71	211	196
72	211	45
74	211	104
75	211	38
76	211	70
77	211	69
79	211	55
80	211	14
81	211	71
82	211	83
83	211	42
85	211	13
86	211	43
88	211	93
93	211	103
94	211	83
95	211	33
96	211	42
99	211	67
106	211	62
107	211	39
113	211	41
118	211	32
120	211	19
121	211	66
122	211	74
123	211	63
125	211	80
127	211	54
128	211	18
129	211	106
130	211	128
134	211	33
135	211	155
137	211	17
138	211	26
139	211	67
141	211	81
142	211	62
145	211	68
146	211	64
148	211	28
150	211	54
154	211	127
155	211	38
156	211	182
158	211	122
159	211	75
162	211	52
166	211	41
167	211	88
171	211	54
173	211	70
180	211	89
183	211	56
187	211	35
188	211	64
189	211	42
190	211	89
191	211	115
193	211	181
196	211	116
197	211	182
198	211	110
199	211	66
203	211	66
204	211	65
205	211	44
206	211	28
207	211	70
208	211	62
209	211	33
211	211	48
215	211	94
217	211	47
218	211	27
219	211	70
223	211	47
13	210	48
14	210	67
19	210	63
35	210	35
37	210	57
39	210	87
43	210	45
44	210	121
45	210	72
46	210	33
47	210	181
48	210	79
50	210	136
51	210	143
52	210	38
54	210	47
55	210	60
56	210	48
58	210	57
60	210	145
61	210	67
62	210	100
64	210	141
65	210	111
66	210	151
67	210	121
68	210	9
69	210	93
70	210	97
71	210	89
74	210	197
76	210	71
78	210	138
81	210	67
82	210	71
83	210	37
84	210	101
87	210	155
88	210	17
90	210	14
91	210	51
92	210	22
96	210	55
97	210	58
100	210	57
102	210	56
105	210	55
107	210	132
111	210	16
113	210	139
116	210	80
117	210	4
119	210	61
120	210	96
122	210	87
123	210	74
124	210	111
125	210	46
127	210	55
128	210	59
132	210	43
135	210	67
136	210	132
137	210	56
139	210	49
141	210	55
145	210	87
147	210	19
148	210	24
149	210	22
151	210	43
156	210	58
159	210	41
163	210	50
164	210	26
165	210	73
167	210	22
171	210	20
173	210	35
178	210	62
179	210	87
180	210	39
181	210	211
183	210	126
184	210	17
185	210	55
186	210	70
187	210	77
188	210	37
189	210	87
190	210	52
191	210	33
192	210	60
194	210	162
198	210	66
199	210	52
201	210	50
202	210	82
203	210	28
206	210	193
210	210	25
215	210	17
219	210	52
220	210	68
221	210	65
226	210	66
232	210	56
238	210	85
240	210	57
245	210	58
9	209	32
19	209	22
28	209	9
29	209	17
33	209	33
34	209	22
36	209	44
38	209	100
44	209	72
46	209	58
47	209	113
48	209	35
50	209	294
51	209	63
54	209	97
55	209	61
56	209	69
57	209	69
58	209	113
59	209	25
61	209	69
62	209	71
63	209	95
65	209	30
66	209	281
68	209	18
70	209	87
71	209	64
72	209	43
75	209	47
76	209	34
79	209	30
80	209	4
82	209	51
83	209	48
84	209	73
85	209	59
86	209	68
88	209	145
89	209	111
92	209	49
96	209	96
97	209	31
98	209	19
99	209	88
100	209	84
101	209	52
103	209	45
104	209	34
105	209	25
106	209	48
115	209	70
118	209	47
121	209	110
123	209	25
124	209	89
126	209	78
130	209	9
132	209	18
134	209	104
139	209	27
141	209	35
142	209	57
153	209	66
154	209	105
156	209	47
157	209	66
158	209	101
166	209	38
168	209	43
173	209	57
176	209	51
179	209	19
180	209	67
182	209	38
183	209	139
185	209	17
187	209	191
191	209	72
192	209	64
193	209	45
195	209	49
196	209	31
198	209	61
199	209	29
200	209	60
201	209	93
202	209	54
203	209	112
204	209	81
206	209	116
207	209	49
208	209	42
209	209	107
211	209	49
212	209	40
213	209	41
221	209	73
227	209	29
231	209	49
233	209	115
234	209	34
242	209	55
243	209	83
23	208	49
30	208	58
31	208	103
36	208	96
41	208	192
47	208	64
48	208	41
49	208	41
50	208	95
51	208	132
52	208	101
53	208	32
54	208	62
56	208	36
60	208	64
61	208	43
62	208	103
65	208	99
67	208	142
68	208	76
69	208	247
70	208	203
71	208	107
72	208	87
73	208	41
75	208	14
76	208	40
80	208	46
81	208	103
82	208	106
84	208	74
85	208	28
86	208	45
87	208	36
88	208	112
90	208	123
91	208	113
93	208	79
94	208	81
96	208	30
97	208	196
100	208	78
101	208	88
102	208	34
104	208	40
107	208	133
111	208	83
113	208	54
114	208	70
118	208	20
124	208	36
126	208	148
131	208	52
133	208	41
134	208	47
135	208	37
137	208	137
138	208	48
140	208	21
141	208	43
142	208	44
143	208	156
144	208	27
146	208	29
149	208	96
151	208	42
157	208	51
160	208	60
161	208	82
162	208	60
164	208	89
166	208	64
168	208	65
170	208	79
178	208	50
183	208	26
184	208	43
185	208	30
186	208	44
187	208	25
188	208	56
191	208	149
192	208	36
194	208	83
195	208	173
196	208	326
197	208	13
198	208	145
199	208	157
200	208	149
202	208	233
203	208	4
205	208	28
206	208	50
208	208	74
210	208	116
213	208	65
215	208	9
216	208	81
222	208	36
223	208	124
225	208	28
227	208	62
228	208	75
232	208	38
233	208	82
234	208	117
241	208	59
243	208	55
18	207	79
30	207	26
34	207	59
37	207	17
38	207	54
39	207	81
40	207	147
44	207	58
45	207	68
47	207	68
50	207	103
52	207	191
55	207	106
59	207	32
60	207	45
62	207	52
64	207	119
65	207	32
67	207	101
68	207	102
69	207	74
70	207	112
71	207	56
72	207	73
73	207	123
75	207	79
76	207	54
77	207	178
78	207	20
79	207	57
82	207	23
84	207	63
85	207	40
88	207	141
89	207	90
90	207	19
93	207	47
94	207	30
96	207	78
99	207	176
101	207	90
107	207	27
110	207	62
111	207	46
112	207	29
113	207	46
115	207	164
116	207	37
128	207	92
129	207	77
131	207	20
133	207	123
134	207	46
135	207	18
138	207	34
139	207	162
141	207	111
148	207	65
151	207	30
154	207	51
159	207	56
164	207	96
166	207	70
167	207	98
169	207	73
174	207	29
175	207	41
178	207	58
179	207	48
181	207	46
183	207	71
184	207	118
185	207	68
186	207	93
187	207	115
188	207	70
192	207	49
194	207	77
195	207	40
196	207	48
197	207	62
198	207	127
202	207	36
203	207	144
204	207	191
205	207	75
206	207	111
207	207	38
210	207	75
215	207	51
217	207	97
218	207	83
219	207	42
221	207	69
223	207	123
224	207	100
228	207	52
229	207	57
231	207	58
233	207	40
236	207	38
246	207	81
247	207	54
20	206	105
26	206	69
28	206	47
30	206	36
31	206	55
32	206	48
39	206	109
40	206	28
41	206	94
42	206	30
44	206	37
45	206	126
48	206	59
52	206	141
53	206	117
56	206	87
57	206	120
58	206	42
61	206	144
62	206	61
63	206	21
64	206	23
65	206	58
66	206	100
67	206	168
68	206	154
69	206	39
70	206	59
71	206	128
72	206	108
73	206	100
74	206	151
75	206	70
76	206	75
79	206	36
80	206	55
82	206	42
83	206	154
84	206	79
85	206	48
86	206	106
87	206	37
88	206	98
89	206	281
90	206	76
91	206	52
92	206	36
94	206	37
96	206	17
97	206	207
98	206	112
100	206	15
101	206	161
104	206	67
105	206	33
106	206	70
108	206	55
111	206	71
116	206	60
119	206	82
123	206	80
124	206	74
125	206	49
127	206	148
129	206	54
135	206	58
136	206	45
140	206	210
141	206	62
144	206	140
146	206	71
148	206	187
150	206	57
151	206	82
152	206	195
157	206	58
160	206	60
163	206	58
165	206	37
167	206	27
170	206	147
172	206	106
173	206	68
174	206	26
176	206	77
177	206	69
179	206	17
180	206	28
184	206	45
185	206	60
186	206	37
188	206	66
194	206	61
195	206	67
197	206	79
198	206	63
199	206	108
200	206	59
203	206	53
204	206	102
210	206	68
211	206	83
212	206	25
213	206	66
219	206	21
220	206	49
223	206	80
226	206	55
228	206	53
229	206	57
233	206	54
246	206	20
22	205	86
24	205	82
25	205	38
27	205	43
29	205	33
31	205	52
36	205	87
38	205	48
39	205	51
42	205	38
45	205	57
46	205	43
50	205	91
51	205	125
52	205	68
55	205	65
56	205	83
57	205	22
58	205	15
59	205	74
60	205	98
62	205	48
64	205	82
66	205	107
67	205	275
68	205	127
69	205	225
71	205	116
72	205	114
73	205	140
74	205	87
77	205	198
78	205	47
79	205	51
81	205	102
82	205	95
83	205	94
84	205	152
85	205	73
87	205	99
88	205	39
89	205	174
90	205	50
91	205	85
93	205	91
94	205	12
95	205	48
96	205	41
97	205	284
98	205	15
99	205	266
100	205	52
101	205	121
102	205	59
104	205	47
105	205	103
107	205	4
109	205	34
111	205	276
112	205	79
114	205	48
115	205	4
118	205	42
119	205	53
122	205	38
123	205	53
124	205	100
125	205	180
126	205	142
127	205	28
132	205	77
133	205	22
134	205	59
138	205	72
139	205	34
141	205	59
142	205	25
143	205	56
146	205	61
149	205	47
158	205	62
160	205	51
163	205	71
170	205	102
176	205	203
177	205	62
179	205	75
180	205	23
182	205	22
183	205	66
185	205	32
186	205	5
188	205	54
195	205	139
197	205	76
198	205	24
199	205	43
202	205	161
207	205	25
208	205	60
214	205	20
215	205	55
219	205	62
223	205	13
224	205	68
229	205	12
233	205	20
239	205	49
243	205	53
16	204	92
22	204	39
27	204	45
29	204	67
30	204	77
31	204	37
33	204	68
36	204	103
37	204	101
38	204	93
40	204	16
42	204	35
43	204	42
44	204	60
46	204	75
47	204	100
50	204	137
52	204	103
53	204	104
54	204	60
55	204	58
56	204	38
57	204	46
58	204	138
59	204	36
61	204	149
62	204	162
63	204	93
64	204	94
65	204	61
66	204	139
67	204	88
68	204	123
69	204	74
70	204	147
71	204	45
73	204	70
75	204	64
77	204	82
78	204	76
79	204	79
80	204	93
81	204	48
82	204	189
83	204	128
85	204	102
86	204	123
87	204	42
90	204	79
93	204	59
95	204	43
96	204	83
97	204	108
98	204	23
99	204	63
102	204	118
104	204	165
105	204	57
106	204	176
108	204	239
111	204	162
114	204	3
117	204	47
122	204	64
123	204	56
124	204	22
127	204	87
128	204	19
129	204	56
134	204	45
135	204	19
136	204	44
137	204	49
138	204	58
140	204	119
142	204	68
145	204	64
147	204	69
148	204	76
149	204	43
152	204	37
154	204	70
160	204	33
161	204	67
162	204	37
163	204	120
169	204	63
175	204	79
178	204	49
180	204	82
184	204	117
185	204	112
186	204	63
188	204	147
189	204	56
192	204	24
193	204	51
194	204	26
195	204	38
200	204	44
201	204	128
202	204	48
204	204	65
205	204	41
207	204	45
209	204	74
211	204	65
212	204	72
213	204	59
214	204	20
215	204	101
216	204	51
217	204	38
220	204	70
227	204	56
229	204	34
231	204	40
246	204	63
17	203	23
28	203	78
30	203	92
33	203	32
34	203	43
35	203	59
37	203	79
38	203	52
39	203	63
41	203	192
43	203	55
44	203	170
45	203	54
46	203	61
47	203	68
50	203	128
51	203	25
54	203	126
55	203	54
56	203	47
57	203	124
59	203	126
60	203	141
61	203	56
62	203	39
63	203	90
65	203	181
66	203	207
67	203	31
68	203	91
69	203	54
70	203	107
72	203	100
73	203	136
74	203	46
75	203	69
77	203	44
78	203	89
79	203	73
80	203	182
81	203	21
82	203	26
83	203	116
84	203	71
85	203	110
86	203	190
87	203	61
91	203	69
92	203	46
93	203	49
96	203	142
97	203	57
98	203	90
99	203	47
104	203	295
107	203	28
108	203	56
109	203	56
110	203	222
111	203	19
113	203	96
114	203	61
115	203	44
116	203	85
118	203	91
119	203	140
121	203	65
123	203	73
125	203	25
126	203	71
129	203	94
130	203	133
131	203	61
133	203	22
136	203	55
137	203	38
138	203	20
139	203	164
145	203	43
149	203	46
151	203	90
155	203	67
159	203	71
160	203	52
161	203	66
162	203	28
163	203	59
165	203	32
166	203	41
167	203	32
171	203	66
177	203	24
180	203	77
181	203	25
182	203	56
184	203	49
185	203	116
188	203	63
195	203	74
198	203	73
199	203	108
201	203	75
203	203	87
205	203	169
206	203	129
207	203	95
210	203	39
211	203	106
214	203	73
217	203	58
218	203	95
219	203	76
221	203	73
222	203	92
223	203	107
225	203	55
235	203	49
18	202	44
19	202	35
24	202	39
26	202	37
28	202	81
29	202	75
33	202	114
34	202	72
35	202	70
36	202	177
40	202	118
43	202	81
45	202	76
48	202	51
49	202	145
50	202	35
51	202	117
52	202	28
53	202	256
54	202	45
55	202	72
56	202	26
57	202	79
58	202	162
59	202	85
60	202	19
61	202	46
62	202	123
63	202	47
64	202	106
65	202	77
66	202	77
67	202	98
69	202	240
70	202	33
71	202	85
72	202	55
73	202	51
74	202	213
75	202	66
76	202	88
77	202	216
78	202	107
79	202	145
80	202	164
81	202	68
84	202	118
85	202	77
86	202	154
89	202	32
90	202	74
92	202	118
93	202	55
94	202	60
95	202	39
96	202	71
98	202	91
99	202	85
101	202	113
102	202	33
103	202	24
106	202	72
107	202	67
108	202	52
109	202	114
111	202	60
113	202	14
114	202	120
115	202	100
119	202	171
120	202	49
121	202	79
122	202	173
124	202	77
125	202	4
128	202	83
129	202	149
130	202	105
131	202	175
132	202	49
133	202	18
136	202	113
137	202	111
138	202	46
139	202	165
141	202	62
143	202	46
144	202	15
145	202	73
147	202	116
151	202	70
152	202	95
153	202	57
154	202	54
156	202	32
159	202	69
160	202	200
163	202	132
164	202	26
165	202	88
169	202	148
174	202	3
178	202	37
181	202	61
184	202	117
185	202	25
189	202	102
190	202	25
197	202	65
198	202	42
199	202	26
200	202	68
203	202	79
204	202	61
213	202	73
216	202	69
219	202	27
220	202	50
222	202	77
224	202	99
227	202	77
228	202	67
232	202	103
233	202	49
236	202	41
23	201	49
25	201	53
26	201	37
27	201	62
29	201	55
30	201	57
33	201	108
34	201	97
35	201	47
38	201	63
40	201	78
41	201	24
43	201	117
45	201	59
46	201	16
48	201	135
49	201	112
50	201	171
51	201	22
52	201	26
53	201	50
55	201	48
56	201	163
57	201	155
58	201	74
59	201	76
60	201	74
61	201	16
62	201	112
63	201	220
64	201	138
65	201	53
66	201	138
68	201	75
69	201	107
70	201	182
71	201	47
72	201	239
73	201	86
74	201	215
75	201	66
77	201	44
79	201	18
80	201	19
81	201	27
82	201	77
83	201	91
84	201	149
85	201	128
86	201	71
88	201	88
89	201	61
90	201	70
91	201	45
92	201	112
93	201	69
94	201	92
96	201	49
97	201	167
98	201	48
99	201	144
100	201	46
103	201	70
104	201	53
107	201	114
108	201	29
110	201	57
111	201	77
112	201	42
113	201	30
115	201	29
116	201	38
117	201	122
118	201	58
119	201	23
121	201	70
122	201	49
123	201	68
125	201	69
129	201	42
130	201	84
132	201	32
133	201	73
134	201	100
135	201	52
137	201	82
138	201	45
140	201	141
141	201	6
142	201	65
148	201	57
150	201	84
151	201	38
152	201	72
153	201	49
158	201	91
159	201	60
162	201	12
164	201	171
177	201	27
178	201	17
180	201	83
183	201	74
186	201	167
188	201	41
191	201	30
199	201	95
200	201	142
201	201	20
202	201	137
203	201	29
204	201	61
208	201	45
209	201	28
211	201	13
212	201	95
218	201	112
219	201	10
220	201	173
221	201	45
222	201	31
234	201	111
235	201	80
241	201	43
245	201	37
16	200	54
17	200	41
19	200	90
20	200	89
23	200	60
25	200	68
28	200	45
31	200	89
34	200	75
35	200	192
36	200	76
43	200	55
44	200	71
45	200	45
46	200	15
47	200	29
49	200	80
50	200	95
52	200	155
53	200	105
54	200	178
55	200	92
58	200	106
59	200	70
60	200	73
61	200	119
62	200	141
63	200	200
64	200	123
65	200	132
66	200	178
67	200	106
68	200	94
69	200	142
70	200	274
71	200	32
72	200	219
73	200	161
74	200	71
75	200	291
76	200	103
77	200	58
78	200	27
79	200	32
80	200	123
81	200	25
85	200	224
86	200	126
87	200	46
90	200	37
91	200	91
92	200	66
93	200	150
94	200	148
95	200	51
96	200	149
97	200	48
99	200	29
100	200	58
104	200	39
105	200	60
106	200	70
108	200	85
111	200	82
112	200	21
113	200	32
114	200	117
117	200	67
118	200	63
119	200	73
120	200	48
122	200	108
123	200	328
124	200	72
125	200	119
126	200	37
127	200	54
128	200	108
129	200	206
132	200	12
133	200	63
134	200	32
137	200	59
138	200	28
139	200	32
141	200	33
142	200	63
144	200	67
145	200	293
146	200	29
149	200	141
150	200	73
151	200	122
152	200	48
154	200	64
156	200	48
158	200	93
161	200	46
163	200	101
165	200	55
170	200	60
173	200	67
175	200	74
179	200	73
180	200	37
181	200	11
183	200	67
185	200	96
186	200	160
190	200	67
192	200	75
199	200	37
110	245	53
23	244	60
45	244	26
66	244	60
68	244	105
70	244	57
71	244	66
79	244	131
84	244	101
88	244	34
90	244	59
97	244	57
125	244	58
126	244	23
135	244	70
183	244	63
208	244	73
40	243	54
53	243	31
57	243	94
64	243	58
68	243	33
71	243	13
72	243	57
79	243	41
80	243	87
89	243	57
92	243	52
96	243	51
97	243	82
99	243	41
100	243	99
106	243	37
107	243	57
112	243	11
124	243	28
125	243	90
126	243	54
129	243	62
133	243	18
141	243	64
147	243	29
173	243	60
183	243	15
208	243	58
20	242	56
38	242	47
41	242	89
60	242	68
63	242	68
70	242	70
73	242	80
76	242	56
77	242	48
78	242	82
81	242	97
88	242	140
90	242	56
91	242	41
93	242	123
95	242	25
96	242	80
99	242	99
101	242	81
102	242	52
103	242	79
105	242	59
125	242	111
133	242	134
134	242	23
135	242	20
147	242	60
154	242	86
173	242	140
184	242	71
186	242	84
35	241	34
43	241	55
47	241	44
48	241	57
57	241	85
58	241	37
71	241	65
72	241	62
73	241	31
74	241	92
75	241	108
77	241	49
78	241	105
82	241	29
86	241	86
88	241	45
89	241	64
94	241	74
101	241	36
107	241	54
112	241	60
118	241	25
128	241	19
131	241	42
133	241	104
141	241	38
146	241	80
147	241	45
155	241	34
176	241	86
177	241	33
179	241	18
180	241	62
182	241	59
188	241	58
199	241	27
207	241	51
208	241	94
220	241	57
221	241	22
41	240	79
43	240	20
54	240	12
57	240	62
59	240	66
60	240	57
62	240	37
65	240	70
66	240	85
70	240	39
71	240	85
72	240	65
73	240	123
75	240	32
76	240	21
77	240	63
78	240	64
79	240	54
80	240	58
82	240	176
83	240	68
87	240	51
89	240	40
94	240	111
95	240	16
97	240	19
100	240	77
104	240	59
117	240	58
118	240	37
121	240	78
124	240	40
125	240	117
126	240	50
127	240	75
133	240	50
134	240	49
142	240	71
147	240	133
150	240	15
154	240	41
155	240	83
156	240	95
185	240	69
190	240	15
191	240	85
193	240	28
198	240	56
204	240	59
208	240	67
209	240	55
210	240	46
218	240	45
219	240	135
220	240	43
35	239	38
40	239	71
42	239	94
43	239	82
57	239	83
58	239	58
60	239	59
62	239	85
63	239	52
64	239	180
65	239	63
66	239	107
68	239	65
69	239	63
71	239	49
72	239	108
76	239	58
77	239	69
78	239	13
79	239	136
81	239	141
82	239	58
85	239	108
88	239	55
90	239	65
91	239	28
95	239	49
96	239	82
97	239	49
99	239	44
100	239	96
101	239	124
102	239	70
106	239	30
121	239	191
122	239	91
123	239	111
125	239	112
126	239	47
127	239	37
132	239	60
139	239	64
143	239	75
146	239	30
149	239	67
150	239	76
151	239	80
169	239	42
173	239	26
177	239	41
187	239	20
188	239	53
190	239	52
192	239	79
193	239	70
194	239	82
196	239	45
199	239	62
200	239	61
201	239	94
208	239	47
210	239	40
211	239	80
216	239	139
217	239	63
218	239	22
220	239	166
50	238	49
62	238	105
66	238	34
67	238	21
70	238	85
71	238	124
72	238	12
73	238	36
74	238	51
75	238	109
76	238	82
77	238	141
78	238	48
80	238	66
81	238	100
82	238	90
85	238	92
86	238	27
88	238	178
89	238	24
91	238	60
92	238	48
93	238	37
95	238	62
97	238	58
98	238	77
99	238	29
100	238	47
102	238	57
107	238	89
116	238	67
118	238	77
120	238	61
122	238	72
125	238	54
127	238	10
130	238	144
141	238	47
146	238	49
147	238	63
165	238	59
169	238	20
175	238	49
180	238	92
184	238	68
185	238	13
186	238	30
187	238	102
189	238	98
190	238	54
194	238	87
197	238	29
198	238	65
200	238	83
201	238	126
203	238	32
206	238	52
210	238	94
212	238	75
219	238	66
228	238	39
47	237	31
51	237	79
54	237	63
55	237	29
56	237	43
57	237	55
59	237	23
61	237	95
73	237	119
74	237	220
75	237	72
76	237	30
77	237	60
79	237	78
82	237	61
84	237	41
86	237	48
89	237	176
91	237	122
92	237	36
93	237	25
94	237	26
97	237	123
100	237	26
101	237	49
102	237	68
103	237	35
106	237	76
111	237	44
123	237	28
125	237	40
130	237	34
131	237	34
134	237	66
135	237	18
136	237	32
137	237	40
141	237	63
144	237	39
145	237	44
148	237	64
154	237	46
157	237	115
171	237	68
173	237	58
174	237	79
176	237	82
185	237	76
190	237	178
192	237	43
200	237	12
201	237	57
203	237	63
206	237	40
208	237	77
210	237	27
211	237	55
212	237	41
217	237	32
230	237	38
39	236	46
45	236	82
46	236	70
47	236	44
53	236	62
54	236	42
60	236	120
65	236	51
66	236	97
69	236	63
70	236	49
72	236	58
73	236	102
74	236	81
75	236	135
76	236	174
77	236	38
78	236	139
79	236	20
81	236	83
82	236	59
86	236	96
87	236	40
88	236	103
89	236	30
90	236	37
91	236	95
92	236	78
93	236	73
94	236	70
97	236	15
99	236	90
100	236	80
104	236	89
108	236	51
116	236	42
117	236	64
120	236	39
124	236	67
130	236	38
132	236	53
134	236	43
135	236	53
144	236	57
145	236	44
147	236	70
148	236	41
149	236	20
155	236	85
161	236	16
168	236	74
169	236	74
181	236	81
182	236	143
186	236	102
190	236	42
191	236	45
193	236	64
197	236	67
198	236	107
204	236	57
210	236	65
214	236	49
221	236	70
230	236	98
14	235	50
43	235	67
46	235	69
50	235	39
52	235	55
55	235	44
58	235	35
60	235	74
68	235	62
69	235	49
70	235	64
71	235	28
72	235	71
73	235	87
74	235	308
75	235	81
76	235	117
77	235	90
79	235	17
83	235	46
84	235	116
85	235	25
86	235	102
87	235	85
88	235	51
90	235	38
91	235	71
96	235	76
99	235	55
101	235	37
109	235	40
110	235	46
111	235	28
113	235	77
114	235	35
119	235	95
123	235	127
124	235	53
134	235	43
145	235	13
147	235	114
149	235	70
150	235	84
154	235	48
156	235	44
157	235	34
158	235	26
160	235	58
161	235	36
171	235	34
173	235	56
175	235	44
176	235	89
177	235	22
182	235	176
184	235	123
185	235	84
186	235	46
187	235	77
191	235	95
192	235	53
193	235	71
196	235	52
203	235	119
205	235	22
207	235	161
209	235	85
210	235	70
212	235	79
213	235	45
230	235	23
231	235	78
24	234	68
36	234	66
43	234	43
51	234	47
52	234	43
54	234	76
55	234	149
59	234	52
61	234	80
63	234	131
64	234	68
65	234	38
67	234	82
68	234	128
69	234	78
70	234	83
71	234	44
72	234	137
73	234	144
74	234	26
76	234	115
77	234	163
78	234	65
# chipNumber: 4
# chipName:   G 10 W69
# numHits:    66
23	243	17
29	243	43
24	241	17
31	241	31
32	241	26
15	240	55
18	240	60
29	238	43
18	237	35
27	236	92
22	235	33
27	235	35
28	235	44
18	234	31
19	234	36
28	234	42
18	233	56
37	233	30
21	230	33
21	229	34
25	229	103
27	229	25
36	229	64
25	227	42
57	226	49
34	224	89
19	220	82
20	217	62
18	210	54
160	176	10
12	54	82
19	52	53
14	42	36
13	38	70
18	35	54
24	35	44
25	35	57
45	33	45
53	33	49
35	32	80
29	31	53
31	31	12
33	30	32
8	28	40
9	28	82
29	28	32
34	27	66
8	26	56
10	26	48
24	26	75
16	25	89
31	25	61
9	22	58
23	21	52
18	19	97
28	19	70
41	18	54
49	16	40
20	15	53
22	15	62
41	14	58
23	13	119
24	13	89
25	13	59
14	11	83
24	6	49
# chipNumber: 5
# chipName:   D 9 W69
# numHits:    0
# chipNumber: 6
# chipName:   L 8 W69
# numHits:    6
43	233	59
166	233	11810
11	232	34
40	229	18
31	226	5
234	203	11810
