## [General]
## runNumber:        241
## runTime:       	 7200
## runTimeFrames: 	 0
## pathName:         data/runs/Run_241_181022-16-16
## dateTime:         2018-10-22.16:20:08
## numChips:         7
## shutterTime:      30
## shutterMode:      verylong
## runMode:          0
## fastClock:        0
## externalTrigger:  0
## [Event]
## eventNumber:      304
## useHvFadc:    	 1
## fadcReadout:    	 1
## szint1ClockInt:	 0
## szint2ClockInt:	 4095
## fadcTriggerClock: 0
# chipNumber: 0
# chipName:   E 6 W69
# numHits:    0
# chipNumber: 1
# chipName:   K 6 W69
# numHits:    1
59	229	68
# chipNumber: 2
# chipName:   H 9 W69
# numHits:    39
241	155	49
241	153	49
243	153	58
244	142	58
235	137	58
239	93	35
243	87	48
243	85	90
234	84	40
222	80	62
224	79	18
226	78	29
226	75	90
209	73	41
217	73	29
225	73	78
227	72	50
211	71	57
220	71	40
226	71	92
212	69	36
218	69	33
218	65	31
222	65	74
217	64	104
221	60	30
226	59	62
195	55	6
210	54	56
167	38	70
183	38	26
174	32	32
161	30	26
150	26	56
150	25	9
128	23	75
144	13	65
137	11	49
136	10	15
# chipNumber: 3
# chipName:   H 10 W69
# numHits:    21232
175	231	79
176	231	157
179	231	54
181	231	60
187	231	157
188	231	82
189	231	64
210	231	64
212	231	45
213	231	54
230	231	122
233	231	42
244	231	29
25	230	41
26	230	42
32	230	41
34	230	51
35	230	79
36	230	24
41	230	33
44	230	45
53	230	72
56	230	43
57	230	69
58	230	74
59	230	26
60	230	108
64	230	97
65	230	50
72	230	25
74	230	78
76	230	146
77	230	95
79	230	185
80	230	128
81	230	103
82	230	177
83	230	204
84	230	82
85	230	100
88	230	130
89	230	49
93	230	113
95	230	57
97	230	31
98	230	32
99	230	161
101	230	66
104	230	126
107	230	64
114	230	49
119	230	50
122	230	74
123	230	33
125	230	19
127	230	44
130	230	54
139	230	60
142	230	94
145	230	32
151	230	66
154	230	145
155	230	52
159	230	59
161	230	62
171	230	40
172	230	74
174	230	199
176	230	102
177	230	59
178	230	78
180	230	37
181	230	17
184	230	92
187	230	53
190	230	71
192	230	54
201	230	69
207	230	66
208	230	52
215	230	44
226	230	35
230	230	90
21	229	24
24	229	34
25	229	54
27	229	74
32	229	11
33	229	77
34	229	35
36	229	27
41	229	70
42	229	84
43	229	35
44	229	77
48	229	65
53	229	83
56	229	49
57	229	34
58	229	39
61	229	38
62	229	44
63	229	86
64	229	56
65	229	29
68	229	54
69	229	35
74	229	41
76	229	62
77	229	46
79	229	148
80	229	117
81	229	20
82	229	159
83	229	144
84	229	43
85	229	159
86	229	138
87	229	55
91	229	23
92	229	109
94	229	43
95	229	119
96	229	165
98	229	73
101	229	77
102	229	52
103	229	45
105	229	91
106	229	23
112	229	21
115	229	56
126	229	54
134	229	5
144	229	77
146	229	22
147	229	60
148	229	70
149	229	60
160	229	160
164	229	89
166	229	69
169	229	68
170	229	158
172	229	70
173	229	132
175	229	33
180	229	98
181	229	10
182	229	26
187	229	64
188	229	53
191	229	41
192	229	140
195	229	13
200	229	96
203	229	37
212	229	37
226	229	36
24	228	51
27	228	39
34	228	74
35	228	31
41	228	69
46	228	36
49	228	19
50	228	95
52	228	100
55	228	128
59	228	112
60	228	63
62	228	54
63	228	75
65	228	43
68	228	55
69	228	109
71	228	57
72	228	77
78	228	64
81	228	37
83	228	49
85	228	60
86	228	152
87	228	85
88	228	112
90	228	27
91	228	71
93	228	55
94	228	28
95	228	142
96	228	23
97	228	104
98	228	61
99	228	56
103	228	45
105	228	14
106	228	37
107	228	30
109	228	25
110	228	57
111	228	88
114	228	39
124	228	128
127	228	51
133	228	120
134	228	55
135	228	54
137	228	105
140	228	100
143	228	27
146	228	43
147	228	72
148	228	99
158	228	18
162	228	53
165	228	72
172	228	46
173	228	38
174	228	172
177	228	36
178	228	36
179	228	107
180	228	63
184	228	37
185	228	163
186	228	140
187	228	145
190	228	29
191	228	40
192	228	169
193	228	105
195	228	19
196	228	29
199	228	36
200	228	27
203	228	68
204	228	42
206	228	61
214	228	62
215	228	41
224	228	41
23	227	21
25	227	31
28	227	67
29	227	29
31	227	69
34	227	16
41	227	12
50	227	70
56	227	16
57	227	40
58	227	81
60	227	50
63	227	53
65	227	56
66	227	41
67	227	80
68	227	72
73	227	40
76	227	46
78	227	51
79	227	136
80	227	110
81	227	92
82	227	88
83	227	14
85	227	63
87	227	51
88	227	49
91	227	97
92	227	200
93	227	39
94	227	101
95	227	73
96	227	63
98	227	130
99	227	105
100	227	76
102	227	166
103	227	88
107	227	157
110	227	85
111	227	40
115	227	76
117	227	46
119	227	72
120	227	60
124	227	77
125	227	77
138	227	62
141	227	36
145	227	54
147	227	45
153	227	45
155	227	22
157	227	52
158	227	113
161	227	33
169	227	59
171	227	55
173	227	33
174	227	127
175	227	49
182	227	28
183	227	27
186	227	45
189	227	73
191	227	29
192	227	71
201	227	21
202	227	35
207	227	40
208	227	8
212	227	70
215	227	34
216	227	43
217	227	31
233	227	55
30	226	48
32	226	139
33	226	76
35	226	57
38	226	77
42	226	22
44	226	160
46	226	113
48	226	74
49	226	90
51	226	43
52	226	149
57	226	55
59	226	56
62	226	66
64	226	104
68	226	42
70	226	71
71	226	66
72	226	42
73	226	38
74	226	66
75	226	20
76	226	40
80	226	106
81	226	70
83	226	32
84	226	108
85	226	101
87	226	105
89	226	68
90	226	99
91	226	75
92	226	117
93	226	80
97	226	43
99	226	49
100	226	75
102	226	28
103	226	76
105	226	29
106	226	72
107	226	44
113	226	43
115	226	14
116	226	26
120	226	65
121	226	39
124	226	33
125	226	44
133	226	11
147	226	13
150	226	50
155	226	74
157	226	13
161	226	92
163	226	57
164	226	85
167	226	41
169	226	137
170	226	97
171	226	48
172	226	103
174	226	40
175	226	138
176	226	79
177	226	39
180	226	7
181	226	51
182	226	42
187	226	22
189	226	29
190	226	84
192	226	76
193	226	36
202	226	33
203	226	49
206	226	66
208	226	37
211	226	89
213	226	48
215	226	34
221	226	17
223	226	90
234	226	71
243	226	94
26	225	10
30	225	46
32	225	81
34	225	62
36	225	36
37	225	35
40	225	135
41	225	100
43	225	165
44	225	74
48	225	31
50	225	40
52	225	87
58	225	65
60	225	45
61	225	29
62	225	42
71	225	33
75	225	60
76	225	90
78	225	22
80	225	164
81	225	30
83	225	126
84	225	62
85	225	62
86	225	83
87	225	50
88	225	26
89	225	43
90	225	30
92	225	164
94	225	143
95	225	91
98	225	245
99	225	96
100	225	20
102	225	41
104	225	29
106	225	52
111	225	151
113	225	88
114	225	19
116	225	22
118	225	48
121	225	43
127	225	51
128	225	34
132	225	50
136	225	49
140	225	76
141	225	81
144	225	37
148	225	37
150	225	71
151	225	63
154	225	41
158	225	55
159	225	25
160	225	68
161	225	119
162	225	121
164	225	17
167	225	68
168	225	126
169	225	22
171	225	107
172	225	99
176	225	87
177	225	86
181	225	79
182	225	45
184	225	65
186	225	26
187	225	27
188	225	107
191	225	94
193	225	48
195	225	53
199	225	37
209	225	57
210	225	54
214	225	36
215	225	62
224	225	131
225	225	37
226	225	49
227	225	22
21	224	44
25	224	49
29	224	39
32	224	51
33	224	57
35	224	43
44	224	51
50	224	35
51	224	59
54	224	57
57	224	75
62	224	47
64	224	58
65	224	76
66	224	17
67	224	32
69	224	22
70	224	7
71	224	40
72	224	101
73	224	132
74	224	45
75	224	41
79	224	15
82	224	93
83	224	168
84	224	60
85	224	29
87	224	155
88	224	51
89	224	65
90	224	45
92	224	35
94	224	52
96	224	60
98	224	72
99	224	55
106	224	109
113	224	21
123	224	75
151	224	39
156	224	131
158	224	81
160	224	80
162	224	43
164	224	66
168	224	78
172	224	79
174	224	36
177	224	133
178	224	88
180	224	50
181	224	29
182	224	46
183	224	55
184	224	84
185	224	60
186	224	42
187	224	31
188	224	46
189	224	48
192	224	18
198	224	70
199	224	49
203	224	49
246	224	45
25	223	60
27	223	40
28	223	45
29	223	112
30	223	72
35	223	69
36	223	72
38	223	52
40	223	42
42	223	64
43	223	172
46	223	24
64	223	98
65	223	62
66	223	51
67	223	15
70	223	139
71	223	64
72	223	33
74	223	36
75	223	93
76	223	45
78	223	224
79	223	22
80	223	60
81	223	46
82	223	222
83	223	119
84	223	65
85	223	39
86	223	46
87	223	65
90	223	28
96	223	38
97	223	48
98	223	55
99	223	27
100	223	42
108	223	79
109	223	63
111	223	24
115	223	28
116	223	70
123	223	70
125	223	61
129	223	55
136	223	59
140	223	49
149	223	26
151	223	128
152	223	57
160	223	109
161	223	88
162	223	81
163	223	65
168	223	24
169	223	15
172	223	46
173	223	35
174	223	41
175	223	53
176	223	54
177	223	131
179	223	117
180	223	31
181	223	106
183	223	49
185	223	38
189	223	83
191	223	57
192	223	33
193	223	46
196	223	61
197	223	79
199	223	117
206	223	64
217	223	40
24	222	49
25	222	47
27	222	241
31	222	70
32	222	70
34	222	55
35	222	89
36	222	49
37	222	59
38	222	29
39	222	20
40	222	128
45	222	34
47	222	58
48	222	6
52	222	54
58	222	49
61	222	76
62	222	23
64	222	133
65	222	76
70	222	81
72	222	45
73	222	40
74	222	46
75	222	56
83	222	77
84	222	81
87	222	14
89	222	41
90	222	47
91	222	21
92	222	112
94	222	121
96	222	60
97	222	42
98	222	65
99	222	62
100	222	13
102	222	76
104	222	45
119	222	26
132	222	26
134	222	78
138	222	23
139	222	88
144	222	101
146	222	8
148	222	90
149	222	47
150	222	40
152	222	95
154	222	25
155	222	25
158	222	93
162	222	61
163	222	184
164	222	82
169	222	92
172	222	82
173	222	51
174	222	73
175	222	213
176	222	141
177	222	44
181	222	42
182	222	149
183	222	77
184	222	36
185	222	31
187	222	18
189	222	79
192	222	32
193	222	59
198	222	44
208	222	6
212	222	98
216	222	101
229	222	25
235	222	64
17	221	19
19	221	76
24	221	70
25	221	48
27	221	175
28	221	68
29	221	104
30	221	45
34	221	105
35	221	122
37	221	98
38	221	35
41	221	61
45	221	45
46	221	31
48	221	63
51	221	107
59	221	44
60	221	40
64	221	36
65	221	180
69	221	84
70	221	25
74	221	94
77	221	8
80	221	32
81	221	59
82	221	92
84	221	42
85	221	93
89	221	20
90	221	173
91	221	70
92	221	167
93	221	95
94	221	91
95	221	15
98	221	85
99	221	37
101	221	62
104	221	59
110	221	118
112	221	64
113	221	107
114	221	48
115	221	23
119	221	81
122	221	40
130	221	88
131	221	42
133	221	56
135	221	32
138	221	69
144	221	51
145	221	85
153	221	18
154	221	55
157	221	45
159	221	81
161	221	46
164	221	105
165	221	40
167	221	176
168	221	39
169	221	50
170	221	96
172	221	86
174	221	57
175	221	43
176	221	42
179	221	99
181	221	82
182	221	77
184	221	132
185	221	100
187	221	75
189	221	59
190	221	23
196	221	166
198	221	90
199	221	41
200	221	51
209	221	80
8	220	23
11	220	53
26	220	23
28	220	170
29	220	91
30	220	26
32	220	40
35	220	19
38	220	22
39	220	54
40	220	82
42	220	61
43	220	90
44	220	35
48	220	63
51	220	42
54	220	51
57	220	76
59	220	85
65	220	23
68	220	74
69	220	30
70	220	36
71	220	119
72	220	140
73	220	66
74	220	72
76	220	63
77	220	110
78	220	81
80	220	100
81	220	72
83	220	76
84	220	14
85	220	58
86	220	177
87	220	146
91	220	57
93	220	65
94	220	264
95	220	79
96	220	68
97	220	85
98	220	62
100	220	62
101	220	52
102	220	49
104	220	90
106	220	91
107	220	21
108	220	69
113	220	53
116	220	56
117	220	60
121	220	37
122	220	74
133	220	44
144	220	25
145	220	84
150	220	85
151	220	89
153	220	29
158	220	85
162	220	62
163	220	66
168	220	14
169	220	109
171	220	88
172	220	33
174	220	61
175	220	54
179	220	114
180	220	21
182	220	140
184	220	34
185	220	24
187	220	87
189	220	90
195	220	80
196	220	74
203	220	15
210	220	51
212	220	38
213	220	35
225	220	59
20	219	45
23	219	19
24	219	20
28	219	26
29	219	41
31	219	47
32	219	64
33	219	38
39	219	182
42	219	52
43	219	178
44	219	55
54	219	10
58	219	39
59	219	14
64	219	6
67	219	50
69	219	104
75	219	79
76	219	32
77	219	13
80	219	10
82	219	124
90	219	88
91	219	35
93	219	93
94	219	69
97	219	72
98	219	75
99	219	13
100	219	96
102	219	113
103	219	103
104	219	86
105	219	64
106	219	112
107	219	75
109	219	93
112	219	49
114	219	62
115	219	84
116	219	57
124	219	88
130	219	55
131	219	49
136	219	54
139	219	51
142	219	38
146	219	77
147	219	49
149	219	44
152	219	45
163	219	55
168	219	88
171	219	62
173	219	171
176	219	59
181	219	90
182	219	67
183	219	86
184	219	16
185	219	104
187	219	109
193	219	93
194	219	30
198	219	89
223	219	61
232	219	59
15	218	68
20	218	37
24	218	43
29	218	87
31	218	198
32	218	58
33	218	68
35	218	75
39	218	61
40	218	55
41	218	68
42	218	51
43	218	66
47	218	51
50	218	53
51	218	65
54	218	132
59	218	180
61	218	49
64	218	68
67	218	41
70	218	71
71	218	56
72	218	25
74	218	100
75	218	33
79	218	12
82	218	115
85	218	32
87	218	87
91	218	50
92	218	7
98	218	14
102	218	90
106	218	36
107	218	90
108	218	103
109	218	94
113	218	63
119	218	80
120	218	85
122	218	113
125	218	24
130	218	55
140	218	85
141	218	63
143	218	88
144	218	130
146	218	26
156	218	26
159	218	41
160	218	20
163	218	110
164	218	60
165	218	51
166	218	131
167	218	68
168	218	150
169	218	100
170	218	26
171	218	172
172	218	128
173	218	179
175	218	42
176	218	173
178	218	53
180	218	98
181	218	171
182	218	120
183	218	32
184	218	31
186	218	102
187	218	95
188	218	69
189	218	32
190	218	44
191	218	69
192	218	25
195	218	14
197	218	27
198	218	78
204	218	125
206	218	64
207	218	20
208	218	65
211	218	62
212	218	48
213	218	42
215	218	65
219	218	70
225	218	31
226	218	28
229	218	77
234	218	42
237	218	49
238	218	25
21	217	38
28	217	51
29	217	55
30	217	35
32	217	34
35	217	50
37	217	36
40	217	126
41	217	156
42	217	64
46	217	64
48	217	41
50	217	100
52	217	28
53	217	46
54	217	73
59	217	48
61	217	34
63	217	47
64	217	147
66	217	67
67	217	62
68	217	72
73	217	157
75	217	117
76	217	75
81	217	37
84	217	23
86	217	89
88	217	55
89	217	42
90	217	79
91	217	42
97	217	26
100	217	38
102	217	57
103	217	115
104	217	62
105	217	75
106	217	49
107	217	41
108	217	117
113	217	84
114	217	75
115	217	112
117	217	166
118	217	18
119	217	42
120	217	59
123	217	43
124	217	83
126	217	220
127	217	26
136	217	25
141	217	62
146	217	73
148	217	85
154	217	67
158	217	80
159	217	85
160	217	81
161	217	32
162	217	77
163	217	50
164	217	62
165	217	176
168	217	40
170	217	97
171	217	46
173	217	100
174	217	77
175	217	11
176	217	67
177	217	31
179	217	122
180	217	222
181	217	141
183	217	85
184	217	21
185	217	143
186	217	13
187	217	30
189	217	60
190	217	164
193	217	28
196	217	38
203	217	77
204	217	66
207	217	77
211	217	18
216	217	99
220	217	55
226	217	44
19	216	85
21	216	89
29	216	167
32	216	37
35	216	40
37	216	61
38	216	20
40	216	93
44	216	24
46	216	54
50	216	141
51	216	47
53	216	33
55	216	85
62	216	47
64	216	118
66	216	74
67	216	14
68	216	63
69	216	60
74	216	46
76	216	51
81	216	54
85	216	68
88	216	86
91	216	53
95	216	69
96	216	81
100	216	51
101	216	43
102	216	49
104	216	61
105	216	57
107	216	78
110	216	85
111	216	54
113	216	36
114	216	214
117	216	47
118	216	64
119	216	76
120	216	3
130	216	54
131	216	41
134	216	62
137	216	59
141	216	47
142	216	52
145	216	116
152	216	134
153	216	49
154	216	35
159	216	82
166	216	36
167	216	135
168	216	122
171	216	44
174	216	158
175	216	79
178	216	72
179	216	100
180	216	149
181	216	115
182	216	73
183	216	46
185	216	44
192	216	97
194	216	145
197	216	48
201	216	80
205	216	43
210	216	28
215	216	56
216	216	17
217	216	76
226	216	37
11	215	62
20	215	74
21	215	66
23	215	9
24	215	185
31	215	38
33	215	21
39	215	57
40	215	30
41	215	28
42	215	108
49	215	39
52	215	53
53	215	67
56	215	67
57	215	43
59	215	35
60	215	88
63	215	92
64	215	82
66	215	34
69	215	78
72	215	97
73	215	125
75	215	86
79	215	66
80	215	44
81	215	32
82	215	25
83	215	57
84	215	76
85	215	80
86	215	81
88	215	44
89	215	96
90	215	93
91	215	33
92	215	109
93	215	49
97	215	55
98	215	67
99	215	38
101	215	98
102	215	261
103	215	61
105	215	30
108	215	80
109	215	37
114	215	70
115	215	27
116	215	29
117	215	53
120	215	90
121	215	39
122	215	19
123	215	68
128	215	99
130	215	63
141	215	127
143	215	130
144	215	59
147	215	51
152	215	86
153	215	27
154	215	52
155	215	128
157	215	183
158	215	33
160	215	86
162	215	125
163	215	124
165	215	44
167	215	135
168	215	48
171	215	26
172	215	123
173	215	44
174	215	42
175	215	139
178	215	112
181	215	27
183	215	144
186	215	90
188	215	23
191	215	81
194	215	151
195	215	22
196	215	74
199	215	119
200	215	50
201	215	27
202	215	92
205	215	43
207	215	70
208	215	76
209	215	47
211	215	94
212	215	107
216	215	28
217	215	62
222	215	26
223	215	58
234	215	16
15	214	66
22	214	68
24	214	14
25	214	87
28	214	76
29	214	42
30	214	128
34	214	56
35	214	65
36	214	74
37	214	84
38	214	53
40	214	38
43	214	39
45	214	130
46	214	46
47	214	56
50	214	51
55	214	33
57	214	54
58	214	30
62	214	38
64	214	57
65	214	51
66	214	62
68	214	23
70	214	50
71	214	34
72	214	90
73	214	68
76	214	73
79	214	53
80	214	39
81	214	16
82	214	72
84	214	33
85	214	219
87	214	44
88	214	91
90	214	60
91	214	156
92	214	61
93	214	82
95	214	79
96	214	113
97	214	174
99	214	51
100	214	66
101	214	122
102	214	41
103	214	70
104	214	94
106	214	84
107	214	248
108	214	68
116	214	45
120	214	64
121	214	102
123	214	90
127	214	43
130	214	38
132	214	92
141	214	29
143	214	76
144	214	53
150	214	31
152	214	52
154	214	32
155	214	76
156	214	70
157	214	20
158	214	67
159	214	20
160	214	127
162	214	54
164	214	72
165	214	111
171	214	36
173	214	63
174	214	38
175	214	97
176	214	48
177	214	44
178	214	21
181	214	103
183	214	137
184	214	92
186	214	50
187	214	134
188	214	152
189	214	33
191	214	84
198	214	135
199	214	40
204	214	98
205	214	17
211	214	63
214	214	70
216	214	52
223	214	84
15	213	63
19	213	58
20	213	55
21	213	51
22	213	71
23	213	26
27	213	13
28	213	49
29	213	115
30	213	77
32	213	88
35	213	34
38	213	11
39	213	14
42	213	54
43	213	39
45	213	55
46	213	246
52	213	143
62	213	38
63	213	34
65	213	79
69	213	64
71	213	103
72	213	87
73	213	103
75	213	157
76	213	30
77	213	15
79	213	49
80	213	66
81	213	72
82	213	29
84	213	54
85	213	117
86	213	46
87	213	146
88	213	65
89	213	65
90	213	64
95	213	72
97	213	32
98	213	46
100	213	99
101	213	100
102	213	60
103	213	83
104	213	42
105	213	79
106	213	53
107	213	65
108	213	35
109	213	46
111	213	15
112	213	34
115	213	25
121	213	34
127	213	139
128	213	11
130	213	18
131	213	31
134	213	33
150	213	229
154	213	70
156	213	94
158	213	148
159	213	28
161	213	20
163	213	53
164	213	45
170	213	21
175	213	48
176	213	34
179	213	113
180	213	85
184	213	104
185	213	63
189	213	15
190	213	48
191	213	22
193	213	30
194	213	84
198	213	131
199	213	122
202	213	37
203	213	25
204	213	84
208	213	57
210	213	60
217	213	94
219	213	35
220	213	32
231	213	15
8	212	40
20	212	39
21	212	83
24	212	50
30	212	26
37	212	45
38	212	66
39	212	63
42	212	38
44	212	54
49	212	80
54	212	50
57	212	21
58	212	71
60	212	21
61	212	19
68	212	133
69	212	84
70	212	34
71	212	124
73	212	20
74	212	58
75	212	51
77	212	25
79	212	44
80	212	46
83	212	60
84	212	26
85	212	59
86	212	163
89	212	132
90	212	41
91	212	93
93	212	75
94	212	112
96	212	80
99	212	30
100	212	142
105	212	43
106	212	35
110	212	50
111	212	45
121	212	110
124	212	35
125	212	44
126	212	20
130	212	101
141	212	36
147	212	41
149	212	16
151	212	35
156	212	51
158	212	49
161	212	22
162	212	64
163	212	57
164	212	194
165	212	82
170	212	30
171	212	90
172	212	109
175	212	67
179	212	173
181	212	120
182	212	70
183	212	137
184	212	83
185	212	60
186	212	57
187	212	51
188	212	67
192	212	83
196	212	44
199	212	44
201	212	64
203	212	60
211	212	26
213	212	66
214	212	32
215	212	45
220	212	47
225	212	45
227	212	43
228	212	42
229	212	111
230	212	14
8	211	74
17	211	38
25	211	54
29	211	60
30	211	65
33	211	53
34	211	46
42	211	90
43	211	115
49	211	93
50	211	132
56	211	18
57	211	59
58	211	23
61	211	31
62	211	90
63	211	56
65	211	91
68	211	120
70	211	98
73	211	37
78	211	52
79	211	181
80	211	64
81	211	70
82	211	63
83	211	46
85	211	71
89	211	57
90	211	51
92	211	60
93	211	136
94	211	44
97	211	72
98	211	192
100	211	43
102	211	28
106	211	55
107	211	45
110	211	43
112	211	67
113	211	28
114	211	52
115	211	55
118	211	120
121	211	70
128	211	44
138	211	92
142	211	35
143	211	175
144	211	34
150	211	37
157	211	110
159	211	69
160	211	74
161	211	32
162	211	58
163	211	70
165	211	89
166	211	103
167	211	48
168	211	67
170	211	89
171	211	65
172	211	69
173	211	28
175	211	79
176	211	61
179	211	132
180	211	74
181	211	113
184	211	19
187	211	53
189	211	31
190	211	60
193	211	71
195	211	56
197	211	34
199	211	92
202	211	40
205	211	39
207	211	88
208	211	47
211	211	110
212	211	68
215	211	27
216	211	83
223	211	27
224	211	30
232	211	36
234	211	70
241	211	24
18	210	17
19	210	37
20	210	64
22	210	35
23	210	67
27	210	65
34	210	108
37	210	61
38	210	46
39	210	98
40	210	45
42	210	19
43	210	22
46	210	78
48	210	92
49	210	62
52	210	37
55	210	45
56	210	49
58	210	27
60	210	57
63	210	68
65	210	13
66	210	37
68	210	74
69	210	63
70	210	69
71	210	31
72	210	144
73	210	49
74	210	36
76	210	55
77	210	87
79	210	71
80	210	23
81	210	150
82	210	52
83	210	14
84	210	18
86	210	60
87	210	87
88	210	79
89	210	91
91	210	99
92	210	13
94	210	17
95	210	93
98	210	28
100	210	73
102	210	43
103	210	41
105	210	133
107	210	245
109	210	36
111	210	90
113	210	57
114	210	51
119	210	48
120	210	94
124	210	45
126	210	101
130	210	140
131	210	33
132	210	23
133	210	32
136	210	76
141	210	55
143	210	26
149	210	18
150	210	49
152	210	23
153	210	72
156	210	71
158	210	163
161	210	161
162	210	192
164	210	19
165	210	139
166	210	69
167	210	116
169	210	19
172	210	103
174	210	46
176	210	73
177	210	33
178	210	117
185	210	39
187	210	83
189	210	200
192	210	54
195	210	52
207	210	134
208	210	114
214	210	59
220	210	44
221	210	59
222	210	72
224	210	47
225	210	103
231	210	60
237	210	65
239	210	60
241	210	21
15	209	37
16	209	52
22	209	73
31	209	37
33	209	66
34	209	17
36	209	41
40	209	90
42	209	43
45	209	59
52	209	49
53	209	33
55	209	61
56	209	79
57	209	52
61	209	25
62	209	38
63	209	52
65	209	54
66	209	104
67	209	78
69	209	32
71	209	30
73	209	81
74	209	50
78	209	65
81	209	51
83	209	89
84	209	70
89	209	56
90	209	52
92	209	169
93	209	31
96	209	36
97	209	72
98	209	63
99	209	17
100	209	70
102	209	148
103	209	14
108	209	22
109	209	76
111	209	41
112	209	23
117	209	56
119	209	27
121	209	70
123	209	20
125	209	42
126	209	37
131	209	57
133	209	61
134	209	35
136	209	91
138	209	70
141	209	120
142	209	15
146	209	44
147	209	38
148	209	55
150	209	81
151	209	51
152	209	135
157	209	18
158	209	33
162	209	96
163	209	6
164	209	83
166	209	36
167	209	144
169	209	51
170	209	137
171	209	119
172	209	75
174	209	43
178	209	200
179	209	64
180	209	49
181	209	47
183	209	24
184	209	65
185	209	37
186	209	65
188	209	67
189	209	194
191	209	35
192	209	153
196	209	133
197	209	67
199	209	58
201	209	33
204	209	22
207	209	142
208	209	136
209	209	44
211	209	71
213	209	108
214	209	38
219	209	73
220	209	79
223	209	65
227	209	25
230	209	52
234	209	52
235	209	89
244	209	35
12	208	31
14	208	66
15	208	38
18	208	51
34	208	78
39	208	44
40	208	46
43	208	57
46	208	38
48	208	32
49	208	42
51	208	42
52	208	48
55	208	23
58	208	81
60	208	59
62	208	46
66	208	26
69	208	54
70	208	65
77	208	41
79	208	42
83	208	108
84	208	50
85	208	41
86	208	77
89	208	77
90	208	257
91	208	45
93	208	102
94	208	37
96	208	118
97	208	50
99	208	56
100	208	131
103	208	127
104	208	108
107	208	49
108	208	29
111	208	30
112	208	38
114	208	184
117	208	62
118	208	53
120	208	80
130	208	19
132	208	34
133	208	92
142	208	73
143	208	110
144	208	73
146	208	78
147	208	73
151	208	34
154	208	54
157	208	118
158	208	54
160	208	75
161	208	29
162	208	52
164	208	68
167	208	74
169	208	36
170	208	118
171	208	75
175	208	76
177	208	124
178	208	30
179	208	105
181	208	18
182	208	61
186	208	88
187	208	102
189	208	40
190	208	52
191	208	81
193	208	37
196	208	174
197	208	61
199	208	44
200	208	27
205	208	68
206	208	159
207	208	44
213	208	98
214	208	66
215	208	43
219	208	127
220	208	62
221	208	76
224	208	96
225	208	90
228	208	51
230	208	19
231	208	32
233	208	14
234	208	72
240	208	55
24	207	48
25	207	39
26	207	60
33	207	14
35	207	25
37	207	71
40	207	88
42	207	31
43	207	36
44	207	77
45	207	62
46	207	65
47	207	52
48	207	47
55	207	98
56	207	97
58	207	126
67	207	94
68	207	58
69	207	49
70	207	106
75	207	214
76	207	39
77	207	88
79	207	47
80	207	66
84	207	7
85	207	95
86	207	36
87	207	19
88	207	78
90	207	65
91	207	53
92	207	156
94	207	41
99	207	208
106	207	57
108	207	71
110	207	62
111	207	127
113	207	150
117	207	100
119	207	30
123	207	48
125	207	62
131	207	85
138	207	36
139	207	127
140	207	60
155	207	46
156	207	129
158	207	150
159	207	19
163	207	38
165	207	71
166	207	51
167	207	93
168	207	391
169	207	48
170	207	57
172	207	57
176	207	121
177	207	61
179	207	21
181	207	13
182	207	90
183	207	68
184	207	33
188	207	62
189	207	64
193	207	27
195	207	125
196	207	44
198	207	35
199	207	34
201	207	25
202	207	82
203	207	77
204	207	57
206	207	75
207	207	183
208	207	86
209	207	51
210	207	45
213	207	82
215	207	98
219	207	10
220	207	80
221	207	60
224	207	135
225	207	87
233	207	2
10	206	40
16	206	78
32	206	97
33	206	28
34	206	33
35	206	27
37	206	83
38	206	101
42	206	33
43	206	41
45	206	56
47	206	95
49	206	55
55	206	49
59	206	45
60	206	68
61	206	118
62	206	95
63	206	26
65	206	47
66	206	26
69	206	54
72	206	66
73	206	28
75	206	116
76	206	113
78	206	62
79	206	23
81	206	85
82	206	36
84	206	120
85	206	43
86	206	137
87	206	36
88	206	12
89	206	31
91	206	54
92	206	53
95	206	95
96	206	106
98	206	99
99	206	55
100	206	117
112	206	71
113	206	133
116	206	38
117	206	19
119	206	11
125	206	3
131	206	11
143	206	37
144	206	72
151	206	139
155	206	49
158	206	28
160	206	20
163	206	92
167	206	61
168	206	74
173	206	45
175	206	33
176	206	174
177	206	6
179	206	191
180	206	46
181	206	51
182	206	117
183	206	72
184	206	81
185	206	64
187	206	13
189	206	57
190	206	29
191	206	76
193	206	56
195	206	48
196	206	220
197	206	75
198	206	36
204	206	107
205	206	46
206	206	66
207	206	87
210	206	62
213	206	97
215	206	22
219	206	57
220	206	272
221	206	77
224	206	40
225	206	82
235	206	25
238	206	142
16	205	88
19	205	105
28	205	17
32	205	33
34	205	67
35	205	50
40	205	40
41	205	144
42	205	21
43	205	95
44	205	114
45	205	27
47	205	34
50	205	76
51	205	35
54	205	227
55	205	79
56	205	119
60	205	98
62	205	69
65	205	22
66	205	50
67	205	30
68	205	136
69	205	187
70	205	81
71	205	135
72	205	24
73	205	23
75	205	73
76	205	56
78	205	26
83	205	61
84	205	26
87	205	57
88	205	76
89	205	57
90	205	93
91	205	48
92	205	52
96	205	14
97	205	62
99	205	28
100	205	113
102	205	99
104	205	117
105	205	16
106	205	175
107	205	57
109	205	68
112	205	28
114	205	93
115	205	83
117	205	145
119	205	142
122	205	55
132	205	70
134	205	58
139	205	31
140	205	48
142	205	83
143	205	53
144	205	34
147	205	2
148	205	90
155	205	84
156	205	47
159	205	52
162	205	67
163	205	48
164	205	41
166	205	86
168	205	92
169	205	40
173	205	32
174	205	93
178	205	8
181	205	36
183	205	75
189	205	42
190	205	26
195	205	56
196	205	47
197	205	161
199	205	21
202	205	16
204	205	51
205	205	24
206	205	46
207	205	53
211	205	72
212	205	112
213	205	15
214	205	77
216	205	126
219	205	65
221	205	81
222	205	99
236	205	83
241	205	129
9	204	27
13	204	65
15	204	39
17	204	60
22	204	45
26	204	84
30	204	35
32	204	47
34	204	64
35	204	93
37	204	59
38	204	104
40	204	70
41	204	40
42	204	97
44	204	85
46	204	72
47	204	45
48	204	69
50	204	82
52	204	69
53	204	217
54	204	72
57	204	30
61	204	79
65	204	35
67	204	44
68	204	60
71	204	34
76	204	18
77	204	54
79	204	81
80	204	47
81	204	49
84	204	83
87	204	133
88	204	30
89	204	80
93	204	132
94	204	47
95	204	186
96	204	81
98	204	51
99	204	156
102	204	147
103	204	275
104	204	94
106	204	94
107	204	42
109	204	66
110	204	69
113	204	70
116	204	42
118	204	43
120	204	82
123	204	50
128	204	54
138	204	81
139	204	37
140	204	119
146	204	36
147	204	188
157	204	56
161	204	40
162	204	68
163	204	48
168	204	41
172	204	53
173	204	52
177	204	49
181	204	97
182	204	20
183	204	59
187	204	42
189	204	47
192	204	128
194	204	55
195	204	115
196	204	150
198	204	118
199	204	176
200	204	48
201	204	20
202	204	43
204	204	85
211	204	30
212	204	38
216	204	17
217	204	58
218	204	79
219	204	59
226	204	36
232	204	51
234	204	73
19	203	6
26	203	97
30	203	58
42	203	95
43	203	86
45	203	83
50	203	94
52	203	154
53	203	68
55	203	64
57	203	58
64	203	51
66	203	146
69	203	33
73	203	28
74	203	37
75	203	31
77	203	88
78	203	86
80	203	51
81	203	130
85	203	26
87	203	60
88	203	76
89	203	93
92	203	59
93	203	199
94	203	150
99	203	25
100	203	54
101	203	64
102	203	53
103	203	74
104	203	53
106	203	68
107	203	54
112	203	177
116	203	80
120	203	59
122	203	27
124	203	27
131	203	116
133	203	83
137	203	65
138	203	117
140	203	43
141	203	56
146	203	79
147	203	20
149	203	51
154	203	75
155	203	26
158	203	73
161	203	14
164	203	45
165	203	81
168	203	45
171	203	28
174	203	35
175	203	105
176	203	43
177	203	186
178	203	118
179	203	51
181	203	101
183	203	95
184	203	62
185	203	122
186	203	103
190	203	57
191	203	45
192	203	145
195	203	229
196	203	191
198	203	50
203	203	31
204	203	70
205	203	76
206	203	20
207	203	141
208	203	126
209	203	54
213	203	31
215	203	30
219	203	22
220	203	96
233	203	27
19	202	42
21	202	42
25	202	49
27	202	33
30	202	62
32	202	58
34	202	56
35	202	31
36	202	61
38	202	39
40	202	38
41	202	68
42	202	3
43	202	23
46	202	60
48	202	69
49	202	98
53	202	72
54	202	71
55	202	66
56	202	59
61	202	30
62	202	80
64	202	57
67	202	93
68	202	110
69	202	77
70	202	57
72	202	49
73	202	65
77	202	52
78	202	43
79	202	25
80	202	146
81	202	64
83	202	75
86	202	43
87	202	11
88	202	132
90	202	64
93	202	62
94	202	49
95	202	46
96	202	21
97	202	57
98	202	130
99	202	164
100	202	76
101	202	98
102	202	101
103	202	17
105	202	108
106	202	85
107	202	111
109	202	41
110	202	82
113	202	195
116	202	69
117	202	98
119	202	87
120	202	137
121	202	113
123	202	37
129	202	137
130	202	96
133	202	71
134	202	58
136	202	90
146	202	39
148	202	35
149	202	53
152	202	20
157	202	23
160	202	92
162	202	23
164	202	32
165	202	16
167	202	49
168	202	52
170	202	111
173	202	82
174	202	15
175	202	40
176	202	66
177	202	37
178	202	163
181	202	110
182	202	146
183	202	153
188	202	113
189	202	71
190	202	31
194	202	18
195	202	97
197	202	55
199	202	46
204	202	133
205	202	59
206	202	49
209	202	128
212	202	58
216	202	102
217	202	93
218	202	67
220	202	69
227	202	117
9	201	27
16	201	39
17	201	51
20	201	31
21	201	42
22	201	25
23	201	33
26	201	36
27	201	45
29	201	22
30	201	54
31	201	62
34	201	123
38	201	13
41	201	55
42	201	17
43	201	18
44	201	44
50	201	29
54	201	28
57	201	48
58	201	53
59	201	47
61	201	68
62	201	83
64	201	94
66	201	19
68	201	22
71	201	61
72	201	77
77	201	60
79	201	50
80	201	43
81	201	82
82	201	71
83	201	213
84	201	24
87	201	33
88	201	63
89	201	41
91	201	38
92	201	91
93	201	63
94	201	71
95	201	80
98	201	92
99	201	104
100	201	40
101	201	49
104	201	163
105	201	53
106	201	98
107	201	36
111	201	74
118	201	51
119	201	138
120	201	65
121	201	63
122	201	101
123	201	96
128	201	29
129	201	23
130	201	30
132	201	30
133	201	114
135	201	89
138	201	66
141	201	39
142	201	74
146	201	53
152	201	119
155	201	34
159	201	41
162	201	60
167	201	51
169	201	22
171	201	173
172	201	182
173	201	39
174	201	88
175	201	174
176	201	62
177	201	63
178	201	72
181	201	54
184	201	58
187	201	62
197	201	39
198	201	103
199	201	60
201	201	88
203	201	54
204	201	77
207	201	62
208	201	146
210	201	72
216	201	98
218	201	114
220	201	154
223	201	127
224	201	44
227	201	73
229	201	70
234	201	56
235	201	33
240	201	66
10	200	52
21	200	53
23	200	69
25	200	33
27	200	37
29	200	57
31	200	35
33	200	49
34	200	31
35	200	40
42	200	79
43	200	24
44	200	84
46	200	74
49	200	62
58	200	52
59	200	32
63	200	49
65	200	44
69	200	52
70	200	59
71	200	43
74	200	86
75	200	45
76	200	117
77	200	133
82	200	15
83	200	140
84	200	71
86	200	78
88	200	56
89	200	26
91	200	65
92	200	74
95	200	69
96	200	69
98	200	21
99	200	61
100	200	235
101	200	59
102	200	80
104	200	100
106	200	110
107	200	63
110	200	39
111	200	56
112	200	96
113	200	61
115	200	53
118	200	74
120	200	60
121	200	44
124	200	67
131	200	88
132	200	46
133	200	53
134	200	45
135	200	4
139	200	17
142	200	23
149	200	48
152	200	56
153	200	34
158	200	50
161	200	51
163	200	48
165	200	18
167	200	81
171	200	56
174	200	77
175	200	42
176	200	57
177	200	40
178	200	27
181	200	22
182	200	56
184	200	88
185	200	71
186	200	71
190	200	48
194	200	82
195	200	99
196	200	62
201	200	133
203	200	51
206	200	54
209	200	146
210	200	52
212	200	66
216	200	50
224	200	44
225	200	9
226	200	30
234	200	52
236	200	59
237	200	54
246	200	71
9	199	70
26	199	66
27	199	53
29	199	87
30	199	124
31	199	116
32	199	35
33	199	58
34	199	55
37	199	35
38	199	48
40	199	70
41	199	49
42	199	8
44	199	59
47	199	58
49	199	166
53	199	26
55	199	67
57	199	96
58	199	27
62	199	54
63	199	60
66	199	51
69	199	144
70	199	85
72	199	51
74	199	45
76	199	37
77	199	24
78	199	55
79	199	51
80	199	87
81	199	36
83	199	5
84	199	42
85	199	18
86	199	39
89	199	105
90	199	63
92	199	33
93	199	99
94	199	88
95	199	102
96	199	33
97	199	101
98	199	78
100	199	4
101	199	22
102	199	58
103	199	108
104	199	103
105	199	103
106	199	100
111	199	37
112	199	103
119	199	78
120	199	77
125	199	67
128	199	57
129	199	70
131	199	56
132	199	28
148	199	38
155	199	27
160	199	62
162	199	39
163	199	76
169	199	47
171	199	90
172	199	71
174	199	33
177	199	87
181	199	148
182	199	171
183	199	93
184	199	49
185	199	75
189	199	66
191	199	114
193	199	62
195	199	111
199	199	71
200	199	134
204	199	73
205	199	184
206	199	39
208	199	83
209	199	63
210	199	61
217	199	36
224	199	67
247	199	70
16	198	36
22	198	40
24	198	91
29	198	52
30	198	67
32	198	67
33	198	71
34	198	70
35	198	84
43	198	58
44	198	83
45	198	91
52	198	55
54	198	27
55	198	22
56	198	88
61	198	143
63	198	42
68	198	113
69	198	79
72	198	70
73	198	62
74	198	38
75	198	81
76	198	57
80	198	46
81	198	91
82	198	65
83	198	72
84	198	167
85	198	57
86	198	156
87	198	107
88	198	43
89	198	67
94	198	74
95	198	124
96	198	171
97	198	93
98	198	69
99	198	70
100	198	52
101	198	130
103	198	88
105	198	53
106	198	162
108	198	63
110	198	116
111	198	80
113	198	63
121	198	42
124	198	111
125	198	66
128	198	44
129	198	69
131	198	53
132	198	93
133	198	58
134	198	78
138	198	56
143	198	52
146	198	46
149	198	32
151	198	44
161	198	49
162	198	66
163	198	58
169	198	42
170	198	41
171	198	113
173	198	19
174	198	44
176	198	226
177	198	90
178	198	73
179	198	103
180	198	44
182	198	83
183	198	103
185	198	20
187	198	46
189	198	55
190	198	108
191	198	188
193	198	187
197	198	93
198	198	62
199	198	76
200	198	197
201	198	25
202	198	43
203	198	94
208	198	62
210	198	38
212	198	67
213	198	75
215	198	30
216	198	33
218	198	50
219	198	55
233	198	29
16	197	71
19	197	27
21	197	92
28	197	64
29	197	69
30	197	16
37	197	43
38	197	40
40	197	113
42	197	122
43	197	70
46	197	45
47	197	33
48	197	34
50	197	73
51	197	52
52	197	26
54	197	13
57	197	54
59	197	58
61	197	147
66	197	70
68	197	77
69	197	100
72	197	62
74	197	107
75	197	56
76	197	26
81	197	19
84	197	25
85	197	53
88	197	107
89	197	76
92	197	272
93	197	30
94	197	37
95	197	72
96	197	73
97	197	89
99	197	165
100	197	47
101	197	163
102	197	42
105	197	89
106	197	69
110	197	63
111	197	112
112	197	54
117	197	146
119	197	46
125	197	55
128	197	118
129	197	38
130	197	102
133	197	92
135	197	54
137	197	62
139	197	98
140	197	23
141	197	60
146	197	65
147	197	15
148	197	60
150	197	48
151	197	26
154	197	15
160	197	39
161	197	124
162	197	208
163	197	79
166	197	95
170	197	19
171	197	91
173	197	20
174	197	89
175	197	35
176	197	57
177	197	77
184	197	32
185	197	91
189	197	98
190	197	23
191	197	135
193	197	82
194	197	68
196	197	63
197	197	96
199	197	59
200	197	85
203	197	53
204	197	5
207	197	44
208	197	57
209	197	46
216	197	103
217	197	29
222	197	31
224	197	59
225	197	23
226	197	54
228	197	45
235	197	82
237	197	38
16	196	21
17	196	40
19	196	50
20	196	99
22	196	60
26	196	30
30	196	77
31	196	88
32	196	66
33	196	13
34	196	62
35	196	32
36	196	73
39	196	16
40	196	75
41	196	95
42	196	32
43	196	74
44	196	102
45	196	47
47	196	88
50	196	113
51	196	55
52	196	92
58	196	47
60	196	54
64	196	48
66	196	223
68	196	50
69	196	20
70	196	96
74	196	85
75	196	144
79	196	49
86	196	53
91	196	130
92	196	33
93	196	30
94	196	7
98	196	97
103	196	71
104	196	20
106	196	156
107	196	34
109	196	82
110	196	38
111	196	38
115	196	72
116	196	103
118	196	38
119	196	91
121	196	46
122	196	100
123	196	73
125	196	33
127	196	80
129	196	23
131	196	34
134	196	33
135	196	48
138	196	73
139	196	92
142	196	63
143	196	131
144	196	157
147	196	75
150	196	36
152	196	125
156	196	150
157	196	114
161	196	35
165	196	131
166	196	51
167	196	61
177	196	111
178	196	181
180	196	77
184	196	123
185	196	103
187	196	53
189	196	106
190	196	124
191	196	88
192	196	173
193	196	13
194	196	72
196	196	47
197	196	77
198	196	51
199	196	27
203	196	166
204	196	32
205	196	57
219	196	95
220	196	60
223	196	52
224	196	36
225	196	79
242	196	52
12	195	37
13	195	43
17	195	111
18	195	50
24	195	165
25	195	81
26	195	83
27	195	119
28	195	57
30	195	51
32	195	191
35	195	14
36	195	126
37	195	77
38	195	60
42	195	94
43	195	74
44	195	24
45	195	141
46	195	84
47	195	68
48	195	103
49	195	57
51	195	54
52	195	24
58	195	60
59	195	60
64	195	25
65	195	77
66	195	56
67	195	59
68	195	38
69	195	14
70	195	42
71	195	46
74	195	53
84	195	64
86	195	124
88	195	44
91	195	17
92	195	35
93	195	33
94	195	50
95	195	45
98	195	48
99	195	58
100	195	73
101	195	79
103	195	4
104	195	32
105	195	122
106	195	115
107	195	93
110	195	23
111	195	26
112	195	133
113	195	33
115	195	102
116	195	53
119	195	46
122	195	80
123	195	68
125	195	29
128	195	68
130	195	72
131	195	32
133	195	23
134	195	44
138	195	132
139	195	59
140	195	70
142	195	106
143	195	21
144	195	57
146	195	97
148	195	44
150	195	74
155	195	41
156	195	103
158	195	54
160	195	53
163	195	81
165	195	57
166	195	47
169	195	75
174	195	106
181	195	83
184	195	77
186	195	20
188	195	58
189	195	61
190	195	51
194	195	26
198	195	28
199	195	25
200	195	44
201	195	40
203	195	66
204	195	22
205	195	38
207	195	43
209	195	11
211	195	42
214	195	62
216	195	54
218	195	136
219	195	46
220	195	43
222	195	43
223	195	104
224	195	68
225	195	96
229	195	51
234	195	16
244	195	71
15	194	51
19	194	30
26	194	31
27	194	27
28	194	55
29	194	74
30	194	29
31	194	49
33	194	71
35	194	46
36	194	80
38	194	26
39	194	42
42	194	68
43	194	121
45	194	93
47	194	62
48	194	22
50	194	83
51	194	36
53	194	109
60	194	13
63	194	75
64	194	21
70	194	33
71	194	35
74	194	36
84	194	65
85	194	16
86	194	42
89	194	86
90	194	70
92	194	71
93	194	63
94	194	105
96	194	83
97	194	67
98	194	52
99	194	35
101	194	141
105	194	76
106	194	49
107	194	101
108	194	78
109	194	220
110	194	49
111	194	93
113	194	25
114	194	129
119	194	49
120	194	36
121	194	27
123	194	66
124	194	57
126	194	25
128	194	21
130	194	28
131	194	60
136	194	67
137	194	190
141	194	20
100	246	54
76	245	19
78	245	113
101	245	41
127	245	47
132	245	49
54	244	54
69	244	63
80	244	35
81	244	59
82	244	39
83	244	108
84	244	29
89	244	46
90	244	65
95	244	11
96	244	13
97	244	61
98	244	57
99	244	74
101	244	41
106	244	7
117	244	65
152	244	53
181	244	23
48	243	25
53	243	98
54	243	40
55	243	41
58	243	43
69	243	37
70	243	42
71	243	102
82	243	54
83	243	71
85	243	22
93	243	77
94	243	66
95	243	139
96	243	34
97	243	128
98	243	116
99	243	52
127	243	68
129	243	14
131	243	21
139	243	59
180	243	67
190	243	93
36	242	164
45	242	57
51	242	69
56	242	48
57	242	45
59	242	70
64	242	47
68	242	28
69	242	50
70	242	133
71	242	53
72	242	70
73	242	38
76	242	35
80	242	41
82	242	71
87	242	52
88	242	84
89	242	51
91	242	37
92	242	39
94	242	85
95	242	62
96	242	63
98	242	64
99	242	55
100	242	72
101	242	78
102	242	41
104	242	29
124	242	77
126	242	55
130	242	36
144	242	52
160	242	24
171	242	89
182	242	94
195	242	62
43	241	48
47	241	68
50	241	49
58	241	81
67	241	82
68	241	26
69	241	71
70	241	56
74	241	61
75	241	69
76	241	27
77	241	31
78	241	193
79	241	82
80	241	58
81	241	98
83	241	1
88	241	79
89	241	48
90	241	38
92	241	31
94	241	112
96	241	68
97	241	89
98	241	185
99	241	238
100	241	63
101	241	37
102	241	29
104	241	14
121	241	20
124	241	62
142	241	65
161	241	9
165	241	39
167	241	30
173	241	22
174	241	44
177	241	33
181	241	47
195	241	52
203	241	67
204	241	62
35	240	49
39	240	83
45	240	54
52	240	33
56	240	32
60	240	54
63	240	38
65	240	108
66	240	74
69	240	22
70	240	30
73	240	55
74	240	84
75	240	56
76	240	128
78	240	60
80	240	60
81	240	68
82	240	125
83	240	69
84	240	91
87	240	75
88	240	54
90	240	95
91	240	36
95	240	183
96	240	231
97	240	129
98	240	145
99	240	138
100	240	165
101	240	123
102	240	96
103	240	93
105	240	73
110	240	27
111	240	71
113	240	65
116	240	58
123	240	40
126	240	29
129	240	42
132	240	45
140	240	66
154	240	88
163	240	105
167	240	48
170	240	71
178	240	75
179	240	67
189	240	45
25	239	49
39	239	26
40	239	20
43	239	72
50	239	80
53	239	29
59	239	38
63	239	55
64	239	52
70	239	152
71	239	58
72	239	73
76	239	41
77	239	144
78	239	157
79	239	49
80	239	82
81	239	84
82	239	136
83	239	85
84	239	115
85	239	124
88	239	56
89	239	55
93	239	49
94	239	107
95	239	113
96	239	161
97	239	264
98	239	222
99	239	163
100	239	185
101	239	124
102	239	82
103	239	16
104	239	54
111	239	65
113	239	68
126	239	39
132	239	31
149	239	57
150	239	71
153	239	101
156	239	91
158	239	59
163	239	71
164	239	30
166	239	50
168	239	33
170	239	46
171	239	43
172	239	86
176	239	104
177	239	33
184	239	40
185	239	57
186	239	45
188	239	16
190	239	37
191	239	60
218	239	41
32	238	28
45	238	43
48	238	89
50	238	73
64	238	16
65	238	105
68	238	73
70	238	68
75	238	37
76	238	65
77	238	110
78	238	27
79	238	51
82	238	49
84	238	79
85	238	68
86	238	149
87	238	95
89	238	112
92	238	45
93	238	57
95	238	81
96	238	102
97	238	164
98	238	201
99	238	235
100	238	243
101	238	106
102	238	84
103	238	106
105	238	77
107	238	24
108	238	101
115	238	53
117	238	33
120	238	18
123	238	54
127	238	42
158	238	53
163	238	125
165	238	39
168	238	79
171	238	95
172	238	70
173	238	47
174	238	67
176	238	67
177	238	72
180	238	33
183	238	77
189	238	57
195	238	28
204	238	73
207	238	45
26	237	45
33	237	50
36	237	56
43	237	22
47	237	108
50	237	88
51	237	89
55	237	48
56	237	35
57	237	62
59	237	77
62	237	39
66	237	173
67	237	169
68	237	34
69	237	74
70	237	54
73	237	13
74	237	40
76	237	51
78	237	58
79	237	87
81	237	129
82	237	44
84	237	84
85	237	77
86	237	41
87	237	43
88	237	116
89	237	147
90	237	42
91	237	53
93	237	204
94	237	54
95	237	34
96	237	97
97	237	159
98	237	88
99	237	164
100	237	121
101	237	210
102	237	192
103	237	198
107	237	48
109	237	54
114	237	24
115	237	51
121	237	18
144	237	35
151	237	53
155	237	21
158	237	69
164	237	44
174	237	34
176	237	102
182	237	78
183	237	13
185	237	25
187	237	75
188	237	15
194	237	66
202	237	22
204	237	50
213	237	63
27	236	31
41	236	54
48	236	47
56	236	113
57	236	120
58	236	39
65	236	14
70	236	144
71	236	88
72	236	61
74	236	56
76	236	80
78	236	213
79	236	153
80	236	105
81	236	99
82	236	95
83	236	60
84	236	90
85	236	106
87	236	116
88	236	60
91	236	41
92	236	120
93	236	42
94	236	164
95	236	77
96	236	68
97	236	54
98	236	106
99	236	250
100	236	129
101	236	133
102	236	59
104	236	89
106	236	40
108	236	64
110	236	150
114	236	58
121	236	11
147	236	49
151	236	53
156	236	62
157	236	17
161	236	33
164	236	107
165	236	38
170	236	95
172	236	45
173	236	52
174	236	16
178	236	26
182	236	28
184	236	24
185	236	46
188	236	45
201	236	29
217	236	87
36	235	42
42	235	47
43	235	80
45	235	62
48	235	107
50	235	16
54	235	52
57	235	45
63	235	53
64	235	121
71	235	66
72	235	156
74	235	54
75	235	37
76	235	82
77	235	50
78	235	141
79	235	146
80	235	126
81	235	172
82	235	152
83	235	84
84	235	191
85	235	148
88	235	73
89	235	147
90	235	86
91	235	43
92	235	70
93	235	99
94	235	106
96	235	75
97	235	136
98	235	97
99	235	156
100	235	60
101	235	203
102	235	116
103	235	63
104	235	147
106	235	63
107	235	54
108	235	10
110	235	22
116	235	60
118	235	27
125	235	45
130	235	36
135	235	24
143	235	27
151	235	33
157	235	160
164	235	23
165	235	156
168	235	37
171	235	81
178	235	36
181	235	141
182	235	13
184	235	79
185	235	96
187	235	15
188	235	60
189	235	50
191	235	88
204	235	58
23	234	34
32	234	67
35	234	21
37	234	62
38	234	92
42	234	41
43	234	41
45	234	43
46	234	50
47	234	79
48	234	131
55	234	41
59	234	44
62	234	57
64	234	143
65	234	71
67	234	90
68	234	138
69	234	65
70	234	98
71	234	73
73	234	73
74	234	46
76	234	32
77	234	158
79	234	63
83	234	189
84	234	102
85	234	45
86	234	161
87	234	43
88	234	97
89	234	77
92	234	14
93	234	66
94	234	60
96	234	114
97	234	46
98	234	197
99	234	106
102	234	148
104	234	35
105	234	38
115	234	75
116	234	75
117	234	59
118	234	33
129	234	52
130	234	99
131	234	66
137	234	48
140	234	34
145	234	49
152	234	84
156	234	33
158	234	32
159	234	62
160	234	42
161	234	48
166	234	57
167	234	67
169	234	68
170	234	42
171	234	51
172	234	62
173	234	41
174	234	65
179	234	77
183	234	62
185	234	93
22	233	39
23	233	41
34	233	75
38	233	53
39	233	61
40	233	18
41	233	103
43	233	65
48	233	25
49	233	34
50	233	61
53	233	19
58	233	128
59	233	52
61	233	20
63	233	33
65	233	96
66	233	41
67	233	63
69	233	34
71	233	142
72	233	55
75	233	72
76	233	73
77	233	91
78	233	87
79	233	83
80	233	120
81	233	67
83	233	186
84	233	121
85	233	68
86	233	140
87	233	47
88	233	67
89	233	57
90	233	45
91	233	89
93	233	72
96	233	63
97	233	46
98	233	31
99	233	40
101	233	93
102	233	78
105	233	40
110	233	52
121	233	29
122	233	21
123	233	70
134	233	26
152	233	67
157	233	81
158	233	79
160	233	35
163	233	47
165	233	20
169	233	67
170	233	124
173	233	43
174	233	59
175	233	135
177	233	51
178	233	31
181	233	66
184	233	86
185	233	73
190	233	71
211	233	93
219	233	60
14	232	57
26	232	41
28	232	169
30	232	64
42	232	39
44	232	75
51	232	66
54	232	49
58	232	69
62	232	136
63	232	103
64	232	28
65	232	29
69	232	30
70	232	33
71	232	82
73	232	56
75	232	48
76	232	112
77	232	79
79	232	124
80	232	140
81	232	101
82	232	106
83	232	95
84	232	132
85	232	44
87	232	125
88	232	89
89	232	206
90	232	119
95	232	21
97	232	141
102	232	120
104	232	46
105	232	106
106	232	148
107	232	65
111	232	127
112	232	82
117	232	103
119	232	40
147	232	17
150	232	81
151	232	82
156	232	93
159	232	34
161	232	59
164	232	61
168	232	73
169	232	46
172	232	17
173	232	141
176	232	185
177	232	99
179	232	19
181	232	23
182	232	67
185	232	50
198	232	73
202	232	28
207	232	39
211	232	87
220	232	49
221	232	56
40	231	43
41	231	34
48	231	19
56	231	101
58	231	70
59	231	62
60	231	62
63	231	106
64	231	39
68	231	35
69	231	65
71	231	18
72	231	138
73	231	41
75	231	43
76	231	15
77	231	53
78	231	112
79	231	137
80	231	68
81	231	80
82	231	110
83	231	134
84	231	129
85	231	185
86	231	95
87	231	37
88	231	40
89	231	91
90	231	161
91	231	104
94	231	110
96	231	52
100	231	33
101	231	136
103	231	63
104	231	40
106	231	84
110	231	70
113	231	72
114	231	65
117	231	25
124	231	78
127	231	62
135	231	42
138	231	74
139	231	146
142	231	48
146	231	77
149	231	14
150	231	68
151	231	96
153	231	61
155	231	109
158	231	54
162	231	36
163	231	57
165	231	57
166	231	25
168	231	21
169	231	60
170	231	78
171	231	81
# chipNumber: 4
# chipName:   G 10 W69
# numHits:    296
197	244	30
203	240	8
222	240	19
157	237	14
218	237	40
220	237	21
179	236	38
191	236	60
208	236	82
201	235	76
221	235	74
243	235	48
164	234	36
199	234	51
210	234	48
145	233	52
215	233	87
67	232	34
161	232	61
212	232	39
214	232	70
240	232	85
81	231	40
156	231	32
196	231	54
202	231	37
235	231	74
242	231	32
20	230	59
132	230	66
156	230	29
171	230	55
232	230	100
81	229	82
83	229	51
129	229	51
142	229	74
161	229	51
211	229	112
142	228	37
220	228	25
35	227	116
36	227	95
116	227	63
118	227	63
147	227	66
190	227	41
201	227	72
206	227	42
76	226	74
111	226	45
112	226	40
76	225	45
109	225	39
139	225	50
239	225	46
80	224	62
125	224	39
162	224	19
163	224	41
178	224	18
181	224	60
198	224	20
202	224	45
138	223	16
161	223	77
165	223	13
177	223	92
178	223	122
227	223	48
246	223	63
247	223	37
44	222	65
125	222	34
152	222	54
176	222	39
196	222	62
198	222	83
66	221	43
108	221	92
190	221	43
82	220	33
105	220	73
137	220	84
190	220	85
242	220	39
202	219	62
234	219	64
100	218	32
103	218	13
130	218	38
158	218	54
194	218	70
196	218	33
23	217	55
90	217	40
92	217	67
131	217	31
144	217	50
171	217	19
195	217	59
229	217	43
92	216	108
100	216	26
190	216	81
235	216	50
241	216	60
152	215	7
156	215	57
28	214	105
29	214	46
150	214	60
186	214	56
198	214	52
217	214	29
77	213	64
78	213	47
96	213	73
114	213	51
133	213	57
155	213	44
162	213	45
118	212	55
230	212	48
56	211	20
83	211	44
84	211	70
98	211	34
114	211	52
115	211	38
165	211	49
180	211	56
221	211	15
56	210	52
88	210	62
153	210	127
156	210	101
165	210	18
86	209	53
94	209	28
154	209	49
158	209	68
239	209	80
18	208	62
136	208	44
155	208	7
239	208	31
142	207	51
158	207	35
240	207	62
11	206	56
91	206	36
118	206	50
222	206	51
243	206	41
82	205	56
139	205	34
140	205	29
146	205	87
148	205	57
156	205	46
184	205	54
200	205	17
126	204	4
73	203	46
111	203	88
136	203	55
141	203	108
142	203	90
144	203	50
169	203	69
79	202	20
88	202	9
111	202	78
147	202	91
162	202	29
163	202	72
9	201	52
140	201	57
141	201	115
188	201	52
223	201	4
234	201	77
212	200	40
71	199	34
79	199	25
88	199	61
103	199	44
114	199	32
162	199	7
39	198	38
71	198	105
97	198	80
181	198	30
70	197	60
96	197	51
104	197	60
114	197	24
115	197	77
160	197	66
165	197	43
229	196	60
92	195	27
101	195	39
135	195	47
152	195	24
169	195	35
170	195	118
17	194	34
96	194	55
125	194	45
155	194	55
170	194	66
171	194	41
81	193	46
160	193	38
181	193	73
198	193	74
45	192	48
99	192	55
126	192	41
60	191	83
72	191	72
17	190	104
116	190	52
118	190	74
130	190	58
150	190	41
60	189	59
95	189	86
107	189	51
116	189	56
97	188	56
29	187	33
103	187	62
120	187	42
157	187	50
99	186	97
117	186	51
235	186	51
25	185	49
98	185	45
124	185	47
167	185	67
58	184	66
136	184	54
67	183	67
166	183	21
25	182	54
117	182	44
12	181	32
52	181	40
110	181	89
141	181	22
99	180	39
153	180	36
19	179	85
20	178	70
80	178	76
133	178	62
37	177	18
51	177	81
133	177	74
139	177	32
50	176	70
139	176	17
140	176	26
160	176	4
21	175	51
51	175	66
84	175	33
145	175	81
86	174	68
90	173	93
134	173	59
145	173	59
89	172	68
90	172	49
16	171	57
95	171	48
93	170	21
148	170	38
32	169	67
96	169	64
110	169	49
13	168	33
115	168	67
45	167	22
65	167	46
143	162	36
99	161	47
37	160	18
37	158	110
137	157	78
137	154	60
20	126	56
# chipNumber: 5
# chipName:   D 9 W69
# numHits:    0
# chipNumber: 6
# chipName:   L 8 W69
# numHits:    2
166	233	11810
234	203	11810
