## [General]
## runNumber:        241
## runTime:       	 7200
## runTimeFrames: 	 0
## pathName:         data/runs/Run_241_181022-16-16
## dateTime:         2018-10-22.16:51:10
## numChips:         7
## shutterTime:      30
## shutterMode:      verylong
## runMode:          0
## fastClock:        0
## externalTrigger:  0
## [Event]
## eventNumber:      2747
## useHvFadc:    	 1
## fadcReadout:    	 1
## szint1ClockInt:	 0
## szint2ClockInt:	 4095
## fadcTriggerClock: 0
# chipNumber: 0
# chipName:   E 6 W69
# numHits:    37
159	107	29
160	106	31
161	106	73
128	105	25
161	105	38
209	104	74
161	103	32
173	103	14
148	102	36
159	102	42
211	102	22
164	101	28
157	100	56
163	100	101
165	100	50
162	99	48
165	99	18
161	98	48
162	98	20
165	98	68
148	97	41
154	97	66
164	97	76
163	96	20
162	95	18
178	95	83
186	94	35
178	93	17
179	93	59
172	89	74
238	87	9
239	87	40
234	86	26
238	86	44
230	85	47
237	83	24
233	82	50
# chipNumber: 1
# chipName:   K 6 W69
# numHits:    194
25	93	115
42	89	27
44	89	87
40	86	57
88	86	85
52	85	27
90	85	40
25	84	10
89	84	55
90	84	22
12	83	43
29	83	79
54	83	31
89	83	50
90	83	21
75	82	58
78	82	70
26	81	47
63	81	28
78	81	47
73	80	60
79	80	102
38	79	71
73	79	66
93	79	55
34	78	55
11	77	59
17	77	54
78	77	24
79	77	65
27	76	31
32	76	20
73	76	42
75	76	45
78	76	68
82	76	63
99	76	62
26	75	43
27	75	28
85	75	25
87	75	51
93	75	32
71	74	56
77	74	56
78	74	15
81	74	79
91	74	18
96	74	55
99	74	99
100	74	76
30	73	45
45	73	34
71	73	60
76	73	34
78	73	81
91	73	88
96	73	32
134	73	11
36	72	75
44	72	24
65	72	30
68	72	78
69	72	52
79	72	66
80	72	40
92	72	58
21	71	22
30	71	16
36	71	70
56	71	54
74	71	55
87	71	37
38	70	52
50	70	20
56	70	59
75	70	70
78	70	59
83	70	67
93	70	45
137	70	43
54	69	62
69	69	7
70	69	46
82	69	24
89	69	45
90	69	25
93	69	47
94	69	39
186	69	62
50	68	61
67	68	46
68	68	75
69	68	20
226	68	44
79	67	51
85	67	46
90	67	69
220	67	32
62	66	138
63	66	51
80	66	34
86	66	58
104	66	52
60	65	73
61	65	28
62	65	128
63	65	46
98	65	97
103	65	59
62	64	21
69	64	26
83	64	55
95	64	17
136	64	52
168	64	42
220	64	65
69	63	52
92	63	38
96	63	43
97	63	69
103	63	44
208	63	59
211	63	31
220	63	46
68	62	68
207	62	82
68	61	66
72	61	79
73	61	78
81	61	38
84	61	39
105	61	34
118	61	64
66	60	58
87	60	61
98	60	24
100	60	43
170	60	45
207	60	64
79	59	54
192	59	50
79	58	60
133	58	21
142	58	36
73	57	32
119	57	54
156	57	52
199	57	24
217	57	16
48	56	67
74	56	49
97	56	46
164	56	18
192	56	26
209	56	48
99	55	23
209	55	12
210	55	43
121	54	93
145	54	42
194	54	36
199	54	34
231	54	29
88	53	70
192	53	55
73	52	15
61	51	37
170	51	36
196	51	3
202	49	6
121	47	41
218	47	47
156	46	68
219	45	52
230	45	17
170	43	37
214	43	36
243	42	22
201	41	27
226	40	57
227	40	42
241	40	56
210	36	79
192	35	58
209	35	16
196	34	52
226	34	66
228	33	42
244	33	90
217	32	55
214	31	41
220	27	27
212	11	39
212	10	54
# chipNumber: 2
# chipName:   H 9 W69
# numHits:    290
48	244	35
45	238	25
43	237	46
57	237	48
57	235	52
88	234	41
62	233	65
63	233	15
88	232	52
56	231	56
70	231	78
71	231	38
67	230	20
84	230	17
71	229	13
217	229	27
94	228	59
69	227	56
99	227	79
60	226	21
69	226	38
93	226	37
61	225	70
75	225	26
80	225	38
81	225	46
45	224	48
54	224	32
77	224	15
54	223	46
58	223	69
69	223	19
78	223	59
113	223	18
69	222	60
74	220	35
80	220	79
84	220	24
55	219	37
66	219	94
86	219	62
64	218	25
65	218	31
74	218	16
87	218	53
91	218	32
51	217	76
55	217	63
75	217	57
91	217	21
41	216	48
55	216	35
57	216	31
58	216	21
63	216	37
67	216	19
92	216	51
198	216	52
45	215	68
68	215	30
81	215	61
84	215	42
94	215	24
95	215	70
96	215	82
52	214	65
66	214	51
68	214	56
90	214	94
94	214	75
50	213	51
55	213	21
73	213	44
79	213	80
82	213	27
94	213	42
43	212	62
55	212	74
90	212	60
91	212	76
64	211	74
71	211	33
79	211	54
90	211	65
48	210	44
67	210	98
88	210	86
89	210	70
107	210	87
39	209	18
47	209	96
48	209	72
49	209	24
54	209	32
59	209	60
60	209	12
71	209	46
74	209	93
80	209	66
88	209	64
90	209	36
54	208	65
55	208	50
68	208	40
71	208	57
109	208	55
51	207	26
59	207	92
64	207	47
66	207	16
78	207	79
98	207	49
101	207	38
51	206	43
65	206	29
71	206	34
72	206	47
77	206	55
87	206	65
48	205	48
67	205	14
72	205	35
73	205	49
83	205	24
42	204	57
75	204	35
86	204	40
88	204	16
89	204	52
91	204	93
57	203	37
70	203	69
76	203	92
79	203	32
84	203	58
91	203	65
100	203	20
56	202	63
63	202	36
67	202	89
73	202	11
75	202	37
79	202	72
99	202	51
36	201	64
47	201	17
49	201	30
57	201	32
73	201	88
75	201	62
32	200	30
61	200	20
65	200	77
78	200	39
81	200	77
90	200	56
41	199	37
46	199	63
68	199	38
76	199	24
77	199	36
102	199	34
34	198	19
61	198	60
62	198	55
65	198	51
75	198	62
80	198	81
50	197	33
54	197	29
66	197	51
67	197	35
69	197	18
30	196	51
58	196	44
59	196	43
69	196	51
70	196	42
59	195	100
69	195	53
71	195	87
64	194	92
67	194	68
75	194	80
78	194	35
90	194	76
96	194	66
42	193	28
46	193	71
56	193	30
69	193	25
71	193	73
77	193	92
84	193	46
88	193	33
70	192	46
87	192	26
56	191	10
72	191	25
76	191	47
86	191	41
102	191	30
99	190	84
50	189	82
79	189	86
80	189	65
50	188	92
51	188	29
61	188	39
81	188	25
86	188	75
87	188	38
49	187	38
63	187	79
51	186	67
62	186	55
70	186	95
79	186	40
89	186	73
36	185	35
48	185	51
49	185	39
52	185	41
59	185	78
60	185	43
64	185	85
70	185	70
71	185	28
68	184	52
70	184	57
74	184	66
85	184	28
55	182	7
49	181	57
51	180	78
93	180	50
79	179	33
56	173	55
77	172	56
106	162	50
243	158	58
241	150	34
247	144	39
248	144	32
243	143	31
244	140	40
244	138	86
241	137	26
245	137	88
246	137	62
226	136	74
246	135	31
244	134	52
240	133	47
241	133	5
242	133	19
225	132	50
239	132	20
240	132	137
242	132	46
227	131	19
240	130	63
246	130	77
235	128	71
247	126	36
228	125	60
237	123	24
241	122	53
228	121	47
227	120	32
228	120	95
237	120	33
245	120	70
240	119	53
241	119	66
241	118	50
224	116	61
233	115	66
236	115	45
246	114	99
236	113	24
242	111	65
219	109	75
242	99	108
242	97	54
235	91	65
246	87	75
239	81	44
241	81	51
238	76	89
# chipNumber: 3
# chipName:   H 10 W69
# numHits:    20629
68	239	60
69	239	45
73	239	134
81	239	44
82	239	64
83	239	56
100	239	57
101	239	14
108	239	60
115	239	156
118	239	75
120	239	60
121	239	115
125	239	18
129	239	74
133	239	7
135	239	98
137	239	34
138	239	38
142	239	84
149	239	19
150	239	13
152	239	59
154	239	46
162	239	17
167	239	47
173	239	32
175	239	110
176	239	93
180	239	68
191	239	160
200	239	12
39	238	32
45	238	54
48	238	57
51	238	36
53	238	44
54	238	63
57	238	26
59	238	66
61	238	65
62	238	29
64	238	31
65	238	31
66	238	34
69	238	6
71	238	33
73	238	51
75	238	26
76	238	126
77	238	64
80	238	20
81	238	53
82	238	12
94	238	31
96	238	71
100	238	63
101	238	56
102	238	36
105	238	94
107	238	125
109	238	30
110	238	51
111	238	55
112	238	74
113	238	68
114	238	32
115	238	103
117	238	35
125	238	60
128	238	77
133	238	24
134	238	67
135	238	34
136	238	43
138	238	74
140	238	105
144	238	68
147	238	61
151	238	97
154	238	85
155	238	37
157	238	26
158	238	53
161	238	51
162	238	47
165	238	33
169	238	32
172	238	72
177	238	31
188	238	46
200	238	22
207	238	14
229	238	40
26	237	101
41	237	22
43	237	65
45	237	47
46	237	28
48	237	115
52	237	135
53	237	61
55	237	44
67	237	93
68	237	76
71	237	19
72	237	128
73	237	70
76	237	17
78	237	41
84	237	58
86	237	147
88	237	121
89	237	61
90	237	56
91	237	101
93	237	34
97	237	170
99	237	60
100	237	25
102	237	82
103	237	32
105	237	47
106	237	57
108	237	52
109	237	56
111	237	23
112	237	73
119	237	79
120	237	32
121	237	23
123	237	32
127	237	21
132	237	53
134	237	141
135	237	77
139	237	24
145	237	18
153	237	31
155	237	62
156	237	78
159	237	39
161	237	85
163	237	69
166	237	102
173	237	81
176	237	56
178	237	40
184	237	80
189	237	103
194	237	23
199	237	35
207	237	25
41	236	75
42	236	50
45	236	64
48	236	28
49	236	59
53	236	73
57	236	55
58	236	34
61	236	85
63	236	92
67	236	24
70	236	67
71	236	35
76	236	60
78	236	79
79	236	45
80	236	152
81	236	48
82	236	113
83	236	73
86	236	17
89	236	51
90	236	151
91	236	178
92	236	54
94	236	58
95	236	51
96	236	106
97	236	83
101	236	44
102	236	68
106	236	146
108	236	52
109	236	70
116	236	70
117	236	45
121	236	48
123	236	29
124	236	201
125	236	60
132	236	29
134	236	15
135	236	46
138	236	199
142	236	85
143	236	20
144	236	85
145	236	48
148	236	77
149	236	29
151	236	137
152	236	86
153	236	41
155	236	115
156	236	72
160	236	42
161	236	33
162	236	43
177	236	17
181	236	5
187	236	50
188	236	113
196	236	31
230	236	40
16	235	39
20	235	72
48	235	44
53	235	82
54	235	39
56	235	47
57	235	51
59	235	18
61	235	10
63	235	47
67	235	116
74	235	41
79	235	30
80	235	113
81	235	81
83	235	48
85	235	55
87	235	49
88	235	124
89	235	100
90	235	34
91	235	67
92	235	75
95	235	60
96	235	94
97	235	40
98	235	23
99	235	51
100	235	18
102	235	52
104	235	69
105	235	29
112	235	94
113	235	107
114	235	106
115	235	103
121	235	71
123	235	32
124	235	52
129	235	37
130	235	41
133	235	63
134	235	42
135	235	11
141	235	34
143	235	95
148	235	65
160	235	93
161	235	40
162	235	46
164	235	103
165	235	45
170	235	57
171	235	87
172	235	83
175	235	98
179	235	56
181	235	28
184	235	57
194	235	26
199	235	42
203	235	41
214	235	56
15	234	50
36	234	134
39	234	91
41	234	77
44	234	31
46	234	27
52	234	72
53	234	60
54	234	107
55	234	91
59	234	35
60	234	137
67	234	65
68	234	29
69	234	32
70	234	128
72	234	33
74	234	50
75	234	60
78	234	32
84	234	51
85	234	59
87	234	64
88	234	11
89	234	53
90	234	61
94	234	107
96	234	60
99	234	107
100	234	24
101	234	188
102	234	44
104	234	35
105	234	29
106	234	72
107	234	115
108	234	65
111	234	57
112	234	139
113	234	91
119	234	31
121	234	70
122	234	140
124	234	70
126	234	62
127	234	53
129	234	17
133	234	100
140	234	36
141	234	57
143	234	43
144	234	76
146	234	75
156	234	65
158	234	67
161	234	79
162	234	48
168	234	62
170	234	68
172	234	54
176	234	53
179	234	50
181	234	17
182	234	54
184	234	27
192	234	20
205	234	82
23	233	53
28	233	62
30	233	45
31	233	37
34	233	19
38	233	57
39	233	37
41	233	59
46	233	50
47	233	47
48	233	54
49	233	47
50	233	62
54	233	21
57	233	69
59	233	76
60	233	110
63	233	25
64	233	35
65	233	70
68	233	116
70	233	77
73	233	101
77	233	134
79	233	47
80	233	32
81	233	103
83	233	47
84	233	68
86	233	28
88	233	155
94	233	29
95	233	84
97	233	33
99	233	88
100	233	67
101	233	67
102	233	47
104	233	95
105	233	22
106	233	218
107	233	141
108	233	114
109	233	131
110	233	50
111	233	76
112	233	70
113	233	19
117	233	51
118	233	20
123	233	53
126	233	62
127	233	82
131	233	63
132	233	29
137	233	66
141	233	51
143	233	32
148	233	46
152	233	47
154	233	103
156	233	43
161	233	14
162	233	82
164	233	68
165	233	85
171	233	29
175	233	53
177	233	13
180	233	80
189	233	47
190	233	29
191	233	62
192	233	20
199	233	62
206	233	46
226	233	73
228	233	67
238	233	11
40	232	53
47	232	62
49	232	11
51	232	89
57	232	95
58	232	84
59	232	21
64	232	67
67	232	98
69	232	45
70	232	59
74	232	70
75	232	51
76	232	134
77	232	126
78	232	32
79	232	80
83	232	54
84	232	84
85	232	122
86	232	113
87	232	40
90	232	10
95	232	24
96	232	81
97	232	41
98	232	41
99	232	77
100	232	56
104	232	42
105	232	64
106	232	53
107	232	123
109	232	43
110	232	52
111	232	34
112	232	19
115	232	82
116	232	55
120	232	134
122	232	67
132	232	24
139	232	52
141	232	87
145	232	22
158	232	89
161	232	97
163	232	49
164	232	37
165	232	60
166	232	63
170	232	75
174	232	75
176	232	142
177	232	54
178	232	48
180	232	84
181	232	53
183	232	65
185	232	109
186	232	65
188	232	37
189	232	46
190	232	48
193	232	30
196	232	77
197	232	46
211	232	41
35	231	68
37	231	32
40	231	48
46	231	47
48	231	82
49	231	64
52	231	57
56	231	77
57	231	22
59	231	49
62	231	55
64	231	53
65	231	43
66	231	23
67	231	17
68	231	169
69	231	24
70	231	37
71	231	64
72	231	49
73	231	117
74	231	151
77	231	76
80	231	85
82	231	56
83	231	114
85	231	60
87	231	35
88	231	188
90	231	33
92	231	27
94	231	77
95	231	32
99	231	29
100	231	30
102	231	73
103	231	20
104	231	159
107	231	117
108	231	90
111	231	93
119	231	52
121	231	60
124	231	50
125	231	44
126	231	10
127	231	31
129	231	68
131	231	70
132	231	50
134	231	21
135	231	46
148	231	116
151	231	54
159	231	47
161	231	90
162	231	17
163	231	62
164	231	33
167	231	36
168	231	32
169	231	145
171	231	74
172	231	60
175	231	2
180	231	9
181	231	41
184	231	49
186	231	41
187	231	41
190	231	14
201	231	83
210	231	69
238	231	29
24	230	17
33	230	28
35	230	78
36	230	48
37	230	59
40	230	38
41	230	47
49	230	23
52	230	42
56	230	34
59	230	123
60	230	20
62	230	32
65	230	110
66	230	148
67	230	40
68	230	83
69	230	61
70	230	44
71	230	66
73	230	174
74	230	92
76	230	57
77	230	91
79	230	16
80	230	69
81	230	247
83	230	111
85	230	51
87	230	31
88	230	20
89	230	27
92	230	90
95	230	42
100	230	38
104	230	82
105	230	164
107	230	50
108	230	101
109	230	61
110	230	75
111	230	47
112	230	52
113	230	80
117	230	79
119	230	87
120	230	15
121	230	150
122	230	46
124	230	49
127	230	111
128	230	32
131	230	45
134	230	51
137	230	73
140	230	67
147	230	55
148	230	61
151	230	181
152	230	38
154	230	36
156	230	64
161	230	109
162	230	74
165	230	30
166	230	41
169	230	43
170	230	15
178	230	60
179	230	25
180	230	37
181	230	123
182	230	56
183	230	47
188	230	53
189	230	64
190	230	55
194	230	68
196	230	58
200	230	64
207	230	49
19	229	13
32	229	61
36	229	15
46	229	27
56	229	116
58	229	171
59	229	31
60	229	36
61	229	26
65	229	54
67	229	45
70	229	40
73	229	63
74	229	52
75	229	50
76	229	53
77	229	76
80	229	76
81	229	59
82	229	60
84	229	74
85	229	68
86	229	49
89	229	104
92	229	88
95	229	59
98	229	82
100	229	51
104	229	110
106	229	45
107	229	96
108	229	45
109	229	20
111	229	46
113	229	38
114	229	26
116	229	117
117	229	107
118	229	109
119	229	34
121	229	76
122	229	36
124	229	39
127	229	75
128	229	29
129	229	60
133	229	34
135	229	49
136	229	52
139	229	35
141	229	57
144	229	55
151	229	73
159	229	71
163	229	52
166	229	139
167	229	113
170	229	77
177	229	23
180	229	56
183	229	26
184	229	25
194	229	68
210	229	49
229	229	50
230	229	29
34	228	36
42	228	38
49	228	51
53	228	16
54	228	39
61	228	78
64	228	73
65	228	100
69	228	48
73	228	194
75	228	50
76	228	87
78	228	101
79	228	78
83	228	35
84	228	114
86	228	78
88	228	104
91	228	28
92	228	76
93	228	301
94	228	105
96	228	96
97	228	166
98	228	121
99	228	61
100	228	94
102	228	43
108	228	44
109	228	54
110	228	97
112	228	67
113	228	79
114	228	22
116	228	44
119	228	67
120	228	47
121	228	86
122	228	78
123	228	126
125	228	18
129	228	14
132	228	70
134	228	100
135	228	59
136	228	55
139	228	31
141	228	119
152	228	112
155	228	37
158	228	35
159	228	54
161	228	74
165	228	25
166	228	116
167	228	36
168	228	36
181	228	35
182	228	40
184	228	51
185	228	62
186	228	47
187	228	40
192	228	57
193	228	55
204	228	74
205	228	18
209	228	30
221	228	88
27	227	44
30	227	85
33	227	43
34	227	26
36	227	40
41	227	47
44	227	19
51	227	24
52	227	116
55	227	114
57	227	71
58	227	8
59	227	80
63	227	76
64	227	15
66	227	35
68	227	36
70	227	102
73	227	46
75	227	56
77	227	86
78	227	39
79	227	98
80	227	49
81	227	54
82	227	88
83	227	17
84	227	141
85	227	105
86	227	44
89	227	71
92	227	55
97	227	27
99	227	62
100	227	55
101	227	17
103	227	164
104	227	63
105	227	65
109	227	24
110	227	120
113	227	105
115	227	22
118	227	131
119	227	31
121	227	59
122	227	129
124	227	55
126	227	35
127	227	44
128	227	103
131	227	64
132	227	37
133	227	22
136	227	59
137	227	81
142	227	92
143	227	21
144	227	25
147	227	35
148	227	51
153	227	62
158	227	60
161	227	73
162	227	93
165	227	66
167	227	34
168	227	54
169	227	43
171	227	57
173	227	55
177	227	70
178	227	43
179	227	39
185	227	49
186	227	37
187	227	54
188	227	120
189	227	28
196	227	86
197	227	49
198	227	63
205	227	71
207	227	72
217	227	36
221	227	67
225	227	28
233	227	32
30	226	23
34	226	42
48	226	50
49	226	63
52	226	68
54	226	33
55	226	28
56	226	54
57	226	48
59	226	70
61	226	22
63	226	61
67	226	67
73	226	11
77	226	41
78	226	56
80	226	119
81	226	66
82	226	106
83	226	49
84	226	95
85	226	58
86	226	37
87	226	107
88	226	25
91	226	60
93	226	119
107	226	37
109	226	54
110	226	15
112	226	157
113	226	60
116	226	33
119	226	86
120	226	179
121	226	55
122	226	94
125	226	54
126	226	116
127	226	117
130	226	22
131	226	12
132	226	30
133	226	73
134	226	27
137	226	49
141	226	85
143	226	35
148	226	24
150	226	45
151	226	19
152	226	44
153	226	78
154	226	46
156	226	82
159	226	49
160	226	56
161	226	75
163	226	97
166	226	59
169	226	49
172	226	42
177	226	57
180	226	62
181	226	44
182	226	84
183	226	28
188	226	38
191	226	47
197	226	94
198	226	130
200	226	46
202	226	17
209	226	78
237	226	73
244	226	112
24	225	62
32	225	62
35	225	87
39	225	29
43	225	37
45	225	31
46	225	58
48	225	41
51	225	42
52	225	126
55	225	23
56	225	128
57	225	52
59	225	75
60	225	83
61	225	59
62	225	41
64	225	44
65	225	39
69	225	71
70	225	28
72	225	116
74	225	80
75	225	93
76	225	26
77	225	27
79	225	60
80	225	57
82	225	45
83	225	29
85	225	213
86	225	125
87	225	11
88	225	31
89	225	122
91	225	101
95	225	84
96	225	84
97	225	59
99	225	85
100	225	61
101	225	45
102	225	53
103	225	61
104	225	124
110	225	58
115	225	55
117	225	23
118	225	96
119	225	23
120	225	21
121	225	28
122	225	188
124	225	49
125	225	33
126	225	56
132	225	56
134	225	152
139	225	39
140	225	43
141	225	60
146	225	49
148	225	85
152	225	76
156	225	52
157	225	56
164	225	63
165	225	44
167	225	117
168	225	32
169	225	9
173	225	67
178	225	126
179	225	55
183	225	51
185	225	41
188	225	56
190	225	84
191	225	30
195	225	102
196	225	53
210	225	74
214	225	75
216	225	43
224	225	13
245	225	103
14	224	34
34	224	82
35	224	92
39	224	26
44	224	94
45	224	48
52	224	94
56	224	18
59	224	86
66	224	174
68	224	8
71	224	82
72	224	81
73	224	32
74	224	37
76	224	60
78	224	125
79	224	51
80	224	154
83	224	179
85	224	37
86	224	83
91	224	15
92	224	145
93	224	31
95	224	28
97	224	57
99	224	81
100	224	114
101	224	121
104	224	125
105	224	79
107	224	54
111	224	71
117	224	102
119	224	26
120	224	72
122	224	53
125	224	156
126	224	68
127	224	17
129	224	95
130	224	70
131	224	51
132	224	41
133	224	65
134	224	60
139	224	83
140	224	26
141	224	40
142	224	52
143	224	73
147	224	29
150	224	111
151	224	24
153	224	102
155	224	70
159	224	48
160	224	89
166	224	48
169	224	49
171	224	58
172	224	138
173	224	37
179	224	69
181	224	60
184	224	45
186	224	87
187	224	85
199	224	17
207	224	152
209	224	80
210	224	40
211	224	126
220	224	18
221	224	50
222	224	95
224	224	44
225	224	35
233	224	46
235	224	87
236	224	51
17	223	20
21	223	30
22	223	57
23	223	92
31	223	58
32	223	47
34	223	40
35	223	32
36	223	17
45	223	94
47	223	81
48	223	31
49	223	115
50	223	49
52	223	41
54	223	43
60	223	66
63	223	60
68	223	184
70	223	115
71	223	92
72	223	87
73	223	172
76	223	129
78	223	22
79	223	2
80	223	41
81	223	82
82	223	24
83	223	57
87	223	70
92	223	62
96	223	56
97	223	4
98	223	92
100	223	93
101	223	69
102	223	178
105	223	56
106	223	92
107	223	89
110	223	61
111	223	48
113	223	57
114	223	19
117	223	52
120	223	49
123	223	56
124	223	57
126	223	65
128	223	51
130	223	33
132	223	55
134	223	35
136	223	63
137	223	79
138	223	64
140	223	22
141	223	87
143	223	104
144	223	36
147	223	57
148	223	46
149	223	90
150	223	55
151	223	47
152	223	39
159	223	88
160	223	31
161	223	69
163	223	23
166	223	76
168	223	27
169	223	65
172	223	58
173	223	43
175	223	9
177	223	75
180	223	72
181	223	45
183	223	53
184	223	66
186	223	45
191	223	57
192	223	131
195	223	36
200	223	44
205	223	43
207	223	159
208	223	224
209	223	261
210	223	68
214	223	72
235	223	43
25	222	30
26	222	40
36	222	22
38	222	65
39	222	71
43	222	29
46	222	51
53	222	100
54	222	16
55	222	121
56	222	93
58	222	122
59	222	39
61	222	74
66	222	39
70	222	60
71	222	55
72	222	76
73	222	46
74	222	48
76	222	56
78	222	94
79	222	64
80	222	85
81	222	60
82	222	83
85	222	39
86	222	87
87	222	75
88	222	142
89	222	39
90	222	83
91	222	7
92	222	46
93	222	69
96	222	65
97	222	72
98	222	96
99	222	49
100	222	66
103	222	122
104	222	62
106	222	76
107	222	28
108	222	50
112	222	73
113	222	46
115	222	130
118	222	19
119	222	26
121	222	76
125	222	38
126	222	57
127	222	51
129	222	30
130	222	43
132	222	57
133	222	41
134	222	76
135	222	25
136	222	43
138	222	45
140	222	130
147	222	94
148	222	98
149	222	90
151	222	134
152	222	51
153	222	83
154	222	21
155	222	118
156	222	77
161	222	61
162	222	93
163	222	46
164	222	27
166	222	35
168	222	45
172	222	77
174	222	140
180	222	49
181	222	41
183	222	66
184	222	45
186	222	83
189	222	45
190	222	117
191	222	46
193	222	48
198	222	7
205	222	25
206	222	62
207	222	310
208	222	114
209	222	473
210	222	94
211	222	72
221	222	39
228	222	71
229	222	43
12	221	43
21	221	30
25	221	82
34	221	55
42	221	39
44	221	51
49	221	21
50	221	200
51	221	19
52	221	62
54	221	48
56	221	72
61	221	36
63	221	23
66	221	77
67	221	44
69	221	56
70	221	16
71	221	52
72	221	145
74	221	47
75	221	65
76	221	34
79	221	13
80	221	87
81	221	47
83	221	76
84	221	35
85	221	59
89	221	120
90	221	53
91	221	56
92	221	63
94	221	122
95	221	56
98	221	94
99	221	43
100	221	93
103	221	65
107	221	55
109	221	99
110	221	62
112	221	72
115	221	46
116	221	62
117	221	45
118	221	49
119	221	34
120	221	108
122	221	120
127	221	85
128	221	164
129	221	49
132	221	210
134	221	74
142	221	92
143	221	91
145	221	53
147	221	40
148	221	128
149	221	12
150	221	63
152	221	46
153	221	43
155	221	70
156	221	60
159	221	59
160	221	54
161	221	178
162	221	92
163	221	147
164	221	77
166	221	139
167	221	95
168	221	32
169	221	80
171	221	70
172	221	31
173	221	110
174	221	58
175	221	102
176	221	46
182	221	63
183	221	100
184	221	37
187	221	120
195	221	41
204	221	53
206	221	101
207	221	221
208	221	172
209	221	663
210	221	67
211	221	133
216	221	58
217	221	24
21	220	51
22	220	105
25	220	26
29	220	64
30	220	70
35	220	30
39	220	33
44	220	73
46	220	48
47	220	42
49	220	66
52	220	34
53	220	45
54	220	81
58	220	46
66	220	58
67	220	122
68	220	31
71	220	34
72	220	137
73	220	99
76	220	85
77	220	94
78	220	46
81	220	37
82	220	42
83	220	48
84	220	46
85	220	111
86	220	89
87	220	55
89	220	62
91	220	105
94	220	108
96	220	25
100	220	37
101	220	49
102	220	66
105	220	37
106	220	48
107	220	23
109	220	75
113	220	125
114	220	106
117	220	82
118	220	27
119	220	32
122	220	124
123	220	69
124	220	47
125	220	57
128	220	63
129	220	48
132	220	25
135	220	32
136	220	91
137	220	41
138	220	52
145	220	36
148	220	81
152	220	87
154	220	102
160	220	81
162	220	286
163	220	62
165	220	112
168	220	53
169	220	103
170	220	27
171	220	61
172	220	110
174	220	83
175	220	32
180	220	92
182	220	78
185	220	62
186	220	46
188	220	51
189	220	41
190	220	91
191	220	106
200	220	39
203	220	50
205	220	17
207	220	52
208	220	28
209	220	91
210	220	59
212	220	51
218	220	84
220	220	98
222	220	15
234	220	57
235	220	42
242	220	73
15	219	47
16	219	26
28	219	47
35	219	49
51	219	30
52	219	75
53	219	22
54	219	93
55	219	55
57	219	98
59	219	133
63	219	28
64	219	72
66	219	35
67	219	110
71	219	58
73	219	141
74	219	17
75	219	62
76	219	43
82	219	16
84	219	141
85	219	34
86	219	99
87	219	82
88	219	56
89	219	15
90	219	22
92	219	27
94	219	70
99	219	136
101	219	49
102	219	48
103	219	39
106	219	21
107	219	30
108	219	65
109	219	81
112	219	197
113	219	49
114	219	39
116	219	74
117	219	155
119	219	38
121	219	218
124	219	49
125	219	120
126	219	81
128	219	59
129	219	67
130	219	75
134	219	81
137	219	18
138	219	55
139	219	18
140	219	112
141	219	77
145	219	120
152	219	55
153	219	19
155	219	113
157	219	54
158	219	144
159	219	174
161	219	20
163	219	50
165	219	100
166	219	177
167	219	37
168	219	63
170	219	47
174	219	29
178	219	36
179	219	140
180	219	52
181	219	115
187	219	86
189	219	102
191	219	54
195	219	28
196	219	60
200	219	38
201	219	109
205	219	92
210	219	37
211	219	36
214	219	28
221	219	47
227	219	67
231	219	53
38	218	61
39	218	47
40	218	30
42	218	52
45	218	28
46	218	27
47	218	142
49	218	67
50	218	46
53	218	20
57	218	19
59	218	18
60	218	54
64	218	81
67	218	41
68	218	49
69	218	82
73	218	150
74	218	76
76	218	47
77	218	100
78	218	61
79	218	81
80	218	46
81	218	9
82	218	133
83	218	41
84	218	72
86	218	60
87	218	47
88	218	87
92	218	83
93	218	123
94	218	174
98	218	21
99	218	147
100	218	63
101	218	45
103	218	53
106	218	135
110	218	64
111	218	56
113	218	61
114	218	66
115	218	21
121	218	118
123	218	59
124	218	163
125	218	62
126	218	68
127	218	57
128	218	190
130	218	87
131	218	103
132	218	74
133	218	118
135	218	40
136	218	59
138	218	86
139	218	39
141	218	53
145	218	115
147	218	68
149	218	12
150	218	42
151	218	129
152	218	111
156	218	75
158	218	46
163	218	37
166	218	115
168	218	49
170	218	37
172	218	63
174	218	60
177	218	30
179	218	52
180	218	38
181	218	12
182	218	41
183	218	48
187	218	138
188	218	15
210	218	95
215	218	55
218	218	78
225	218	19
228	218	87
234	218	63
235	218	65
12	217	73
33	217	24
39	217	51
42	217	21
47	217	39
50	217	23
51	217	148
53	217	70
61	217	23
63	217	71
64	217	46
66	217	80
67	217	78
68	217	54
69	217	52
70	217	28
73	217	86
75	217	35
77	217	79
78	217	59
80	217	36
81	217	176
83	217	102
84	217	66
87	217	45
89	217	97
90	217	54
91	217	67
92	217	71
93	217	23
95	217	36
96	217	23
98	217	49
100	217	42
101	217	84
102	217	151
106	217	56
108	217	59
110	217	46
112	217	104
113	217	114
114	217	33
115	217	49
117	217	101
119	217	15
121	217	90
123	217	46
124	217	105
126	217	23
127	217	314
128	217	45
129	217	163
130	217	78
131	217	60
133	217	36
134	217	78
136	217	45
139	217	25
140	217	85
141	217	40
143	217	95
148	217	39
151	217	60
152	217	93
155	217	173
156	217	79
158	217	45
159	217	141
160	217	63
162	217	55
167	217	44
169	217	37
171	217	78
172	217	42
174	217	76
175	217	58
179	217	176
180	217	46
181	217	29
182	217	6
198	217	44
209	217	91
211	217	85
213	217	60
219	217	88
220	217	23
225	217	84
228	217	66
240	217	36
12	216	60
15	216	26
24	216	30
33	216	74
34	216	20
35	216	57
42	216	102
43	216	59
44	216	39
47	216	67
48	216	157
50	216	78
51	216	60
54	216	43
55	216	48
57	216	18
59	216	45
60	216	72
61	216	31
63	216	92
64	216	91
65	216	83
66	216	111
67	216	13
68	216	125
69	216	46
70	216	45
71	216	101
73	216	66
75	216	47
76	216	11
77	216	37
79	216	69
80	216	151
81	216	89
82	216	57
84	216	53
91	216	14
93	216	16
94	216	62
95	216	53
96	216	71
99	216	33
101	216	73
102	216	71
106	216	96
107	216	24
111	216	78
113	216	70
114	216	115
115	216	86
117	216	92
120	216	16
121	216	96
123	216	57
124	216	86
126	216	70
127	216	144
129	216	99
130	216	8
131	216	62
132	216	35
135	216	177
136	216	148
137	216	42
139	216	47
141	216	51
144	216	128
145	216	130
147	216	54
148	216	112
151	216	59
152	216	146
153	216	30
154	216	91
155	216	18
157	216	41
158	216	13
160	216	112
161	216	62
162	216	109
164	216	47
166	216	89
168	216	41
169	216	25
170	216	35
172	216	143
173	216	286
175	216	165
176	216	191
177	216	88
178	216	35
180	216	55
181	216	194
183	216	145
188	216	57
189	216	24
190	216	20
193	216	98
194	216	187
195	216	96
197	216	25
198	216	71
199	216	69
201	216	23
204	216	67
219	216	64
220	216	67
232	216	73
239	216	103
11	215	83
24	215	49
33	215	41
35	215	49
44	215	45
52	215	40
57	215	65
58	215	94
60	215	29
63	215	98
64	215	87
67	215	82
68	215	124
71	215	51
75	215	112
76	215	71
78	215	127
79	215	158
80	215	66
82	215	63
83	215	54
84	215	68
85	215	114
86	215	90
87	215	54
88	215	41
89	215	176
91	215	108
92	215	60
94	215	115
96	215	104
97	215	71
100	215	44
101	215	67
102	215	62
105	215	59
106	215	45
107	215	75
110	215	126
112	215	42
115	215	92
116	215	62
118	215	145
120	215	73
121	215	79
122	215	83
125	215	44
126	215	43
127	215	66
129	215	49
130	215	141
132	215	130
134	215	102
135	215	175
136	215	82
138	215	63
139	215	94
144	215	51
145	215	74
147	215	30
148	215	55
152	215	123
155	215	100
156	215	101
157	215	42
163	215	29
164	215	94
165	215	45
171	215	59
172	215	26
173	215	109
174	215	106
175	215	16
177	215	26
179	215	53
181	215	178
182	215	27
188	215	89
189	215	11
190	215	68
191	215	70
194	215	15
196	215	85
198	215	58
209	215	43
217	215	54
218	215	25
219	215	101
222	215	24
226	215	82
227	215	70
243	215	62
11	214	94
21	214	63
28	214	23
30	214	23
35	214	68
40	214	52
42	214	29
45	214	66
46	214	81
54	214	49
56	214	49
57	214	46
59	214	76
62	214	124
64	214	119
65	214	24
78	214	26
79	214	60
81	214	49
82	214	53
83	214	49
87	214	41
88	214	49
89	214	46
92	214	84
93	214	105
94	214	20
96	214	38
97	214	34
98	214	34
101	214	88
102	214	157
103	214	6
110	214	69
111	214	30
113	214	32
116	214	51
117	214	96
123	214	81
124	214	57
125	214	92
126	214	41
128	214	127
129	214	47
131	214	47
134	214	111
136	214	70
142	214	55
147	214	110
148	214	73
149	214	57
151	214	150
153	214	51
155	214	66
156	214	100
158	214	65
164	214	52
165	214	67
166	214	59
167	214	189
169	214	282
170	214	53
172	214	61
173	214	73
174	214	185
176	214	61
177	214	72
178	214	73
179	214	4
180	214	84
181	214	47
182	214	84
183	214	53
184	214	108
185	214	61
186	214	59
192	214	72
198	214	29
199	214	56
203	214	44
209	214	20
224	214	76
227	214	35
230	214	45
236	214	36
239	214	68
243	214	54
244	214	38
247	214	82
10	213	60
29	213	19
38	213	101
40	213	73
42	213	146
43	213	119
46	213	52
49	213	101
53	213	23
54	213	120
55	213	13
56	213	58
57	213	49
58	213	36
62	213	12
63	213	37
64	213	93
66	213	150
67	213	50
68	213	118
76	213	108
77	213	52
78	213	112
80	213	46
81	213	60
82	213	225
86	213	78
88	213	56
93	213	43
95	213	39
97	213	115
98	213	78
100	213	42
102	213	72
103	213	55
106	213	50
107	213	68
111	213	36
112	213	103
115	213	94
116	213	37
119	213	39
120	213	89
121	213	58
123	213	34
124	213	48
128	213	42
130	213	20
131	213	92
133	213	140
134	213	103
135	213	51
136	213	70
137	213	68
138	213	77
143	213	99
146	213	41
149	213	17
151	213	81
154	213	75
155	213	136
156	213	89
158	213	23
160	213	107
161	213	20
164	213	86
167	213	46
168	213	42
172	213	123
173	213	198
174	213	34
175	213	58
177	213	124
178	213	238
179	213	151
180	213	14
181	213	63
182	213	82
183	213	134
184	213	129
185	213	149
191	213	39
197	213	36
210	213	71
214	213	60
224	213	72
231	213	51
238	213	77
239	213	47
240	213	55
243	213	35
245	213	28
246	213	92
17	212	45
20	212	66
22	212	41
27	212	36
34	212	132
36	212	35
38	212	74
39	212	37
45	212	34
50	212	148
53	212	48
54	212	19
57	212	74
58	212	78
61	212	12
62	212	46
63	212	95
66	212	55
69	212	113
70	212	69
72	212	78
73	212	97
74	212	34
76	212	75
77	212	32
78	212	48
79	212	51
85	212	72
88	212	110
89	212	40
90	212	76
94	212	54
95	212	62
97	212	65
98	212	29
100	212	45
101	212	42
106	212	110
107	212	61
108	212	45
110	212	46
111	212	52
113	212	49
116	212	101
117	212	79
118	212	79
119	212	75
120	212	81
122	212	92
123	212	84
124	212	103
125	212	129
126	212	105
127	212	67
128	212	92
129	212	99
131	212	43
134	212	29
135	212	84
136	212	108
137	212	45
138	212	46
139	212	34
140	212	23
142	212	40
143	212	27
146	212	37
150	212	119
151	212	39
152	212	57
153	212	167
156	212	60
157	212	267
158	212	196
161	212	150
163	212	77
164	212	43
166	212	87
167	212	182
169	212	41
170	212	49
171	212	39
173	212	132
174	212	8
175	212	180
176	212	26
177	212	113
178	212	135
179	212	64
180	212	46
181	212	65
183	212	48
185	212	34
188	212	40
189	212	71
190	212	36
199	212	95
200	212	124
201	212	82
203	212	21
205	212	65
206	212	8
210	212	48
221	212	55
225	212	51
234	212	92
235	212	23
32	211	2
34	211	2
40	211	74
42	211	52
44	211	241
50	211	72
51	211	139
52	211	35
54	211	39
57	211	29
58	211	76
59	211	62
60	211	44
61	211	49
63	211	57
65	211	20
69	211	32
70	211	105
71	211	20
75	211	71
76	211	178
78	211	36
79	211	63
81	211	100
83	211	77
84	211	100
86	211	13
90	211	20
93	211	95
96	211	54
98	211	86
100	211	83
103	211	82
106	211	42
107	211	102
108	211	47
109	211	206
113	211	38
116	211	59
118	211	61
119	211	60
122	211	101
123	211	100
124	211	205
125	211	72
128	211	164
129	211	73
133	211	159
134	211	180
135	211	10
136	211	87
138	211	79
139	211	136
143	211	53
144	211	41
145	211	139
147	211	191
148	211	151
149	211	17
150	211	52
151	211	164
152	211	217
153	211	156
154	211	26
155	211	76
157	211	140
159	211	65
161	211	31
162	211	29
166	211	142
167	211	77
168	211	84
169	211	105
170	211	68
172	211	63
173	211	12
174	211	192
175	211	127
176	211	50
177	211	126
178	211	207
179	211	124
180	211	69
182	211	43
184	211	135
189	211	93
196	211	28
199	211	60
203	211	67
204	211	30
205	211	50
207	211	53
208	211	63
214	211	22
220	211	27
224	211	33
16	210	79
23	210	29
25	210	66
26	210	59
31	210	73
34	210	49
41	210	79
49	210	25
54	210	76
56	210	45
58	210	66
60	210	56
61	210	60
62	210	93
63	210	38
64	210	27
66	210	52
69	210	28
72	210	40
74	210	29
75	210	44
79	210	62
81	210	63
83	210	114
84	210	74
86	210	84
87	210	49
89	210	84
92	210	56
93	210	63
101	210	71
102	210	49
103	210	49
104	210	43
105	210	67
106	210	33
108	210	48
109	210	86
112	210	30
118	210	47
119	210	141
120	210	156
121	210	82
124	210	38
125	210	90
126	210	89
128	210	99
129	210	83
130	210	158
132	210	76
133	210	62
134	210	96
135	210	69
136	210	65
141	210	85
142	210	84
143	210	23
144	210	75
146	210	65
148	210	57
149	210	12
150	210	62
151	210	23
152	210	135
154	210	63
156	210	24
158	210	92
159	210	204
160	210	50
162	210	81
164	210	86
165	210	50
166	210	119
168	210	57
169	210	76
170	210	92
171	210	78
172	210	126
173	210	263
174	210	81
175	210	137
176	210	124
177	210	91
178	210	115
179	210	111
180	210	61
182	210	136
183	210	90
187	210	72
188	210	72
189	210	52
190	210	51
193	210	81
196	210	99
197	210	59
199	210	33
200	210	43
202	210	119
209	210	48
216	210	70
218	210	35
227	210	28
237	210	38
240	210	145
242	210	86
16	209	71
19	209	52
20	209	54
23	209	156
39	209	78
40	209	113
41	209	43
46	209	49
50	209	95
60	209	74
62	209	43
68	209	40
70	209	83
71	209	59
74	209	91
75	209	26
77	209	10
78	209	49
81	209	62
84	209	39
91	209	64
92	209	13
94	209	57
95	209	40
98	209	25
101	209	69
102	209	42
104	209	19
105	209	76
106	209	157
110	209	31
112	209	73
113	209	18
114	209	113
115	209	73
116	209	48
117	209	35
118	209	81
119	209	76
122	209	57
123	209	75
124	209	69
126	209	58
127	209	73
128	209	89
129	209	161
130	209	114
132	209	90
133	209	41
135	209	65
136	209	50
137	209	86
138	209	115
140	209	48
142	209	48
143	209	33
144	209	81
146	209	49
147	209	166
151	209	65
152	209	76
158	209	142
159	209	118
161	209	73
162	209	35
164	209	15
165	209	45
168	209	42
170	209	160
171	209	61
173	209	101
174	209	197
175	209	149
176	209	105
177	209	134
178	209	147
179	209	112
180	209	63
181	209	82
183	209	131
184	209	36
185	209	60
186	209	59
190	209	42
191	209	43
196	209	46
197	209	81
205	209	77
217	209	90
218	209	71
223	209	35
224	209	56
226	209	104
227	209	130
228	209	147
236	209	60
237	209	91
239	209	21
244	209	58
26	208	61
27	208	62
35	208	48
45	208	51
46	208	50
48	208	117
52	208	67
53	208	79
56	208	68
57	208	45
58	208	87
60	208	120
63	208	62
64	208	60
65	208	148
66	208	12
67	208	52
68	208	56
72	208	52
74	208	36
77	208	59
78	208	133
79	208	49
80	208	54
81	208	150
84	208	66
90	208	96
93	208	105
94	208	56
95	208	122
97	208	47
98	208	46
100	208	109
101	208	70
102	208	42
104	208	22
105	208	55
111	208	56
112	208	128
115	208	65
117	208	47
119	208	62
120	208	87
121	208	48
122	208	54
123	208	75
125	208	151
127	208	147
128	208	40
131	208	229
132	208	52
133	208	112
134	208	103
135	208	149
136	208	66
140	208	33
142	208	44
144	208	65
148	208	51
150	208	49
151	208	87
152	208	53
153	208	126
154	208	74
155	208	122
156	208	57
157	208	114
158	208	40
162	208	131
166	208	59
171	208	68
172	208	109
173	208	120
174	208	211
175	208	110
176	208	217
177	208	187
178	208	178
179	208	148
180	208	185
181	208	208
182	208	98
183	208	73
184	208	73
186	208	29
187	208	45
191	208	60
194	208	147
197	208	60
198	208	39
200	208	63
204	208	67
208	208	46
220	208	50
221	208	74
226	208	68
228	208	82
229	208	54
235	208	46
239	208	53
242	208	116
16	207	33
28	207	64
39	207	50
49	207	37
50	207	65
52	207	30
53	207	68
54	207	72
60	207	79
61	207	38
63	207	49
65	207	112
67	207	81
68	207	25
69	207	17
70	207	45
72	207	140
75	207	30
76	207	154
77	207	88
78	207	48
81	207	89
82	207	47
84	207	141
85	207	152
86	207	54
88	207	6
91	207	43
94	207	109
97	207	163
102	207	49
105	207	49
106	207	102
108	207	43
111	207	75
112	207	161
116	207	47
117	207	26
118	207	67
120	207	38
121	207	49
122	207	53
123	207	93
124	207	24
127	207	36
128	207	165
129	207	76
130	207	63
131	207	62
133	207	38
134	207	64
137	207	109
139	207	87
140	207	52
142	207	74
143	207	38
144	207	46
146	207	46
148	207	81
151	207	38
153	207	69
154	207	95
155	207	165
156	207	72
157	207	38
158	207	30
160	207	66
164	207	27
165	207	22
168	207	66
169	207	40
171	207	122
172	207	119
173	207	154
174	207	174
175	207	83
176	207	46
177	207	165
178	207	222
179	207	126
180	207	84
181	207	137
183	207	100
184	207	85
185	207	81
186	207	67
189	207	68
191	207	57
194	207	31
195	207	30
202	207	37
207	207	28
208	207	25
218	207	125
222	207	68
238	207	24
25	206	83
29	206	23
35	206	34
36	206	24
41	206	12
49	206	149
52	206	105
57	206	41
58	206	54
62	206	170
64	206	17
69	206	67
70	206	24
71	206	15
72	206	43
75	206	48
77	206	61
78	206	63
80	206	35
81	206	27
82	206	46
83	206	27
84	206	89
85	206	67
86	206	27
87	206	63
91	206	132
92	206	128
96	206	78
97	206	69
103	206	208
107	206	56
109	206	74
110	206	54
113	206	122
115	206	68
116	206	52
118	206	168
119	206	41
121	206	23
122	206	107
123	206	93
124	206	13
125	206	129
127	206	39
129	206	41
130	206	78
132	206	32
133	206	60
135	206	36
137	206	103
138	206	114
142	206	43
143	206	42
145	206	82
148	206	54
150	206	36
151	206	19
152	206	73
154	206	74
155	206	42
156	206	93
160	206	140
161	206	57
162	206	35
167	206	37
169	206	43
170	206	57
171	206	91
172	206	144
173	206	126
175	206	52
176	206	272
177	206	64
178	206	98
179	206	142
182	206	167
183	206	182
184	206	54
186	206	86
187	206	36
189	206	39
190	206	18
193	206	80
202	206	50
204	206	31
206	206	53
219	206	49
221	206	99
222	206	46
223	206	134
224	206	84
239	206	54
240	206	65
243	206	46
26	205	2
34	205	57
43	205	47
44	205	28
45	205	22
54	205	25
55	205	65
64	205	134
65	205	41
66	205	62
67	205	76
69	205	84
72	205	41
74	205	101
75	205	65
76	205	31
82	205	32
84	205	57
85	205	53
88	205	66
90	205	70
92	205	43
95	205	56
96	205	124
97	205	80
99	205	73
101	205	81
102	205	14
103	205	34
104	205	52
105	205	24
106	205	113
108	205	15
109	205	66
116	205	42
118	205	67
120	205	124
121	205	133
122	205	80
123	205	63
126	205	67
129	205	78
131	205	86
132	205	61
133	205	41
134	205	93
135	205	76
138	205	165
139	205	18
140	205	93
142	205	62
146	205	40
147	205	46
148	205	63
149	205	96
150	205	53
151	205	182
152	205	44
153	205	79
154	205	90
156	205	28
157	205	111
160	205	83
163	205	40
164	205	87
170	205	76
171	205	106
172	205	76
173	205	103
174	205	79
175	205	150
176	205	67
177	205	50
178	205	268
179	205	182
180	205	76
182	205	89
185	205	71
186	205	24
189	205	93
191	205	136
192	205	22
197	205	90
200	205	62
212	205	55
218	205	98
219	205	40
220	205	133
228	205	40
231	205	75
232	205	47
233	205	36
234	205	24
236	205	91
243	205	40
247	205	52
25	204	52
26	204	45
30	204	58
43	204	118
57	204	108
58	204	75
59	204	30
62	204	57
64	204	8
68	204	110
69	204	13
70	204	92
71	204	61
72	204	50
79	204	33
80	204	68
81	204	39
82	204	145
85	204	139
86	204	112
87	204	50
88	204	41
92	204	88
93	204	65
96	204	52
97	204	60
100	204	103
101	204	21
103	204	81
104	204	51
106	204	58
110	204	36
111	204	110
112	204	83
113	204	83
114	204	100
115	204	67
116	204	21
117	204	94
118	204	50
119	204	141
121	204	106
124	204	59
126	204	131
127	204	25
130	204	27
131	204	35
132	204	39
133	204	31
136	204	58
137	204	52
139	204	71
141	204	49
143	204	82
146	204	67
147	204	77
148	204	30
152	204	144
154	204	90
155	204	176
156	204	96
158	204	40
159	204	68
160	204	30
163	204	5
164	204	12
165	204	31
166	204	56
167	204	67
168	204	59
169	204	47
170	204	92
171	204	85
174	204	88
175	204	83
176	204	143
178	204	147
179	204	84
180	204	335
182	204	36
183	204	58
184	204	27
185	204	79
191	204	55
192	204	34
197	204	65
201	204	46
209	204	124
210	204	65
214	204	30
215	204	70
216	204	53
220	204	63
224	204	145
225	204	33
226	204	70
234	204	73
239	204	46
241	204	110
13	203	57
18	203	65
27	203	61
39	203	96
41	203	21
42	203	49
43	203	52
44	203	106
45	203	87
46	203	82
51	203	143
54	203	65
57	203	24
61	203	69
63	203	6
64	203	46
65	203	41
67	203	34
68	203	115
75	203	147
78	203	22
81	203	59
82	203	127
83	203	115
85	203	112
88	203	72
89	203	31
90	203	49
93	203	51
98	203	19
99	203	12
101	203	27
102	203	44
103	203	67
104	203	57
106	203	112
108	203	75
110	203	92
111	203	67
116	203	70
117	203	52
119	203	93
120	203	66
121	203	52
122	203	169
123	203	46
125	203	67
126	203	80
127	203	65
128	203	22
129	203	17
130	203	84
131	203	82
132	203	46
136	203	59
140	203	25
143	203	80
144	203	76
145	203	76
146	203	73
152	203	87
153	203	44
154	203	46
155	203	238
157	203	93
158	203	54
159	203	113
161	203	48
162	203	140
163	203	60
164	203	50
165	203	46
167	203	64
168	203	33
169	203	58
170	203	11
171	203	59
173	203	142
174	203	118
175	203	172
176	203	110
177	203	134
179	203	12
181	203	156
182	203	147
187	203	57
193	203	28
203	203	51
205	203	27
209	203	16
212	203	29
216	203	45
218	203	56
220	203	26
221	203	82
222	203	85
230	203	92
231	203	54
234	203	6
235	203	60
241	203	61
242	203	28
25	202	63
26	202	56
30	202	34
32	202	16
43	202	16
44	202	96
45	202	99
51	202	49
53	202	112
55	202	55
56	202	17
59	202	52
60	202	31
64	202	72
65	202	33
66	202	55
69	202	89
70	202	76
72	202	38
73	202	128
75	202	91
83	202	74
87	202	48
88	202	79
95	202	46
101	202	27
104	202	98
105	202	69
106	202	58
108	202	50
109	202	143
113	202	84
114	202	74
116	202	150
117	202	52
119	202	108
120	202	121
122	202	212
123	202	131
124	202	40
126	202	44
127	202	78
128	202	166
130	202	102
132	202	29
133	202	31
134	202	64
135	202	82
136	202	126
137	202	168
139	202	51
141	202	53
142	202	22
145	202	108
149	202	34
151	202	72
154	202	93
157	202	78
158	202	93
161	202	64
162	202	150
163	202	40
164	202	114
165	202	57
167	202	51
170	202	58
171	202	85
172	202	137
173	202	126
174	202	80
175	202	147
177	202	65
179	202	52
181	202	110
182	202	79
185	202	99
186	202	35
187	202	46
190	202	169
193	202	22
195	202	40
196	202	78
199	202	92
203	202	25
205	202	27
208	202	76
212	202	4
214	202	47
215	202	41
216	202	69
223	202	53
229	202	92
232	202	24
233	202	48
239	202	39
243	202	32
24	201	39
26	201	29
46	201	9
52	201	76
54	201	82
64	201	16
65	201	54
68	201	32
71	201	15
78	201	113
79	201	45
80	201	136
82	201	49
83	201	26
84	201	57
87	201	19
98	201	76
99	201	22
105	201	54
107	201	50
114	201	76
115	201	81
117	201	26
118	201	95
119	201	62
120	201	39
121	201	131
122	201	113
123	201	75
127	201	22
128	201	73
129	201	29
130	201	60
137	201	76
138	201	81
139	201	49
141	201	60
144	201	129
145	201	105
147	201	70
149	201	46
152	201	83
154	201	176
155	201	87
156	201	5
161	201	24
164	201	66
165	201	34
166	201	83
167	201	31
168	201	101
169	201	74
171	201	27
172	201	38
179	201	40
180	201	28
181	201	57
183	201	94
185	201	16
186	201	68
188	201	26
197	201	39
198	201	70
200	201	41
201	201	49
207	201	44
213	201	25
218	201	17
219	201	72
221	201	54
229	201	71
231	201	54
235	201	109
236	201	59
238	201	67
239	201	51
240	201	62
14	200	34
38	200	52
42	200	44
44	200	47
47	200	46
49	200	35
55	200	41
56	200	72
57	200	31
59	200	66
60	200	84
64	200	55
65	200	51
70	200	61
71	200	63
73	200	83
74	200	42
78	200	84
81	200	149
82	200	26
85	200	49
86	200	130
87	200	35
92	200	33
95	200	45
97	200	73
104	200	65
105	200	98
111	200	62
112	200	68
113	200	46
114	200	70
115	200	44
116	200	84
118	200	3
120	200	118
121	200	84
122	200	57
123	200	146
124	200	65
127	200	84
129	200	86
130	200	40
132	200	138
134	200	33
135	200	79
137	200	19
138	200	41
139	200	217
140	200	150
141	200	130
144	200	64
145	200	58
147	200	103
148	200	148
151	200	138
154	200	208
155	200	7
158	200	66
159	200	47
161	200	98
162	200	30
163	200	30
164	200	70
165	200	122
167	200	48
169	200	30
172	200	32
173	200	76
174	200	71
175	200	57
176	200	54
177	200	41
179	200	35
180	200	67
181	200	29
186	200	53
187	200	46
192	200	77
194	200	60
196	200	38
198	200	48
199	200	174
200	200	45
202	200	169
203	200	52
205	200	24
206	200	49
218	200	46
219	200	62
230	200	20
235	200	52
238	200	45
239	200	100
241	200	48
8	199	33
12	199	13
22	199	54
23	199	27
29	199	36
30	199	39
46	199	81
47	199	22
49	199	49
50	199	79
52	199	27
54	199	62
55	199	45
58	199	118
60	199	60
61	199	110
63	199	44
64	199	52
66	199	68
69	199	38
70	199	72
71	199	39
72	199	81
75	199	81
85	199	149
87	199	42
90	199	178
94	199	47
99	199	62
101	199	71
102	199	45
109	199	12
110	199	137
111	199	73
112	199	32
115	199	67
116	199	49
120	199	75
123	199	54
124	199	98
126	199	81
127	199	65
129	199	70
135	199	81
136	199	76
137	199	60
138	199	30
141	199	70
142	199	57
145	199	166
146	199	45
147	199	152
149	199	116
150	199	67
151	199	16
152	199	25
153	199	87
155	199	51
157	199	43
158	199	67
159	199	145
160	199	155
164	199	83
165	199	156
166	199	46
167	199	40
168	199	86
169	199	75
171	199	100
172	199	71
173	199	39
175	199	72
177	199	41
179	199	134
181	199	41
194	199	78
196	199	45
198	199	37
199	199	187
201	199	138
203	199	37
204	199	107
206	199	36
209	199	26
212	199	51
213	199	57
214	199	83
219	199	72
220	199	50
221	199	52
223	199	23
227	199	80
234	199	87
237	199	105
238	199	20
239	199	43
35	198	62
36	198	36
43	198	71
44	198	44
46	198	62
47	198	80
56	198	38
60	198	33
64	198	53
67	198	64
69	198	82
70	198	27
77	198	74
78	198	67
81	198	8
85	198	62
90	198	34
97	198	97
99	198	25
102	198	40
103	198	64
104	198	119
107	198	23
109	198	8
110	198	21
111	198	46
113	198	52
116	198	57
118	198	40
120	198	60
122	198	62
123	198	112
124	198	131
126	198	69
127	198	97
128	198	46
132	198	48
136	198	152
137	198	49
139	198	35
140	198	152
143	198	113
144	198	68
145	198	34
146	198	77
147	198	108
148	198	122
149	198	134
150	198	128
151	198	153
153	198	105
154	198	84
155	198	95
157	198	69
158	198	79
159	198	75
160	198	65
161	198	45
162	198	82
163	198	78
165	198	25
166	198	28
168	198	135
174	198	11
175	198	76
177	198	19
182	198	47
183	198	59
184	198	24
185	198	68
187	198	63
189	198	67
193	198	76
196	198	25
198	198	41
204	198	65
209	198	44
210	198	47
214	198	210
217	198	13
220	198	50
221	198	75
222	198	37
223	198	102
227	198	59
229	198	37
230	198	70
232	198	12
237	198	43
246	198	98
247	198	83
248	198	77
38	197	85
39	197	96
40	197	67
52	197	45
57	197	50
58	197	123
59	197	87
61	197	100
64	197	71
65	197	52
68	197	147
71	197	34
72	197	88
74	197	67
75	197	58
77	197	63
83	197	50
85	197	79
90	197	43
91	197	55
92	197	72
94	197	68
97	197	20
99	197	51
101	197	73
103	197	18
106	197	45
113	197	59
115	197	29
116	197	28
117	197	87
119	197	40
124	197	168
126	197	75
127	197	109
128	197	22
129	197	91
130	197	48
135	197	83
136	197	7
137	197	77
138	197	50
140	197	158
141	197	49
143	197	132
144	197	135
146	197	27
147	197	101
148	197	110
151	197	155
155	197	67
157	197	79
158	197	37
159	197	33
160	197	96
163	197	121
164	197	29
168	197	19
169	197	44
171	197	27
172	197	90
173	197	81
175	197	124
178	197	115
182	197	134
183	197	45
184	197	79
187	197	40
189	197	77
190	197	18
191	197	159
192	197	51
195	197	20
198	197	46
209	197	41
210	197	95
211	197	32
212	197	48
214	197	49
221	197	136
222	197	37
224	197	28
225	197	42
227	197	32
235	197	22
236	197	72
238	197	49
243	197	62
26	196	57
28	196	108
32	196	63
33	196	30
35	196	5
41	196	20
44	196	37
47	196	41
49	196	26
51	196	26
54	196	47
57	196	79
58	196	34
61	196	71
63	196	65
64	196	67
65	196	52
66	196	47
67	196	63
68	196	77
73	196	112
81	196	25
86	196	42
87	196	53
88	196	62
89	196	76
94	196	58
98	196	45
100	196	179
101	196	131
102	196	46
103	196	17
104	196	58
105	196	65
106	196	122
108	196	57
113	196	72
114	196	79
115	196	131
117	196	90
118	196	145
119	196	146
120	196	89
121	196	126
122	196	56
123	196	45
125	196	117
126	196	79
127	196	57
131	196	109
132	196	49
138	196	152
139	196	49
140	196	38
141	196	84
142	196	54
149	196	87
150	196	138
153	196	52
154	196	71
155	196	88
156	196	58
157	196	95
158	196	8
159	196	66
161	196	72
163	196	27
165	196	145
166	196	136
169	196	49
178	196	82
179	196	51
182	196	34
184	196	30
189	196	77
192	196	45
193	196	113
203	196	113
206	196	65
207	196	69
211	196	71
212	196	159
214	196	176
219	196	16
222	196	79
225	196	52
226	196	39
231	196	28
237	196	81
240	196	57
24	195	38
29	195	63
35	195	48
36	195	65
37	195	51
41	195	23
46	195	52
48	195	52
50	195	103
52	195	39
53	195	36
56	195	43
57	195	39
61	195	35
63	195	22
66	195	52
70	195	75
71	195	22
74	195	43
77	195	70
82	195	78
88	195	139
91	195	36
102	195	70
103	195	62
104	195	74
106	195	31
107	195	57
108	195	80
109	195	20
111	195	56
112	195	45
114	195	67
116	195	70
117	195	89
118	195	18
120	195	192
121	195	51
124	195	52
125	195	107
127	195	87
128	195	67
133	195	95
134	195	162
138	195	43
140	195	81
142	195	83
144	195	74
145	195	126
146	195	94
147	195	49
149	195	60
150	195	116
152	195	17
153	195	73
154	195	83
155	195	71
156	195	60
158	195	37
159	195	30
160	195	147
161	195	50
162	195	68
164	195	71
165	195	119
166	195	102
167	195	17
169	195	38
170	195	47
172	195	60
174	195	61
175	195	59
177	195	47
181	195	115
182	195	67
183	195	42
184	195	75
185	195	69
188	195	22
189	195	99
191	195	49
193	195	51
194	195	65
195	195	124
198	195	95
199	195	22
201	195	15
202	195	104
203	195	62
215	195	18
216	195	114
221	195	60
222	195	59
226	195	72
233	195	101
235	195	64
236	195	69
22	194	21
31	194	110
35	194	46
41	194	36
51	194	65
52	194	73
56	194	52
63	194	29
66	194	58
69	194	88
70	194	75
74	194	90
76	194	87
78	194	58
80	194	20
81	194	57
83	194	59
84	194	69
86	194	81
88	194	54
89	194	52
93	194	77
94	194	33
99	194	53
100	194	45
101	194	80
102	194	32
103	194	117
104	194	29
105	194	78
106	194	82
107	194	124
108	194	70
110	194	54
113	194	100
115	194	27
119	194	105
120	194	34
121	194	251
122	194	62
124	194	95
125	194	67
126	194	103
128	194	143
129	194	122
130	194	123
131	194	102
134	194	61
135	194	58
137	194	163
140	194	41
141	194	57
144	194	170
146	194	130
148	194	139
149	194	31
150	194	67
151	194	38
152	194	40
154	194	44
156	194	95
157	194	25
159	194	167
160	194	216
162	194	96
164	194	139
40	246	26
35	245	35
46	245	25
136	245	41
137	245	65
41	244	6
57	244	73
73	244	74
88	244	45
89	244	47
90	244	39
95	244	43
96	244	59
98	244	37
114	244	23
122	244	54
125	244	53
129	244	115
136	244	58
164	244	41
59	243	75
62	243	37
67	243	40
76	243	48
81	243	30
88	243	74
89	243	30
90	243	13
91	243	68
97	243	44
102	243	70
112	243	52
113	243	73
115	243	47
116	243	69
119	243	130
120	243	20
123	243	36
125	243	71
129	243	51
150	243	98
157	243	31
162	243	77
166	243	47
170	243	30
24	242	70
37	242	52
39	242	44
40	242	46
49	242	42
58	242	40
69	242	41
70	242	48
72	242	74
74	242	40
77	242	33
81	242	42
87	242	41
89	242	31
95	242	38
96	242	75
97	242	82
102	242	49
104	242	20
112	242	92
118	242	26
126	242	57
132	242	15
138	242	59
145	242	93
164	242	35
166	242	57
170	242	105
176	242	58
180	242	44
37	241	64
44	241	44
46	241	51
58	241	33
67	241	52
71	241	39
77	241	63
86	241	52
88	241	72
92	241	68
95	241	27
99	241	20
103	241	94
104	241	32
121	241	59
125	241	117
146	241	62
158	241	27
164	241	76
170	241	75
176	241	82
177	241	4
178	241	76
212	241	51
24	240	15
37	240	36
45	240	57
49	240	35
59	240	82
61	240	34
69	240	56
71	240	60
73	240	64
80	240	94
82	240	78
83	240	54
84	240	43
86	240	77
89	240	47
90	240	38
94	240	34
98	240	172
100	240	55
101	240	66
102	240	87
106	240	54
114	240	109
115	240	44
122	240	133
130	240	45
132	240	55
136	240	18
137	240	122
149	240	114
150	240	89
151	240	91
152	240	81
156	240	68
159	240	28
177	240	34
207	240	37
16	239	45
23	239	71
35	239	47
37	239	42
43	239	47
46	239	58
49	239	48
50	239	52
51	239	16
57	239	58
59	239	12
61	239	53
63	239	95
# chipNumber: 4
# chipName:   G 10 W69
# numHits:    44
78	244	48
79	241	18
92	241	25
67	240	36
72	240	44
87	238	37
89	238	32
91	237	60
137	237	2
88	236	53
91	236	43
87	235	54
73	234	26
106	230	93
107	229	25
69	228	20
75	227	46
73	226	43
53	223	95
53	222	6
82	222	27
55	220	62
57	219	81
223	201	4
12	165	51
10	162	75
13	138	47
23	137	49
8	134	51
10	130	101
22	125	47
17	124	24
18	124	69
16	121	68
17	121	66
16	120	89
17	120	29
32	119	59
32	117	65
16	113	84
16	112	45
17	107	34
33	105	36
34	105	53
# chipNumber: 5
# chipName:   D 9 W69
# numHits:    0
# chipNumber: 6
# chipName:   L 8 W69
# numHits:    127
152	242	14
200	242	39
180	240	38
79	238	68
176	238	30
168	237	73
176	237	29
120	236	16
129	235	39
127	234	12
166	233	11810
23	231	23
156	231	36
189	231	28
191	231	54
147	230	34
182	230	15
115	229	27
177	229	45
182	229	21
136	228	26
182	227	38
128	226	69
170	226	27
175	226	15
182	226	39
190	226	15
176	224	34
143	223	24
168	223	81
153	220	29
154	220	53
139	219	24
143	219	29
119	216	23
143	216	20
159	215	52
172	215	32
179	215	31
130	213	41
135	213	18
158	212	9
207	212	16
160	211	39
163	207	22
234	203	11810
113	185	74
77	182	15
82	182	27
81	180	22
109	180	50
76	179	44
66	178	50
76	178	19
100	178	45
132	178	27
182	178	46
88	177	30
108	177	27
180	176	74
82	175	2
108	175	18
96	174	32
77	172	42
88	172	37
78	171	39
106	171	49
78	170	26
82	169	55
94	168	33
100	168	33
108	168	36
83	167	31
90	167	34
95	167	36
108	167	49
110	167	30
71	166	18
74	166	41
85	166	19
72	165	74
95	165	29
98	165	23
89	164	68
81	163	30
72	162	31
85	162	33
93	161	6
100	161	32
83	160	18
82	159	30
92	159	24
85	158	58
103	158	27
71	156	30
78	156	38
83	156	69
88	156	47
94	156	82
96	156	37
100	156	27
83	155	50
89	155	30
90	155	20
94	155	19
95	155	17
107	155	44
83	154	30
91	153	20
114	153	9
88	152	13
95	152	55
99	152	63
93	151	41
96	151	18
90	150	27
91	150	73
105	150	33
91	149	63
92	149	23
84	148	13
91	148	39
98	148	18
89	147	54
100	147	66
84	146	28
97	141	16
