## [General]
## runNumber:        241
## runTime:       	 7200
## runTimeFrames: 	 0
## pathName:         data/runs/Run_241_181022-16-16
## dateTime:         2018-10-22.16:34:44
## numChips:         7
## shutterTime:      30
## shutterMode:      verylong
## runMode:          0
## fastClock:        0
## externalTrigger:  0
## [Event]
## eventNumber:      1474
## useHvFadc:    	 1
## fadcReadout:    	 1
## szint1ClockInt:	 0
## szint2ClockInt:	 0
## fadcTriggerClock: 0
# chipNumber: 0
# chipName:   E 6 W69
# numHits:    0
# chipNumber: 1
# chipName:   K 6 W69
# numHits:    0
# chipNumber: 2
# chipName:   H 9 W69
# numHits:    19
244	211	29
241	203	59
242	203	38
224	181	23
247	172	37
237	143	56
236	137	33
235	136	51
235	135	107
231	132	65
236	126	125
243	121	89
222	114	15
246	107	75
231	103	55
231	102	73
232	102	50
233	102	77
237	96	46
# chipNumber: 3
# chipName:   H 10 W69
# numHits:    20067
82	187	91
83	187	124
87	187	24
89	187	86
90	187	42
91	187	18
92	187	61
94	187	65
97	187	74
102	187	17
107	187	25
108	187	85
109	187	38
113	187	52
114	187	40
116	187	181
117	187	83
118	187	133
120	187	91
122	187	68
124	187	64
132	187	59
133	187	81
134	187	7
135	187	68
136	187	147
137	187	42
138	187	272
139	187	159
140	187	117
145	187	41
147	187	46
148	187	70
152	187	24
153	187	7
158	187	38
159	187	92
168	187	80
169	187	82
170	187	114
179	187	65
181	187	67
193	187	71
194	187	92
198	187	44
211	187	27
212	187	57
218	187	71
238	187	76
16	186	55
20	186	28
26	186	80
31	186	94
33	186	62
35	186	82
40	186	29
43	186	53
44	186	118
46	186	19
47	186	33
50	186	95
51	186	46
53	186	74
54	186	57
57	186	44
59	186	22
60	186	20
64	186	36
65	186	51
66	186	90
68	186	79
69	186	25
71	186	70
75	186	63
79	186	48
81	186	140
82	186	95
83	186	15
85	186	35
86	186	71
87	186	27
88	186	77
89	186	92
90	186	97
92	186	49
93	186	59
98	186	46
102	186	12
103	186	51
107	186	57
108	186	68
110	186	51
111	186	48
112	186	40
113	186	83
114	186	76
115	186	23
116	186	45
120	186	53
121	186	185
122	186	101
124	186	147
125	186	89
126	186	119
127	186	54
129	186	45
131	186	35
133	186	84
135	186	54
136	186	86
137	186	47
140	186	93
142	186	188
143	186	74
144	186	90
149	186	53
154	186	71
160	186	128
162	186	68
166	186	49
170	186	49
176	186	54
180	186	123
199	186	93
208	186	47
9	185	57
10	185	21
11	185	36
14	185	97
16	185	62
21	185	89
23	185	100
27	185	34
28	185	35
30	185	33
32	185	66
33	185	62
34	185	45
36	185	66
37	185	43
38	185	80
40	185	12
41	185	70
44	185	72
45	185	66
46	185	73
47	185	55
49	185	35
50	185	20
52	185	62
54	185	75
58	185	63
59	185	20
60	185	40
63	185	74
64	185	52
65	185	16
68	185	68
70	185	70
71	185	40
73	185	59
74	185	35
82	185	29
83	185	36
86	185	12
87	185	57
89	185	135
90	185	52
91	185	40
93	185	84
94	185	113
97	185	59
98	185	142
99	185	87
100	185	128
101	185	158
102	185	28
103	185	88
105	185	58
106	185	45
110	185	56
116	185	38
117	185	57
118	185	133
125	185	93
126	185	96
129	185	96
131	185	53
135	185	64
136	185	57
137	185	127
138	185	3
139	185	68
140	185	54
141	185	59
145	185	18
146	185	22
148	185	127
149	185	24
159	185	68
165	185	13
166	185	46
167	185	32
174	185	42
175	185	29
181	185	59
182	185	38
186	185	69
194	185	51
197	185	44
208	185	94
209	185	40
211	185	23
24	184	71
30	184	16
32	184	32
34	184	94
35	184	84
36	184	70
39	184	42
42	184	69
46	184	23
50	184	57
52	184	50
53	184	57
56	184	94
57	184	69
59	184	56
61	184	60
62	184	34
65	184	83
68	184	44
69	184	55
72	184	47
73	184	45
75	184	56
76	184	161
77	184	54
78	184	17
82	184	179
84	184	67
85	184	82
86	184	69
87	184	52
88	184	60
90	184	120
91	184	61
92	184	36
93	184	70
97	184	26
98	184	91
101	184	33
103	184	99
111	184	81
116	184	56
118	184	93
120	184	91
121	184	58
122	184	70
125	184	34
128	184	185
129	184	66
130	184	232
131	184	199
132	184	118
133	184	155
134	184	117
135	184	92
137	184	13
140	184	43
142	184	29
143	184	51
147	184	80
148	184	21
149	184	118
154	184	135
157	184	77
159	184	68
163	184	22
164	184	35
169	184	94
170	184	26
171	184	101
173	184	80
174	184	50
177	184	125
180	184	135
182	184	16
191	184	57
207	184	38
208	184	84
14	183	37
16	183	75
24	183	62
26	183	96
28	183	204
32	183	71
33	183	32
38	183	44
40	183	20
43	183	101
46	183	84
47	183	46
49	183	69
53	183	28
56	183	47
57	183	98
58	183	140
66	183	55
69	183	52
70	183	52
71	183	46
72	183	166
74	183	57
75	183	122
78	183	86
80	183	118
83	183	46
85	183	28
91	183	141
92	183	61
93	183	17
94	183	34
95	183	53
96	183	137
99	183	27
100	183	157
101	183	51
102	183	48
105	183	22
106	183	102
107	183	28
108	183	142
111	183	16
117	183	13
121	183	15
122	183	60
123	183	16
124	183	52
126	183	97
127	183	105
128	183	12
129	183	91
132	183	50
133	183	33
134	183	36
135	183	96
136	183	22
137	183	78
138	183	40
140	183	47
141	183	71
143	183	35
145	183	117
146	183	18
148	183	15
149	183	79
150	183	60
151	183	76
154	183	122
156	183	52
158	183	60
167	183	34
173	183	59
177	183	74
182	183	55
183	183	19
184	183	31
188	183	70
191	183	42
194	183	79
196	183	36
197	183	50
202	183	69
211	183	30
232	183	122
234	183	40
10	182	118
11	182	38
15	182	79
16	182	59
20	182	43
25	182	75
26	182	79
28	182	17
29	182	148
32	182	44
36	182	24
40	182	82
42	182	28
43	182	113
47	182	55
48	182	95
49	182	54
50	182	43
59	182	124
61	182	37
62	182	96
63	182	42
64	182	39
67	182	33
68	182	66
71	182	69
72	182	44
73	182	139
75	182	126
76	182	41
77	182	227
78	182	69
79	182	54
81	182	74
82	182	29
83	182	47
83	245	31
95	245	40
132	245	50
89	244	99
91	244	50
137	244	9
138	244	25
147	244	33
177	244	52
90	243	71
102	243	61
128	243	6
129	243	25
135	243	93
136	243	69
140	243	60
160	243	29
184	243	43
191	243	42
41	242	48
50	242	64
55	242	58
64	242	76
69	242	82
70	242	15
91	242	45
100	242	54
111	242	76
131	242	76
136	242	41
140	242	41
143	242	23
153	242	51
159	242	48
191	242	26
41	241	70
43	241	54
45	241	52
46	241	25
53	241	27
80	241	69
81	241	59
89	241	33
90	241	88
93	241	90
122	241	47
129	241	47
130	241	29
143	241	82
145	241	21
155	241	47
195	241	92
48	240	43
52	240	60
54	240	64
73	240	30
79	240	33
80	240	48
85	240	83
88	240	99
90	240	51
91	240	31
92	240	49
94	240	114
101	240	48
108	240	69
111	240	49
113	240	34
121	240	97
142	240	82
143	240	105
148	240	49
160	240	98
164	240	30
170	240	46
171	240	17
173	240	24
176	240	8
188	240	50
196	240	56
199	240	75
32	239	59
41	239	56
44	239	70
52	239	66
53	239	57
79	239	45
81	239	63
85	239	41
86	239	57
91	239	171
93	239	14
95	239	39
97	239	22
109	239	70
112	239	75
113	239	21
117	239	101
136	239	62
139	239	62
148	239	36
160	239	33
162	239	43
163	239	105
170	239	99
179	239	22
186	239	35
199	239	75
17	238	76
41	238	27
52	238	38
61	238	42
71	238	79
85	238	40
87	238	40
88	238	46
90	238	73
94	238	16
95	238	181
97	238	28
103	238	66
104	238	70
117	238	73
120	238	37
121	238	52
123	238	31
133	238	25
139	238	42
153	238	35
157	238	22
164	238	70
167	238	33
170	238	51
175	238	64
178	238	48
182	238	56
191	238	72
81	237	49
84	237	101
85	237	19
87	237	89
89	237	79
91	237	57
94	237	46
96	237	78
104	237	137
107	237	95
114	237	27
116	237	54
118	237	23
128	237	54
131	237	38
134	237	121
137	237	56
143	237	71
149	237	58
151	237	25
161	237	66
170	237	83
176	237	60
189	237	80
202	237	98
203	237	77
224	237	41
15	236	72
40	236	51
43	236	49
54	236	95
63	236	60
65	236	78
88	236	15
89	236	49
92	236	62
93	236	84
95	236	30
102	236	120
104	236	31
106	236	75
107	236	65
116	236	35
118	236	98
133	236	78
144	236	39
148	236	60
149	236	37
153	236	24
154	236	56
155	236	96
156	236	51
159	236	27
160	236	62
161	236	48
163	236	56
167	236	54
168	236	29
170	236	31
171	236	65
178	236	79
180	236	54
189	236	72
196	236	70
202	236	42
211	236	58
218	236	32
15	235	53
25	235	41
43	235	28
47	235	55
54	235	70
57	235	43
66	235	42
67	235	18
79	235	89
80	235	16
82	235	65
84	235	4
87	235	69
95	235	25
103	235	64
105	235	62
112	235	49
116	235	62
136	235	31
137	235	65
138	235	75
139	235	85
143	235	18
144	235	71
154	235	83
155	235	64
162	235	77
165	235	35
166	235	122
167	235	49
175	235	58
189	235	41
190	235	82
191	235	47
194	235	36
196	235	28
210	235	40
17	234	43
18	234	79
19	234	59
22	234	56
27	234	71
34	234	34
79	234	68
87	234	49
89	234	59
91	234	78
94	234	68
97	234	21
98	234	89
99	234	66
101	234	52
107	234	95
113	234	57
117	234	149
122	234	76
123	234	109
125	234	46
126	234	57
137	234	27
139	234	79
140	234	34
155	234	144
157	234	85
158	234	15
159	234	18
161	234	22
165	234	39
167	234	59
168	234	48
169	234	46
172	234	47
183	234	62
196	234	30
203	234	20
216	234	58
218	234	61
221	234	55
240	234	27
22	233	71
27	233	76
32	233	30
34	233	61
43	233	41
47	233	47
64	233	53
75	233	12
83	233	63
88	233	51
90	233	6
95	233	57
98	233	70
101	233	65
102	233	55
107	233	29
112	233	76
116	233	16
120	233	67
123	233	41
129	233	79
135	233	47
139	233	22
145	233	71
153	233	56
156	233	38
159	233	54
160	233	47
161	233	120
171	233	71
176	233	51
194	233	90
199	233	25
201	233	23
204	233	36
209	233	59
210	233	33
238	233	5
36	232	25
55	232	58
64	232	113
65	232	3
79	232	42
83	232	66
86	232	80
88	232	61
92	232	86
96	232	65
100	232	61
102	232	84
104	232	74
105	232	57
108	232	21
112	232	67
113	232	43
114	232	58
116	232	53
120	232	54
127	232	79
128	232	48
133	232	46
141	232	19
144	232	82
145	232	57
153	232	89
158	232	58
160	232	53
163	232	119
178	232	76
179	232	43
191	232	60
192	232	20
198	232	48
202	232	47
204	232	42
205	232	78
213	232	63
219	232	44
224	232	79
43	231	24
63	231	75
66	231	28
74	231	104
83	231	42
87	231	33
88	231	117
90	231	40
93	231	63
94	231	73
98	231	55
99	231	49
102	231	81
106	231	34
107	231	83
109	231	46
112	231	166
114	231	83
121	231	47
122	231	20
124	231	36
130	231	121
133	231	65
135	231	54
136	231	67
141	231	71
146	231	83
150	231	52
156	231	31
158	231	40
164	231	93
165	231	18
172	231	49
176	231	59
191	231	65
192	231	30
201	231	44
202	231	44
204	231	157
210	231	41
16	230	40
22	230	37
27	230	33
34	230	64
45	230	94
46	230	25
47	230	73
58	230	54
66	230	55
71	230	86
73	230	29
83	230	81
84	230	41
88	230	55
89	230	76
92	230	29
94	230	59
98	230	51
106	230	54
109	230	31
112	230	45
113	230	64
114	230	42
115	230	85
118	230	77
119	230	107
120	230	98
121	230	105
122	230	74
124	230	43
126	230	29
130	230	63
133	230	71
135	230	54
137	230	66
140	230	21
142	230	84
152	230	48
153	230	145
154	230	93
158	230	32
160	230	74
163	230	103
165	230	62
166	230	79
167	230	29
168	230	43
171	230	26
176	230	7
194	230	82
203	230	103
215	230	52
22	229	65
31	229	18
34	229	25
36	229	64
42	229	49
44	229	17
52	229	14
57	229	54
62	229	24
67	229	67
86	229	41
87	229	30
95	229	38
96	229	40
98	229	116
99	229	69
106	229	56
108	229	69
110	229	16
113	229	14
118	229	35
119	229	63
121	229	37
122	229	69
124	229	45
127	229	58
129	229	16
139	229	92
141	229	39
152	229	139
154	229	71
155	229	79
158	229	30
160	229	56
161	229	46
165	229	122
166	229	113
167	229	64
178	229	46
179	229	54
185	229	40
186	229	26
191	229	63
208	229	54
217	229	49
218	229	25
239	229	47
15	228	67
21	228	49
30	228	100
46	228	17
62	228	56
63	228	43
65	228	48
82	228	5
88	228	41
91	228	30
98	228	63
101	228	22
107	228	60
110	228	88
115	228	14
118	228	39
120	228	21
121	228	95
122	228	49
126	228	51
129	228	40
130	228	68
135	228	116
137	228	41
138	228	47
142	228	23
151	228	41
152	228	61
153	228	55
157	228	10
158	228	74
161	228	109
162	228	178
163	228	131
167	228	16
168	228	19
170	228	27
171	228	61
180	228	67
191	228	22
192	228	67
197	228	78
207	228	62
212	228	82
213	228	36
217	228	64
218	228	20
18	227	20
19	227	29
27	227	54
37	227	24
45	227	79
53	227	41
57	227	36
58	227	90
60	227	26
61	227	31
73	227	46
79	227	60
88	227	12
95	227	47
100	227	56
104	227	50
106	227	55
110	227	90
113	227	92
116	227	65
117	227	67
118	227	103
120	227	83
122	227	36
124	227	74
130	227	62
133	227	33
138	227	58
140	227	103
142	227	96
146	227	97
150	227	53
151	227	78
152	227	92
154	227	60
156	227	24
157	227	43
158	227	34
161	227	42
163	227	122
165	227	89
167	227	17
176	227	40
180	227	53
186	227	85
194	227	27
197	227	76
201	227	64
203	227	37
204	227	39
205	227	39
207	227	22
208	227	66
212	227	82
13	226	77
14	226	35
30	226	36
33	226	35
36	226	54
40	226	68
44	226	40
45	226	14
46	226	18
47	226	19
57	226	93
59	226	82
67	226	60
74	226	44
85	226	32
96	226	72
100	226	66
102	226	29
110	226	63
112	226	7
114	226	51
116	226	20
119	226	67
120	226	9
121	226	22
123	226	65
126	226	48
127	226	44
129	226	51
130	226	33
132	226	79
133	226	78
134	226	69
137	226	48
140	226	18
146	226	50
151	226	84
152	226	92
153	226	47
154	226	19
155	226	97
156	226	70
157	226	62
159	226	42
160	226	71
163	226	101
164	226	51
166	226	140
185	226	38
191	226	64
195	226	35
203	226	50
204	226	54
213	226	32
229	226	58
20	225	82
25	225	20
26	225	49
29	225	33
37	225	51
52	225	8
53	225	33
73	225	63
74	225	84
75	225	74
87	225	49
98	225	38
105	225	44
107	225	22
115	225	117
121	225	50
125	225	43
126	225	85
127	225	76
128	225	114
129	225	50
130	225	49
136	225	14
138	225	61
140	225	79
142	225	25
144	225	56
145	225	47
152	225	91
153	225	21
155	225	16
157	225	53
158	225	40
161	225	3
163	225	90
166	225	149
167	225	175
169	225	113
170	225	80
173	225	28
178	225	126
186	225	57
190	225	84
192	225	80
195	225	37
206	225	33
207	225	60
212	225	42
227	225	26
231	225	78
232	225	43
14	224	101
21	224	71
23	224	76
24	224	13
27	224	22
33	224	46
45	224	41
54	224	29
60	224	31
62	224	75
65	224	50
72	224	18
80	224	23
88	224	75
89	224	24
95	224	67
98	224	51
101	224	60
103	224	68
105	224	33
109	224	30
112	224	29
116	224	58
122	224	37
123	224	56
130	224	114
131	224	10
140	224	76
143	224	83
144	224	32
145	224	80
153	224	59
154	224	78
156	224	25
158	224	45
160	224	63
161	224	26
164	224	152
166	224	47
170	224	56
174	224	51
175	224	59
185	224	30
189	224	17
190	224	52
193	224	55
195	224	38
196	224	89
197	224	83
198	224	56
201	224	66
205	224	38
15	223	55
21	223	30
29	223	52
31	223	11
42	223	42
50	223	59
53	223	27
66	223	18
69	223	35
73	223	43
76	223	70
77	223	67
88	223	80
89	223	34
95	223	52
96	223	148
97	223	13
98	223	57
103	223	45
104	223	47
108	223	36
109	223	46
110	223	74
115	223	73
116	223	90
122	223	52
128	223	46
131	223	63
132	223	147
133	223	57
134	223	68
135	223	49
136	223	50
140	223	6
141	223	57
142	223	90
143	223	27
152	223	48
153	223	70
155	223	93
157	223	76
160	223	204
162	223	158
163	223	54
166	223	83
168	223	90
174	223	33
175	223	58
180	223	69
181	223	57
182	223	49
188	223	43
190	223	32
194	223	5
195	223	101
196	223	116
197	223	26
206	223	30
210	223	65
237	223	43
238	223	74
243	223	50
20	222	67
21	222	15
23	222	22
28	222	111
29	222	92
30	222	44
33	222	53
35	222	39
38	222	34
45	222	114
49	222	67
53	222	78
55	222	41
60	222	63
63	222	62
68	222	40
69	222	38
73	222	58
75	222	68
83	222	28
84	222	42
86	222	54
89	222	72
90	222	63
91	222	84
94	222	43
97	222	95
99	222	106
107	222	57
108	222	83
109	222	38
110	222	61
112	222	53
113	222	76
116	222	33
122	222	71
123	222	55
126	222	20
127	222	58
132	222	58
133	222	26
139	222	29
140	222	20
142	222	3
143	222	100
144	222	168
147	222	59
150	222	71
152	222	78
154	222	120
155	222	149
156	222	79
157	222	161
160	222	51
161	222	63
162	222	47
163	222	185
164	222	193
166	222	34
167	222	74
168	222	74
169	222	106
170	222	136
172	222	75
174	222	93
179	222	29
181	222	109
183	222	32
190	222	14
194	222	46
197	222	43
206	222	19
209	222	98
235	222	56
23	221	59
28	221	57
33	221	51
38	221	32
40	221	95
41	221	66
42	221	60
43	221	29
47	221	78
48	221	125
54	221	163
55	221	68
58	221	59
59	221	36
60	221	45
61	221	47
64	221	35
69	221	40
70	221	24
74	221	55
79	221	87
81	221	86
83	221	54
85	221	42
91	221	74
92	221	58
93	221	67
96	221	28
99	221	27
100	221	19
102	221	149
103	221	48
104	221	33
106	221	83
108	221	40
110	221	81
114	221	38
115	221	51
116	221	38
118	221	43
126	221	27
128	221	130
129	221	40
131	221	20
132	221	46
136	221	77
140	221	51
141	221	73
145	221	55
148	221	49
149	221	59
152	221	42
155	221	63
156	221	65
157	221	138
158	221	138
159	221	49
161	221	104
163	221	84
164	221	86
165	221	38
168	221	73
169	221	128
171	221	33
191	221	92
192	221	43
195	221	65
202	221	71
16	220	35
20	220	36
27	220	82
29	220	48
37	220	22
42	220	68
44	220	31
50	220	47
53	220	68
54	220	94
60	220	70
63	220	17
64	220	49
75	220	46
78	220	42
80	220	34
81	220	54
85	220	62
86	220	76
89	220	39
96	220	60
97	220	48
98	220	71
100	220	15
107	220	172
109	220	34
110	220	87
112	220	78
113	220	63
117	220	22
118	220	103
120	220	86
123	220	147
125	220	18
127	220	52
128	220	89
130	220	37
131	220	51
140	220	82
143	220	69
144	220	37
148	220	147
150	220	60
154	220	148
156	220	74
157	220	48
158	220	104
159	220	158
160	220	22
161	220	128
162	220	57
163	220	196
165	220	150
168	220	36
170	220	127
173	220	52
176	220	54
177	220	60
186	220	78
193	220	58
194	220	11
198	220	19
220	220	80
228	220	69
15	219	25
18	219	62
19	219	79
20	219	15
27	219	38
32	219	73
43	219	51
45	219	82
46	219	65
48	219	44
51	219	39
59	219	49
65	219	16
67	219	71
68	219	38
73	219	58
74	219	24
80	219	97
87	219	100
88	219	54
90	219	68
95	219	32
98	219	39
102	219	91
105	219	69
106	219	48
107	219	128
108	219	105
109	219	26
114	219	55
120	219	53
122	219	88
124	219	63
126	219	33
131	219	68
133	219	33
134	219	75
136	219	50
137	219	70
142	219	54
145	219	68
149	219	34
150	219	77
151	219	67
152	219	44
153	219	48
155	219	49
156	219	210
158	219	133
160	219	151
162	219	59
164	219	28
166	219	164
167	219	86
169	219	62
172	219	70
173	219	96
177	219	94
186	219	8
193	219	30
195	219	80
201	219	25
202	219	64
204	219	63
217	219	27
219	219	88
229	219	53
14	218	58
15	218	64
22	218	25
36	218	62
37	218	123
38	218	91
40	218	54
41	218	33
47	218	47
54	218	53
62	218	43
63	218	55
65	218	80
68	218	52
70	218	119
83	218	38
84	218	37
92	218	34
95	218	30
96	218	7
99	218	58
104	218	77
105	218	55
110	218	53
113	218	69
114	218	83
118	218	22
119	218	56
121	218	103
123	218	63
124	218	34
126	218	79
133	218	21
135	218	164
139	218	50
143	218	75
144	218	19
148	218	71
150	218	17
151	218	34
155	218	144
156	218	93
157	218	38
158	218	121
159	218	44
161	218	158
162	218	131
163	218	23
164	218	54
167	218	93
168	218	124
169	218	33
171	218	74
179	218	59
183	218	69
189	218	45
192	218	44
198	218	64
206	218	14
217	218	28
219	218	91
223	218	63
24	217	52
29	217	95
30	217	44
37	217	26
39	217	122
40	217	41
46	217	72
47	217	45
49	217	38
57	217	72
61	217	14
62	217	132
63	217	13
65	217	41
67	217	54
74	217	163
85	217	33
86	217	72
89	217	106
90	217	34
93	217	70
94	217	15
95	217	75
97	217	36
99	217	36
104	217	56
105	217	22
106	217	88
107	217	29
111	217	52
116	217	110
119	217	22
122	217	62
123	217	46
124	217	65
125	217	55
126	217	39
129	217	99
131	217	124
134	217	18
137	217	52
142	217	64
144	217	85
145	217	167
146	217	44
147	217	108
149	217	26
151	217	25
153	217	30
154	217	88
155	217	22
156	217	93
157	217	70
158	217	169
159	217	98
160	217	100
162	217	33
163	217	54
167	217	75
168	217	92
169	217	29
170	217	63
171	217	86
174	217	76
175	217	138
182	217	31
187	217	49
188	217	96
189	217	82
194	217	78
200	217	79
201	217	60
204	217	66
210	217	34
222	217	101
224	217	38
14	216	82
15	216	76
22	216	25
31	216	32
34	216	39
36	216	57
37	216	17
44	216	56
52	216	46
53	216	32
80	216	48
82	216	100
84	216	48
85	216	68
88	216	116
89	216	128
92	216	37
93	216	88
94	216	78
95	216	82
100	216	92
101	216	38
103	216	80
105	216	34
110	216	28
111	216	20
112	216	44
117	216	49
118	216	37
119	216	182
120	216	104
121	216	96
122	216	51
128	216	22
132	216	64
133	216	62
134	216	111
137	216	36
140	216	26
141	216	52
142	216	44
146	216	41
150	216	71
153	216	36
157	216	181
158	216	119
160	216	51
163	216	69
164	216	42
166	216	54
167	216	57
168	216	57
170	216	62
173	216	127
174	216	87
184	216	49
188	216	109
191	216	33
192	216	52
195	216	51
203	216	23
207	216	20
225	216	101
15	215	81
16	215	34
21	215	42
27	215	71
28	215	75
29	215	66
30	215	60
38	215	53
40	215	83
41	215	113
43	215	84
44	215	78
46	215	165
49	215	91
54	215	54
55	215	23
56	215	40
57	215	113
59	215	38
62	215	40
65	215	142
82	215	62
83	215	51
86	215	37
88	215	53
93	215	10
99	215	11
103	215	59
104	215	46
106	215	121
108	215	85
111	215	79
115	215	17
120	215	14
121	215	60
122	215	21
123	215	89
126	215	56
131	215	38
132	215	52
133	215	49
136	215	71
138	215	46
151	215	53
152	215	40
153	215	163
154	215	77
155	215	63
157	215	85
159	215	175
160	215	21
161	215	110
162	215	15
163	215	172
164	215	73
165	215	149
166	215	153
167	215	62
168	215	26
170	215	62
171	215	91
172	215	112
175	215	137
176	215	71
177	215	40
178	215	93
181	215	48
182	215	53
208	215	23
211	215	45
226	215	97
16	214	57
19	214	46
20	214	45
21	214	111
24	214	43
27	214	57
28	214	71
29	214	46
32	214	61
33	214	52
35	214	40
36	214	56
43	214	60
48	214	32
52	214	43
55	214	98
56	214	119
61	214	15
63	214	15
65	214	17
66	214	100
67	214	41
69	214	52
79	214	52
82	214	33
83	214	15
85	214	116
88	214	99
91	214	62
94	214	22
99	214	43
100	214	75
104	214	71
105	214	41
107	214	55
108	214	47
109	214	66
110	214	23
111	214	54
112	214	94
115	214	62
117	214	18
118	214	47
126	214	111
128	214	145
129	214	43
131	214	83
132	214	162
133	214	56
137	214	82
138	214	51
139	214	113
141	214	75
145	214	49
147	214	37
149	214	57
150	214	19
153	214	35
154	214	83
157	214	115
158	214	192
159	214	131
160	214	270
161	214	115
162	214	121
163	214	56
164	214	49
166	214	96
167	214	46
169	214	65
170	214	92
172	214	104
173	214	247
174	214	68
176	214	44
177	214	42
180	214	92
193	214	46
213	214	18
214	214	20
216	214	46
15	213	47
19	213	39
24	213	42
30	213	41
34	213	21
36	213	58
37	213	49
41	213	51
43	213	17
46	213	62
47	213	39
53	213	64
55	213	40
56	213	40
57	213	32
61	213	90
62	213	55
63	213	25
64	213	67
65	213	143
67	213	51
72	213	32
73	213	17
77	213	39
79	213	86
88	213	61
91	213	51
95	213	49
103	213	15
108	213	90
112	213	75
114	213	122
121	213	57
122	213	56
123	213	37
126	213	110
127	213	80
128	213	39
129	213	19
130	213	122
132	213	149
136	213	21
137	213	115
138	213	78
140	213	66
141	213	30
143	213	54
147	213	116
149	213	20
150	213	115
151	213	117
152	213	73
153	213	40
155	213	185
157	213	79
158	213	88
159	213	47
160	213	61
161	213	86
162	213	181
163	213	144
164	213	176
166	213	103
167	213	57
169	213	17
171	213	95
175	213	59
176	213	20
181	213	50
183	213	83
188	213	100
191	213	50
218	213	65
228	213	33
8	212	55
14	212	105
16	212	79
20	212	58
25	212	64
28	212	47
32	212	27
35	212	143
42	212	39
45	212	49
46	212	83
47	212	47
48	212	61
50	212	185
54	212	100
55	212	83
57	212	64
66	212	52
67	212	38
69	212	44
70	212	17
72	212	63
74	212	42
76	212	32
79	212	90
85	212	75
86	212	67
89	212	110
93	212	72
94	212	56
95	212	31
99	212	53
105	212	78
108	212	110
109	212	39
110	212	76
111	212	92
113	212	72
115	212	65
117	212	28
118	212	97
123	212	38
128	212	70
129	212	105
130	212	48
131	212	29
132	212	102
133	212	59
134	212	36
135	212	54
136	212	83
138	212	97
140	212	66
148	212	98
150	212	29
151	212	174
152	212	109
153	212	44
156	212	35
157	212	66
158	212	59
159	212	107
160	212	76
161	212	60
162	212	100
163	212	122
164	212	160
165	212	120
166	212	75
167	212	86
169	212	49
170	212	57
171	212	95
172	212	90
174	212	36
178	212	35
180	212	62
226	212	74
10	211	33
17	211	74
32	211	62
35	211	74
37	211	48
38	211	18
39	211	50
43	211	83
45	211	70
48	211	53
50	211	42
51	211	66
53	211	34
54	211	110
60	211	83
64	211	54
65	211	47
67	211	54
70	211	35
72	211	22
75	211	55
78	211	45
80	211	22
85	211	10
87	211	87
88	211	76
97	211	66
99	211	2
108	211	55
109	211	40
111	211	18
113	211	52
114	211	84
120	211	15
121	211	56
123	211	78
125	211	40
127	211	85
130	211	10
131	211	61
132	211	48
134	211	140
135	211	115
136	211	46
138	211	86
141	211	104
142	211	83
145	211	92
148	211	64
149	211	52
151	211	114
153	211	102
155	211	63
156	211	53
157	211	75
158	211	318
160	211	91
161	211	70
162	211	59
163	211	163
164	211	46
166	211	219
167	211	87
168	211	89
170	211	77
172	211	56
173	211	15
174	211	179
175	211	49
177	211	36
179	211	80
185	211	110
187	211	63
192	211	59
193	211	42
194	211	43
199	211	33
218	211	51
228	211	70
23	210	82
24	210	38
25	210	87
27	210	35
28	210	93
30	210	64
34	210	29
35	210	53
36	210	49
39	210	57
41	210	23
44	210	58
48	210	129
49	210	88
51	210	49
53	210	70
55	210	49
57	210	10
58	210	55
60	210	42
61	210	83
62	210	67
66	210	103
69	210	8
70	210	27
72	210	52
74	210	25
75	210	54
76	210	45
79	210	79
83	210	32
84	210	77
86	210	49
92	210	50
95	210	50
100	210	55
108	210	54
109	210	36
110	210	65
113	210	76
114	210	49
117	210	95
118	210	32
122	210	16
127	210	74
128	210	70
129	210	136
131	210	51
132	210	47
134	210	85
135	210	22
136	210	115
139	210	131
140	210	227
141	210	66
143	210	120
145	210	66
146	210	85
148	210	188
149	210	44
150	210	37
151	210	118
152	210	102
153	210	39
155	210	138
156	210	193
157	210	174
158	210	23
159	210	95
160	210	49
161	210	146
162	210	102
165	210	134
166	210	191
168	210	104
169	210	79
171	210	70
172	210	56
177	210	51
185	210	41
202	210	32
225	210	98
12	209	56
16	209	30
18	209	56
23	209	28
28	209	45
30	209	57
34	209	45
41	209	67
47	209	58
49	209	35
50	209	114
57	209	36
58	209	41
61	209	49
64	209	37
65	209	28
66	209	73
70	209	60
72	209	98
74	209	70
82	209	31
84	209	80
87	209	45
95	209	94
96	209	66
101	209	16
104	209	100
107	209	57
109	209	99
110	209	34
112	209	65
113	209	68
115	209	97
116	209	17
118	209	76
122	209	162
124	209	34
125	209	57
126	209	55
128	209	67
129	209	5
130	209	43
131	209	27
134	209	20
136	209	154
137	209	44
138	209	52
139	209	59
140	209	178
141	209	150
142	209	62
143	209	50
147	209	124
150	209	31
151	209	75
152	209	17
153	209	33
154	209	103
155	209	65
156	209	62
157	209	101
158	209	120
159	209	46
160	209	97
161	209	98
162	209	115
163	209	76
164	209	92
165	209	99
166	209	121
167	209	35
170	209	106
172	209	97
175	209	30
178	209	76
179	209	57
183	209	74
184	209	113
196	209	54
197	209	76
199	209	21
204	209	10
212	209	42
218	209	52
225	209	72
226	209	54
230	209	75
16	208	28
17	208	42
20	208	57
25	208	49
30	208	71
31	208	65
35	208	29
38	208	45
39	208	8
40	208	56
42	208	25
43	208	58
44	208	32
47	208	64
52	208	31
53	208	26
54	208	105
55	208	46
57	208	76
58	208	59
59	208	55
64	208	54
65	208	42
71	208	17
72	208	63
76	208	59
80	208	70
81	208	39
87	208	93
89	208	23
103	208	51
109	208	39
110	208	125
111	208	101
112	208	39
114	208	28
116	208	70
117	208	46
120	208	34
122	208	21
127	208	98
128	208	128
129	208	84
130	208	129
132	208	172
133	208	116
134	208	26
135	208	33
136	208	189
138	208	44
139	208	70
140	208	62
143	208	26
144	208	88
145	208	175
146	208	39
147	208	11
148	208	54
149	208	34
150	208	33
151	208	40
152	208	65
153	208	163
154	208	107
155	208	64
156	208	121
158	208	94
159	208	34
160	208	130
161	208	116
162	208	153
163	208	86
164	208	131
165	208	228
166	208	64
167	208	55
168	208	42
169	208	85
171	208	96
172	208	102
185	208	23
187	208	45
191	208	86
192	208	48
196	208	57
201	208	60
205	208	82
207	208	55
208	208	58
209	208	72
210	208	56
233	208	33
236	208	29
237	208	90
10	207	67
14	207	34
20	207	32
24	207	99
25	207	57
26	207	170
27	207	141
28	207	41
29	207	90
32	207	59
33	207	44
35	207	35
42	207	39
45	207	5
49	207	110
50	207	72
51	207	16
56	207	45
57	207	51
59	207	57
61	207	52
64	207	85
66	207	39
67	207	83
68	207	70
70	207	5
71	207	17
79	207	220
80	207	48
81	207	63
93	207	88
94	207	32
95	207	99
99	207	150
102	207	69
106	207	79
107	207	41
108	207	113
109	207	45
110	207	39
111	207	127
112	207	53
113	207	197
114	207	70
117	207	136
118	207	4
120	207	78
121	207	54
122	207	96
123	207	84
125	207	57
127	207	97
128	207	31
129	207	220
130	207	64
132	207	57
133	207	48
134	207	48
136	207	92
137	207	74
138	207	109
139	207	131
140	207	101
142	207	42
143	207	36
145	207	84
147	207	83
148	207	44
149	207	34
150	207	65
151	207	129
153	207	14
154	207	21
155	207	86
157	207	107
158	207	241
159	207	92
160	207	70
161	207	97
162	207	164
163	207	63
164	207	97
165	207	51
166	207	52
167	207	106
168	207	69
170	207	112
172	207	62
175	207	88
182	207	40
187	207	33
195	207	58
203	207	44
204	207	49
211	207	28
213	207	54
222	207	67
17	206	99
22	206	44
25	206	40
27	206	126
28	206	21
31	206	46
33	206	48
34	206	20
35	206	50
37	206	67
39	206	18
40	206	159
41	206	56
45	206	41
46	206	44
47	206	50
49	206	54
55	206	63
57	206	46
59	206	63
61	206	32
63	206	23
64	206	48
66	206	70
67	206	15
75	206	16
76	206	64
78	206	51
79	206	155
80	206	22
83	206	74
85	206	56
87	206	98
89	206	79
93	206	28
94	206	35
100	206	22
107	206	67
108	206	42
111	206	33
113	206	40
117	206	74
119	206	43
122	206	108
123	206	43
124	206	39
127	206	120
128	206	66
129	206	75
130	206	56
131	206	98
133	206	109
136	206	64
137	206	11
139	206	98
140	206	30
144	206	21
146	206	70
147	206	84
149	206	3
150	206	174
153	206	23
154	206	57
155	206	34
156	206	129
157	206	48
158	206	66
159	206	128
160	206	84
161	206	208
162	206	97
163	206	52
164	206	62
165	206	167
168	206	62
169	206	113
170	206	99
171	206	57
173	206	124
176	206	56
178	206	44
184	206	51
185	206	38
188	206	46
208	206	42
210	206	85
225	206	28
8	205	20
9	205	49
13	205	106
17	205	40
22	205	66
25	205	23
31	205	28
32	205	39
34	205	216
41	205	75
53	205	32
54	205	79
55	205	124
57	205	34
64	205	96
66	205	58
69	205	139
72	205	70
73	205	16
75	205	51
76	205	92
77	205	81
79	205	123
82	205	78
83	205	32
84	205	126
92	205	109
93	205	112
106	205	72
107	205	34
109	205	98
113	205	69
114	205	22
118	205	48
119	205	162
120	205	76
121	205	43
123	205	37
124	205	81
128	205	42
129	205	91
132	205	24
133	205	63
134	205	86
136	205	347
137	205	130
138	205	76
139	205	20
141	205	112
143	205	84
144	205	119
145	205	116
147	205	139
149	205	111
153	205	60
154	205	65
155	205	118
156	205	99
157	205	64
158	205	70
159	205	113
160	205	72
162	205	131
163	205	49
164	205	94
165	205	104
166	205	206
167	205	120
168	205	198
173	205	41
176	205	34
178	205	133
182	205	113
183	205	31
184	205	36
185	205	33
196	205	74
202	205	100
212	205	85
217	205	79
229	205	158
230	205	89
12	204	37
19	204	15
22	204	72
30	204	61
34	204	42
36	204	49
41	204	97
44	204	63
49	204	44
54	204	110
58	204	43
60	204	51
62	204	96
68	204	76
69	204	68
72	204	47
74	204	60
77	204	14
78	204	16
81	204	25
85	204	33
86	204	73
88	204	150
89	204	101
101	204	34
103	204	19
104	204	51
105	204	54
107	204	129
108	204	112
109	204	41
111	204	39
112	204	73
113	204	77
114	204	51
119	204	31
122	204	232
124	204	91
125	204	53
126	204	76
127	204	65
128	204	76
129	204	95
130	204	56
131	204	118
133	204	67
135	204	39
136	204	90
137	204	83
138	204	17
139	204	86
140	204	35
141	204	52
144	204	133
146	204	68
147	204	74
148	204	44
149	204	173
151	204	105
152	204	22
153	204	123
155	204	181
156	204	88
157	204	86
158	204	60
162	204	29
163	204	48
164	204	43
165	204	75
166	204	150
168	204	49
173	204	59
174	204	34
176	204	62
189	204	47
191	204	178
223	204	72
226	204	76
13	203	87
17	203	59
18	203	37
20	203	69
25	203	132
28	203	66
29	203	29
31	203	47
32	203	31
35	203	91
37	203	36
39	203	34
40	203	54
41	203	149
45	203	63
47	203	60
48	203	137
50	203	46
52	203	39
54	203	43
56	203	22
58	203	11
61	203	72
62	203	67
65	203	45
69	203	78
70	203	109
71	203	38
75	203	76
78	203	22
79	203	185
82	203	29
83	203	50
91	203	41
93	203	120
95	203	113
100	203	32
102	203	57
109	203	71
114	203	14
115	203	25
118	203	158
119	203	31
120	203	113
121	203	63
122	203	103
124	203	60
127	203	79
128	203	94
131	203	60
133	203	140
134	203	22
135	203	121
138	203	57
139	203	63
140	203	120
141	203	104
142	203	45
143	203	49
145	203	79
146	203	102
147	203	141
150	203	46
152	203	64
153	203	34
154	203	55
156	203	180
157	203	136
158	203	122
159	203	22
160	203	70
161	203	80
162	203	83
163	203	118
165	203	37
167	203	112
168	203	60
169	203	79
170	203	18
174	203	54
184	203	40
191	203	35
202	203	54
203	203	39
207	203	128
208	203	41
209	203	37
223	203	35
16	202	19
17	202	36
22	202	85
27	202	18
28	202	36
30	202	91
33	202	17
34	202	108
35	202	37
39	202	44
43	202	72
45	202	59
46	202	17
49	202	26
53	202	25
54	202	27
55	202	38
66	202	53
67	202	35
68	202	88
69	202	68
74	202	138
76	202	138
77	202	27
78	202	117
87	202	84
89	202	31
90	202	110
91	202	65
92	202	102
93	202	33
94	202	116
101	202	68
104	202	60
105	202	62
106	202	49
107	202	55
108	202	107
112	202	35
115	202	79
116	202	60
117	202	66
118	202	39
119	202	59
120	202	112
121	202	49
123	202	50
124	202	91
126	202	151
127	202	37
129	202	114
131	202	64
132	202	97
133	202	78
134	202	107
136	202	145
137	202	40
138	202	123
140	202	149
141	202	65
142	202	53
143	202	21
144	202	58
146	202	66
147	202	60
148	202	103
149	202	57
150	202	60
153	202	73
154	202	53
156	202	133
157	202	66
159	202	86
162	202	81
163	202	119
164	202	84
166	202	106
167	202	46
170	202	55
172	202	56
175	202	21
176	202	66
189	202	102
190	202	66
200	202	86
202	202	60
213	202	86
216	202	54
217	202	18
15	201	19
17	201	26
20	201	25
24	201	85
25	201	60
26	201	73
27	201	98
28	201	176
33	201	88
35	201	80
37	201	49
39	201	9
42	201	70
44	201	49
45	201	52
47	201	21
49	201	76
50	201	194
51	201	65
52	201	74
53	201	19
54	201	116
55	201	38
62	201	70
63	201	38
64	201	47
69	201	35
74	201	52
75	201	57
76	201	53
79	201	38
80	201	56
82	201	14
84	201	46
87	201	57
88	201	51
91	201	61
92	201	69
94	201	126
95	201	67
107	201	48
108	201	73
111	201	12
118	201	73
120	201	78
121	201	98
122	201	84
123	201	31
124	201	134
126	201	104
127	201	63
128	201	154
129	201	255
131	201	163
132	201	64
133	201	28
134	201	44
137	201	39
138	201	187
139	201	124
140	201	154
144	201	100
145	201	64
146	201	35
147	201	163
148	201	79
149	201	57
150	201	25
152	201	42
154	201	60
155	201	145
156	201	107
157	201	132
160	201	49
162	201	23
163	201	22
165	201	41
166	201	92
168	201	41
170	201	61
171	201	59
172	201	108
173	201	71
181	201	93
183	201	59
185	201	52
197	201	26
203	201	46
207	201	50
212	201	78
16	200	43
23	200	58
24	200	85
25	200	143
26	200	36
27	200	60
34	200	122
36	200	100
37	200	67
38	200	81
39	200	26
40	200	119
41	200	125
42	200	52
44	200	20
45	200	106
46	200	83
53	200	44
60	200	117
62	200	57
63	200	14
64	200	60
65	200	25
68	200	160
69	200	50
71	200	57
75	200	37
76	200	87
77	200	76
79	200	66
81	200	56
83	200	67
84	200	74
87	200	13
88	200	63
89	200	44
90	200	107
91	200	66
92	200	54
93	200	92
94	200	70
95	200	19
102	200	93
103	200	77
106	200	129
110	200	65
117	200	19
118	200	76
119	200	95
120	200	128
122	200	62
123	200	70
125	200	100
126	200	72
127	200	67
128	200	44
129	200	221
130	200	51
134	200	58
135	200	41
136	200	186
137	200	290
138	200	100
142	200	65
143	200	99
145	200	83
146	200	72
148	200	185
149	200	49
150	200	39
153	200	83
154	200	183
155	200	115
156	200	15
158	200	70
162	200	201
166	200	90
169	200	76
170	200	87
171	200	38
173	200	21
190	200	19
191	200	68
195	200	51
200	200	45
204	200	28
207	200	62
208	200	104
210	200	66
211	200	95
10	199	111
12	199	66
14	199	54
15	199	72
17	199	53
19	199	49
21	199	77
23	199	60
26	199	33
28	199	46
30	199	33
33	199	55
34	199	69
35	199	49
38	199	31
45	199	231
48	199	38
49	199	59
51	199	52
52	199	89
54	199	71
60	199	22
63	199	77
66	199	153
67	199	50
69	199	139
70	199	43
73	199	35
76	199	76
79	199	164
85	199	93
86	199	76
90	199	56
92	199	165
95	199	55
100	199	43
101	199	60
106	199	25
107	199	208
108	199	107
110	199	69
115	199	144
119	199	88
122	199	51
123	199	85
124	199	89
125	199	125
129	199	50
131	199	12
134	199	146
137	199	92
138	199	92
139	199	187
141	199	52
142	199	102
143	199	103
144	199	135
145	199	126
146	199	86
147	199	31
148	199	87
149	199	30
151	199	65
153	199	56
159	199	74
161	199	26
163	199	30
165	199	34
166	199	59
167	199	109
170	199	80
173	199	43
191	199	132
192	199	39
198	199	53
202	199	50
219	199	27
12	198	78
15	198	88
16	198	74
17	198	158
22	198	27
25	198	79
32	198	50
33	198	125
37	198	45
38	198	21
39	198	59
40	198	27
45	198	48
47	198	65
53	198	23
54	198	141
56	198	46
58	198	51
59	198	50
60	198	42
61	198	67
65	198	120
66	198	36
67	198	60
72	198	55
73	198	35
74	198	44
78	198	137
79	198	26
80	198	40
82	198	69
90	198	127
92	198	48
93	198	44
95	198	81
96	198	55
97	198	42
102	198	45
106	198	60
108	198	42
114	198	53
118	198	97
119	198	73
125	198	41
126	198	67
128	198	77
129	198	130
131	198	69
132	198	122
133	198	105
135	198	107
136	198	139
137	198	154
138	198	53
139	198	31
140	198	14
141	198	26
143	198	106
145	198	105
147	198	83
148	198	94
153	198	117
154	198	103
156	198	66
157	198	37
161	198	34
162	198	79
164	198	71
166	198	61
167	198	84
170	198	108
172	198	60
173	198	34
181	198	54
198	198	46
202	198	121
206	198	79
207	198	67
216	198	30
14	197	52
17	197	57
18	197	33
21	197	33
23	197	141
24	197	49
25	197	62
30	197	29
31	197	61
32	197	51
36	197	43
37	197	14
38	197	66
41	197	27
43	197	49
44	197	46
46	197	38
49	197	50
50	197	119
52	197	114
61	197	37
64	197	50
66	197	23
67	197	42
68	197	74
69	197	22
72	197	56
73	197	73
77	197	22
79	197	122
80	197	44
81	197	57
83	197	63
84	197	51
85	197	88
88	197	45
89	197	79
91	197	83
92	197	67
93	197	73
95	197	60
104	197	54
105	197	53
108	197	97
109	197	49
114	197	57
115	197	32
119	197	52
122	197	25
124	197	34
126	197	71
127	197	65
129	197	55
130	197	80
131	197	45
133	197	114
134	197	103
136	197	108
137	197	74
138	197	166
139	197	68
140	197	63
141	197	56
142	197	63
145	197	187
146	197	68
148	197	17
150	197	120
151	197	104
152	197	37
153	197	17
154	197	96
159	197	82
164	197	40
165	197	61
170	197	38
172	197	129
173	197	121
174	197	30
189	197	53
190	197	62
201	197	17
12	196	57
20	196	100
22	196	32
23	196	17
26	196	54
27	196	69
28	196	58
29	196	103
30	196	153
36	196	76
38	196	142
40	196	20
41	196	101
43	196	41
46	196	50
47	196	68
50	196	117
51	196	66
52	196	27
53	196	55
54	196	47
57	196	131
61	196	25
66	196	58
67	196	67
69	196	85
75	196	94
77	196	67
78	196	175
80	196	44
82	196	32
83	196	68
87	196	58
90	196	57
99	196	116
100	196	90
102	196	45
103	196	82
108	196	83
109	196	78
111	196	92
116	196	2
117	196	42
121	196	9
122	196	83
123	196	70
124	196	98
125	196	107
126	196	57
127	196	84
128	196	70
131	196	135
132	196	169
134	196	86
135	196	126
136	196	69
137	196	109
138	196	71
140	196	29
141	196	124
144	196	43
145	196	296
146	196	79
147	196	45
148	196	61
150	196	93
153	196	63
154	196	32
156	196	89
157	196	37
158	196	101
165	196	40
166	196	82
168	196	51
170	196	72
171	196	80
178	196	78
187	196	30
188	196	83
211	196	12
212	196	28
16	195	90
18	195	49
20	195	27
25	195	50
26	195	17
30	195	154
32	195	193
37	195	46
38	195	52
40	195	50
41	195	172
42	195	60
44	195	43
47	195	85
48	195	124
50	195	56
51	195	44
52	195	52
53	195	101
54	195	112
55	195	90
57	195	22
61	195	139
63	195	50
65	195	46
66	195	44
67	195	75
68	195	53
69	195	42
72	195	54
74	195	103
75	195	45
77	195	32
79	195	35
80	195	86
81	195	54
82	195	38
83	195	107
86	195	24
89	195	59
90	195	42
93	195	31
101	195	25
102	195	50
108	195	34
109	195	95
110	195	67
112	195	94
113	195	74
118	195	19
120	195	20
123	195	84
124	195	178
125	195	108
127	195	251
130	195	122
131	195	51
132	195	17
133	195	88
134	195	52
135	195	82
137	195	203
139	195	53
140	195	147
141	195	174
142	195	157
143	195	130
144	195	197
145	195	62
146	195	110
147	195	124
148	195	19
149	195	49
150	195	48
151	195	109
152	195	31
155	195	90
156	195	55
157	195	13
161	195	104
164	195	27
170	195	39
173	195	120
175	195	43
184	195	26
189	195	52
190	195	55
192	195	53
195	195	52
196	195	30
204	195	80
209	195	57
219	195	56
14	194	27
15	194	39
21	194	174
23	194	62
25	194	41
27	194	55
28	194	41
29	194	40
30	194	50
32	194	156
33	194	48
34	194	69
35	194	50
36	194	135
37	194	55
39	194	58
40	194	153
41	194	110
42	194	66
45	194	17
48	194	126
51	194	40
52	194	66
54	194	44
55	194	24
59	194	79
60	194	78
63	194	96
69	194	71
71	194	68
75	194	72
76	194	35
81	194	78
85	194	54
89	194	37
95	194	37
96	194	41
98	194	26
99	194	50
100	194	58
101	194	132
102	194	62
103	194	38
109	194	79
111	194	76
113	194	61
114	194	54
115	194	65
117	194	84
119	194	57
120	194	111
122	194	71
123	194	40
125	194	140
126	194	94
127	194	78
128	194	72
130	194	42
131	194	94
133	194	117
134	194	75
136	194	82
137	194	73
138	194	107
139	194	177
140	194	229
142	194	92
146	194	31
148	194	103
149	194	67
150	194	54
151	194	96
152	194	97
156	194	58
157	194	35
160	194	79
161	194	45
168	194	34
170	194	68
174	194	79
176	194	46
180	194	101
190	194	76
207	194	57
13	193	64
18	193	58
19	193	55
21	193	87
27	193	103
28	193	41
29	193	51
31	193	70
33	193	83
35	193	113
36	193	83
39	193	18
43	193	41
47	193	88
48	193	77
52	193	64
53	193	86
56	193	74
57	193	30
58	193	44
59	193	45
60	193	50
62	193	39
64	193	40
66	193	47
67	193	112
69	193	16
70	193	52
74	193	118
75	193	64
76	193	75
78	193	65
85	193	92
86	193	12
88	193	85
89	193	63
94	193	92
95	193	121
96	193	42
97	193	52
99	193	25
101	193	21
105	193	63
108	193	141
109	193	76
111	193	101
113	193	68
116	193	61
117	193	59
118	193	62
119	193	112
120	193	56
121	193	57
122	193	106
123	193	62
125	193	142
127	193	29
128	193	52
129	193	25
131	193	172
132	193	172
133	193	160
137	193	74
138	193	135
139	193	155
140	193	138
141	193	44
142	193	84
143	193	38
145	193	44
146	193	69
148	193	119
149	193	35
151	193	68
152	193	24
156	193	74
158	193	88
159	193	49
160	193	325
166	193	57
167	193	62
168	193	63
169	193	91
172	193	23
180	193	72
184	193	24
185	193	9
186	193	66
190	193	63
194	193	38
203	193	91
204	193	50
205	193	62
208	193	27
213	193	71
214	193	59
14	192	72
19	192	59
21	192	133
27	192	69
28	192	172
30	192	68
37	192	84
40	192	93
43	192	22
44	192	29
45	192	70
46	192	31
49	192	73
55	192	120
56	192	88
57	192	56
58	192	50
59	192	44
60	192	67
62	192	46
64	192	20
65	192	128
66	192	37
67	192	132
68	192	122
71	192	36
72	192	58
79	192	52
86	192	155
88	192	59
89	192	28
90	192	32
95	192	29
100	192	99
103	192	39
104	192	32
107	192	39
110	192	184
112	192	50
113	192	106
115	192	14
116	192	123
118	192	94
119	192	41
120	192	110
121	192	188
122	192	86
124	192	126
125	192	133
127	192	58
129	192	52
130	192	57
131	192	144
132	192	125
133	192	191
134	192	144
135	192	162
136	192	53
137	192	112
138	192	101
139	192	48
140	192	157
142	192	71
143	192	51
144	192	40
145	192	60
146	192	30
148	192	109
150	192	78
154	192	64
155	192	41
164	192	65
168	192	132
169	192	107
170	192	105
171	192	154
173	192	25
181	192	100
183	192	119
185	192	55
186	192	47
187	192	63
190	192	68
192	192	42
196	192	66
207	192	71
212	192	53
224	192	36
18	191	125
20	191	66
21	191	89
22	191	72
23	191	62
25	191	35
30	191	63
31	191	100
33	191	99
34	191	32
36	191	36
40	191	19
43	191	88
45	191	115
46	191	86
49	191	40
52	191	70
53	191	106
55	191	67
57	191	34
59	191	105
60	191	65
62	191	62
67	191	75
69	191	46
72	191	53
80	191	113
81	191	60
86	191	43
88	191	49
89	191	51
90	191	17
97	191	44
98	191	41
100	191	50
105	191	55
106	191	29
107	191	66
109	191	37
110	191	34
111	191	122
112	191	51
113	191	57
115	191	46
118	191	59
120	191	32
121	191	67
123	191	48
125	191	44
126	191	106
127	191	90
128	191	102
129	191	77
130	191	50
132	191	51
133	191	49
135	191	31
136	191	173
137	191	183
138	191	176
139	191	51
140	191	58
143	191	68
144	191	84
147	191	149
148	191	51
149	191	69
150	191	119
151	191	34
153	191	53
154	191	17
156	191	51
157	191	37
163	191	54
164	191	15
168	191	62
169	191	92
171	191	88
180	191	80
182	191	70
183	191	79
190	191	62
193	191	63
205	191	71
206	191	37
11	190	25
18	190	39
22	190	62
23	190	44
26	190	45
28	190	46
29	190	25
31	190	32
33	190	35
34	190	132
35	190	48
39	190	110
40	190	127
41	190	141
42	190	76
45	190	68
46	190	168
48	190	46
51	190	28
52	190	74
53	190	142
54	190	92
55	190	103
64	190	143
66	190	13
67	190	34
68	190	62
69	190	26
70	190	74
76	190	39
77	190	122
78	190	41
79	190	79
80	190	37
81	190	62
82	190	74
84	190	138
85	190	67
88	190	59
94	190	49
95	190	124
97	190	41
98	190	120
100	190	100
101	190	23
103	190	33
104	190	76
105	190	29
111	190	84
113	190	58
114	190	138
115	190	34
118	190	14
119	190	133
120	190	49
121	190	43
123	190	27
124	190	49
125	190	59
126	190	47
127	190	54
130	190	77
132	190	162
133	190	69
134	190	78
135	190	33
136	190	83
138	190	115
139	190	77
141	190	123
143	190	51
144	190	108
145	190	21
148	190	83
150	190	89
156	190	28
164	190	73
166	190	26
167	190	35
173	190	59
174	190	106
180	190	58
181	190	52
182	190	123
183	190	87
185	190	30
189	190	16
192	190	30
201	190	104
207	190	40
213	190	11
216	190	55
12	189	47
20	189	58
28	189	70
29	189	57
30	189	60
32	189	21
34	189	35
41	189	189
44	189	50
45	189	34
50	189	53
52	189	101
53	189	64
54	189	41
60	189	87
61	189	42
65	189	26
67	189	38
68	189	142
73	189	210
74	189	74
76	189	43
80	189	2
81	189	90
82	189	59
84	189	22
85	189	71
86	189	28
90	189	90
91	189	26
93	189	34
94	189	80
98	189	81
100	189	90
101	189	55
102	189	59
103	189	58
104	189	39
105	189	86
107	189	66
109	189	158
111	189	143
113	189	20
114	189	172
115	189	121
116	189	58
118	189	219
119	189	96
121	189	52
124	189	72
125	189	27
128	189	116
131	189	33
132	189	194
133	189	171
134	189	52
135	189	42
136	189	166
137	189	106
138	189	117
139	189	183
140	189	119
141	189	85
146	189	92
148	189	54
149	189	49
150	189	77
151	189	75
157	189	41
161	189	30
163	189	40
165	189	55
169	189	26
170	189	140
172	189	45
175	189	30
177	189	64
206	189	144
209	189	44
242	189	13
8	188	56
23	188	46
27	188	37
29	188	122
36	188	38
38	188	96
39	188	134
43	188	24
44	188	16
46	188	75
47	188	49
52	188	49
54	188	158
58	188	66
61	188	109
62	188	83
63	188	25
66	188	176
68	188	40
70	188	113
72	188	80
73	188	27
74	188	44
75	188	100
77	188	88
81	188	65
82	188	115
83	188	20
88	188	173
89	188	41
90	188	57
91	188	41
92	188	53
98	188	35
99	188	54
100	188	164
101	188	32
104	188	78
105	188	90
106	188	25
107	188	43
109	188	42
113	188	53
114	188	82
115	188	52
116	188	20
118	188	126
119	188	27
121	188	56
123	188	204
127	188	62
128	188	58
132	188	60
134	188	61
135	188	78
137	188	65
138	188	105
139	188	182
141	188	33
142	188	124
144	188	107
146	188	74
148	188	84
151	188	28
152	188	162
153	188	61
154	188	44
155	188	102
156	188	60
163	188	45
173	188	131
175	188	54
177	188	88
183	188	42
203	188	58
217	188	60
21	187	73
27	187	57
28	187	74
30	187	64
32	187	50
46	187	131
47	187	138
50	187	61
51	187	39
53	187	28
54	187	101
55	187	57
58	187	52
59	187	99
60	187	142
64	187	25
65	187	44
66	187	79
68	187	74
69	187	60
70	187	18
72	187	145
75	187	79
78	187	83
79	187	65
80	187	46
81	187	170
# chipNumber: 4
# chipName:   G 10 W69
# numHits:    19
16	234	41
10	230	28
12	230	39
14	230	78
27	228	47
24	220	60
25	214	31
14	212	68
14	194	44
15	194	56
8	190	37
160	176	12
32	144	58
10	140	65
23	138	46
16	130	42
18	130	82
8	115	51
17	97	44
# chipNumber: 5
# chipName:   D 9 W69
# numHits:    59
22	112	51
26	111	75
12	110	10
26	109	18
26	108	16
15	105	39
17	98	37
25	98	35
25	97	86
15	95	51
36	95	44
18	94	25
12	90	53
21	90	38
29	90	28
22	88	26
23	84	22
23	83	40
28	82	58
38	82	33
19	81	45
21	81	91
12	80	29
28	80	32
21	79	35
32	77	35
14	76	61
31	76	22
34	75	82
32	73	16
33	73	62
34	73	58
35	72	37
19	70	26
57	70	38
24	69	93
47	69	29
81	62	18
50	59	41
43	58	37
85	42	18
106	37	39
94	35	33
112	35	11
96	34	16
93	33	28
85	26	25
86	26	45
94	26	39
96	26	26
104	25	59
94	24	17
95	24	14
96	22	14
101	22	24
104	20	45
105	20	17
93	18	29
121	5	31
# chipNumber: 6
# chipName:   L 8 W69
# numHits:    11
166	233	11810
234	203	11810
203	67	34
222	63	48
201	58	39
205	57	36
204	43	44
224	40	20
169	27	27
170	26	23
169	17	38
