## [General]
## runNumber:        241
## runTime:       	 7200
## runTimeFrames: 	 0
## pathName:         data/runs/Run_241_181022-16-16
## dateTime:         2018-10-22.17:51:50
## numChips:         7
## shutterTime:      30
## shutterMode:      verylong
## runMode:          0
## fastClock:        0
## externalTrigger:  0
## [Event]
## eventNumber:      7530
## useHvFadc:    	 1
## fadcReadout:    	 1
## szint1ClockInt:	 0
## szint2ClockInt:	 4095
## fadcTriggerClock: 0
# chipNumber: 0
# chipName:   E 6 W69
# numHits:    75
188	242	33
226	241	27
243	240	58
229	235	51
233	229	68
238	227	57
217	226	96
218	226	34
200	224	46
216	222	69
217	222	48
221	221	52
235	220	59
195	191	40
240	184	52
237	183	22
222	181	54
235	177	37
235	169	26
201	168	47
202	168	56
238	168	62
202	167	63
229	167	48
125	158	20
137	154	39
162	151	49
212	151	55
203	150	28
200	149	23
234	148	54
219	147	21
70	146	55
225	145	29
171	140	38
175	140	61
159	138	34
239	138	38
212	135	26
144	134	37
173	133	39
78	132	56
237	131	46
242	131	55
85	130	37
233	129	52
237	128	41
133	127	54
236	127	41
237	127	22
83	124	71
91	122	38
121	118	30
159	118	46
121	113	65
122	113	36
40	112	34
84	112	62
40	111	56
120	111	56
43	110	44
68	109	52
26	105	42
39	104	58
24	103	49
27	92	15
56	92	26
58	92	23
64	92	36
29	91	22
16	90	50
17	87	51
24	86	73
164	80	18
44	76	51
# chipNumber: 1
# chipName:   K 6 W69
# numHits:    91
13	236	66
14	236	52
12	232	51
26	210	18
27	210	40
28	210	52
30	210	61
27	209	59
26	206	43
69	204	45
75	203	31
13	195	79
24	193	39
26	189	57
50	167	58
52	167	71
20	166	52
27	154	32
28	140	54
207	82	33
219	68	13
195	66	80
243	64	60
230	63	38
223	60	89
230	59	35
213	57	22
209	55	11
239	55	26
241	55	39
205	53	49
220	53	59
221	53	69
237	53	29
215	52	23
216	51	32
242	51	79
234	50	36
241	50	33
236	49	52
235	48	57
226	47	59
219	46	61
229	46	53
223	44	89
231	43	60
233	43	80
236	43	72
231	42	48
239	42	58
214	41	25
220	41	49
229	40	52
231	40	35
214	39	50
231	39	61
245	39	45
228	37	42
240	37	66
241	37	51
243	37	47
229	36	36
229	34	74
217	33	62
245	33	57
227	31	31
237	31	71
237	30	45
223	29	44
238	29	27
223	28	28
233	28	43
215	25	42
221	25	83
229	25	37
202	24	40
219	24	30
228	24	61
230	24	86
246	24	71
230	23	42
240	23	70
245	23	71
230	22	49
232	22	43
233	20	50
206	15	63
240	15	28
228	14	61
220	11	26
214	9	43
# chipNumber: 2
# chipName:   H 9 W69
# numHits:    80
242	215	32
242	185	44
240	154	18
237	152	82
240	152	50
238	148	63
239	148	27
229	147	35
237	145	97
241	142	63
231	141	45
240	139	71
242	138	52
243	138	68
235	137	52
245	137	71
248	137	44
226	136	29
217	135	57
237	135	49
240	135	37
243	135	46
231	134	52
234	132	45
234	131	31
243	131	42
248	131	51
237	130	51
229	129	44
241	129	78
236	128	61
204	127	73
236	127	22
204	126	37
244	125	53
246	123	63
196	122	49
194	121	68
245	121	32
246	121	84
235	120	104
245	120	98
247	120	70
239	119	46
245	119	87
239	118	52
228	117	17
233	117	22
244	117	42
243	115	110
234	114	122
247	114	68
234	113	25
246	112	45
242	111	83
243	110	29
237	109	64
238	108	28
242	108	101
230	107	29
235	107	29
225	106	34
227	106	47
227	104	42
235	104	55
236	104	60
236	103	48
227	102	67
233	102	31
227	101	48
234	101	37
241	101	36
241	100	59
226	99	50
227	99	41
228	99	12
237	98	52
235	95	42
232	93	28
223	90	55
# chipNumber: 3
# chipName:   H 10 W69
# numHits:    20641
149	239	46
152	239	12
159	239	41
160	239	28
161	239	62
167	239	58
182	239	67
185	239	28
188	239	54
200	239	47
201	239	5
210	239	94
21	238	53
22	238	39
38	238	67
40	238	30
41	238	44
42	238	59
44	238	42
58	238	68
62	238	70
64	238	17
67	238	30
69	238	70
72	238	28
75	238	32
76	238	59
81	238	45
82	238	14
84	238	91
86	238	49
89	238	151
90	238	49
91	238	95
92	238	18
94	238	64
95	238	85
98	238	49
99	238	64
111	238	31
114	238	72
128	238	39
141	238	11
149	238	78
150	238	80
158	238	56
160	238	78
161	238	52
163	238	55
168	238	21
175	238	230
177	238	42
187	238	16
189	238	59
192	238	48
194	238	83
196	238	57
198	238	27
201	238	59
203	238	34
204	238	124
27	237	85
42	237	12
47	237	43
52	237	18
63	237	14
64	237	52
67	237	46
73	237	30
75	237	14
76	237	78
77	237	84
79	237	84
81	237	132
84	237	40
87	237	55
88	237	112
89	237	90
90	237	72
91	237	35
92	237	66
93	237	45
96	237	92
99	237	36
100	237	75
105	237	65
111	237	98
113	237	57
118	237	61
119	237	66
138	237	55
142	237	55
143	237	70
152	237	17
154	237	12
166	237	42
168	237	55
176	237	22
178	237	46
179	237	38
182	237	46
184	237	174
189	237	58
193	237	47
196	237	120
197	237	101
200	237	55
201	237	79
202	237	44
204	237	82
210	237	24
213	237	95
26	236	78
28	236	60
31	236	60
36	236	104
38	236	83
39	236	65
44	236	55
47	236	59
48	236	30
49	236	46
61	236	42
62	236	151
63	236	110
68	236	41
70	236	21
71	236	67
75	236	80
77	236	62
79	236	63
81	236	100
82	236	71
83	236	78
84	236	75
85	236	57
92	236	40
93	236	86
94	236	110
97	236	78
98	236	48
99	236	32
100	236	25
102	236	56
104	236	48
105	236	14
106	236	140
111	236	93
112	236	121
115	236	57
117	236	27
122	236	103
140	236	64
149	236	41
154	236	41
155	236	52
160	236	74
173	236	37
178	236	73
182	236	44
183	236	38
184	236	56
189	236	49
201	236	41
202	236	18
203	236	100
204	236	66
213	236	55
216	236	51
27	235	78
37	235	95
41	235	45
44	235	29
54	235	33
56	235	119
57	235	53
58	235	46
62	235	121
67	235	49
69	235	65
74	235	55
75	235	73
76	235	66
77	235	40
78	235	33
79	235	51
81	235	21
82	235	50
86	235	29
87	235	56
88	235	48
89	235	48
90	235	41
92	235	138
94	235	54
96	235	67
98	235	48
99	235	118
103	235	54
104	235	46
107	235	88
109	235	94
112	235	66
113	235	16
114	235	37
117	235	31
130	235	40
131	235	82
134	235	58
145	235	50
147	235	44
149	235	33
151	235	11
152	235	73
153	235	50
160	235	33
161	235	43
162	235	16
164	235	69
181	235	54
187	235	27
191	235	29
192	235	72
196	235	25
198	235	75
211	235	47
212	235	75
215	235	87
222	235	48
30	234	36
36	234	39
37	234	40
45	234	54
46	234	38
52	234	25
54	234	71
55	234	76
56	234	77
59	234	66
63	234	102
65	234	158
67	234	32
69	234	31
70	234	56
72	234	64
73	234	33
74	234	34
75	234	21
76	234	75
77	234	150
81	234	51
82	234	59
83	234	201
84	234	37
86	234	41
87	234	23
88	234	65
89	234	102
91	234	52
94	234	62
95	234	74
99	234	77
100	234	27
103	234	47
104	234	55
108	234	62
109	234	62
125	234	87
126	234	59
128	234	52
130	234	41
131	234	80
154	234	64
158	234	75
163	234	72
165	234	72
166	234	62
172	234	41
178	234	57
183	234	94
184	234	27
186	234	56
187	234	55
193	234	21
194	234	69
195	234	70
196	234	110
204	234	52
205	234	66
208	234	41
211	234	56
213	234	64
216	234	88
16	233	85
38	233	46
43	233	87
44	233	8
58	233	47
59	233	115
63	233	56
64	233	140
65	233	101
66	233	32
67	233	75
68	233	67
72	233	116
73	233	46
75	233	62
76	233	85
77	233	40
78	233	41
80	233	84
86	233	148
89	233	44
90	233	117
94	233	35
95	233	14
98	233	83
99	233	160
100	233	95
101	233	4
102	233	40
103	233	97
105	233	52
106	233	80
107	233	52
110	233	82
120	233	46
124	233	39
126	233	112
143	233	38
144	233	28
146	233	30
149	233	22
156	233	78
159	233	41
173	233	38
176	233	45
177	233	22
178	233	14
179	233	116
180	233	33
182	233	20
183	233	70
187	233	43
190	233	84
192	233	76
193	233	33
194	233	12
200	233	84
201	233	58
204	233	119
205	233	124
213	233	94
214	233	53
19	232	56
20	232	22
28	232	41
29	232	116
36	232	77
37	232	58
39	232	63
41	232	39
44	232	70
47	232	69
52	232	52
53	232	71
54	232	42
56	232	31
60	232	51
61	232	74
62	232	46
63	232	57
67	232	18
69	232	46
70	232	32
71	232	61
72	232	116
75	232	45
76	232	140
78	232	106
84	232	78
85	232	61
89	232	158
92	232	58
96	232	76
99	232	78
100	232	30
102	232	93
103	232	28
106	232	51
110	232	65
117	232	37
126	232	201
127	232	42
132	232	70
145	232	33
146	232	43
149	232	52
152	232	84
153	232	33
157	232	154
162	232	43
168	232	25
171	232	68
177	232	61
179	232	60
182	232	138
184	232	79
192	232	96
193	232	87
197	232	97
198	232	51
204	232	35
205	232	99
14	231	71
15	231	40
19	231	19
28	231	56
30	231	51
31	231	24
33	231	62
39	231	44
40	231	9
43	231	88
45	231	38
49	231	132
54	231	24
59	231	24
64	231	62
65	231	59
66	231	53
68	231	38
72	231	64
73	231	63
74	231	62
76	231	30
77	231	110
78	231	133
79	231	49
80	231	60
82	231	49
84	231	105
85	231	78
87	231	97
88	231	147
89	231	13
91	231	89
92	231	110
93	231	89
94	231	54
99	231	33
100	231	53
103	231	142
106	231	94
107	231	31
109	231	51
113	231	29
116	231	129
117	231	103
119	231	30
123	231	78
124	231	35
125	231	70
126	231	14
130	231	38
140	231	30
142	231	11
147	231	37
148	231	52
153	231	32
159	231	18
160	231	80
164	231	22
165	231	29
166	231	93
170	231	40
171	231	76
176	231	60
178	231	40
180	231	95
182	231	85
185	231	89
187	231	101
189	231	51
192	231	85
196	231	155
198	231	71
204	231	35
205	231	160
206	231	57
15	230	19
18	230	72
22	230	42
32	230	119
38	230	17
39	230	48
43	230	90
44	230	113
47	230	29
48	230	59
49	230	69
59	230	54
61	230	103
62	230	74
69	230	100
70	230	46
71	230	137
72	230	76
73	230	80
75	230	87
76	230	119
77	230	42
78	230	38
79	230	82
80	230	71
82	230	25
83	230	41
89	230	59
90	230	208
92	230	21
93	230	81
97	230	38
99	230	53
100	230	103
102	230	36
103	230	8
106	230	36
107	230	106
108	230	142
117	230	85
129	230	55
140	230	57
141	230	151
142	230	121
143	230	92
152	230	55
159	230	34
161	230	74
164	230	60
165	230	118
166	230	94
169	230	65
171	230	22
172	230	128
176	230	24
179	230	75
183	230	41
185	230	73
186	230	67
191	230	31
192	230	50
195	230	140
196	230	33
198	230	57
199	230	21
201	230	95
205	230	46
209	230	43
210	230	155
30	229	17
33	229	126
39	229	34
40	229	54
42	229	62
43	229	81
44	229	41
46	229	31
50	229	41
52	229	52
54	229	25
61	229	86
62	229	37
63	229	73
64	229	57
65	229	36
67	229	51
70	229	91
71	229	103
73	229	25
75	229	77
76	229	127
78	229	125
80	229	24
84	229	59
85	229	76
86	229	98
87	229	174
88	229	23
89	229	49
91	229	28
92	229	61
97	229	99
99	229	62
100	229	34
101	229	29
103	229	79
104	229	78
106	229	96
107	229	73
113	229	25
116	229	59
117	229	56
119	229	70
120	229	50
121	229	75
123	229	24
125	229	64
137	229	47
150	229	140
152	229	53
153	229	152
159	229	46
162	229	36
164	229	43
167	229	34
169	229	56
171	229	14
174	229	41
180	229	64
184	229	68
186	229	17
187	229	32
192	229	75
194	229	70
200	229	70
202	229	38
203	229	59
205	229	136
213	229	51
216	229	98
16	228	86
20	228	89
22	228	91
25	228	44
27	228	79
28	228	93
30	228	55
35	228	33
36	228	9
37	228	54
39	228	81
43	228	62
45	228	34
46	228	36
48	228	41
50	228	16
51	228	94
55	228	150
58	228	102
60	228	68
62	228	85
65	228	76
66	228	28
68	228	45
69	228	81
72	228	50
76	228	99
77	228	93
78	228	129
82	228	208
85	228	70
87	228	37
88	228	69
89	228	51
90	228	35
92	228	103
95	228	72
96	228	112
97	228	117
98	228	129
99	228	95
100	228	53
102	228	52
103	228	57
104	228	95
106	228	30
107	228	18
108	228	64
109	228	83
114	228	54
115	228	98
123	228	59
125	228	42
129	228	45
135	228	94
142	228	73
143	228	44
146	228	62
148	228	98
150	228	57
151	228	94
154	228	160
155	228	109
161	228	31
163	228	115
165	228	45
169	228	62
174	228	139
175	228	55
177	228	54
179	228	79
181	228	66
185	228	89
186	228	59
187	228	56
188	228	96
189	228	48
190	228	28
193	228	33
195	228	61
201	228	70
205	228	144
221	228	76
19	227	47
26	227	52
30	227	62
35	227	41
36	227	61
42	227	64
45	227	39
46	227	52
47	227	22
48	227	37
53	227	40
54	227	35
57	227	53
58	227	62
59	227	42
61	227	134
62	227	55
64	227	51
65	227	42
68	227	42
70	227	42
71	227	96
76	227	125
77	227	46
78	227	53
81	227	79
83	227	45
84	227	33
85	227	54
86	227	30
88	227	40
90	227	50
91	227	125
97	227	13
98	227	55
103	227	39
104	227	123
105	227	120
111	227	47
114	227	26
115	227	136
121	227	70
125	227	13
129	227	78
130	227	46
134	227	178
135	227	35
147	227	54
153	227	35
154	227	28
155	227	15
157	227	42
158	227	17
166	227	112
176	227	32
178	227	74
179	227	141
180	227	22
182	227	95
183	227	104
186	227	83
193	227	71
194	227	125
195	227	72
197	227	32
199	227	38
207	227	63
231	227	70
13	226	16
29	226	116
32	226	77
38	226	28
42	226	49
44	226	57
45	226	47
47	226	101
49	226	62
54	226	11
57	226	76
60	226	44
62	226	116
63	226	23
64	226	60
68	226	49
69	226	122
70	226	66
71	226	156
72	226	39
73	226	64
75	226	101
77	226	48
78	226	84
79	226	194
80	226	153
81	226	24
83	226	49
84	226	181
85	226	27
87	226	92
88	226	101
89	226	76
90	226	57
91	226	45
93	226	41
95	226	55
96	226	33
97	226	88
98	226	31
99	226	42
101	226	51
102	226	46
103	226	135
104	226	19
105	226	39
106	226	108
108	226	56
109	226	151
111	226	54
112	226	46
114	226	57
116	226	90
118	226	57
119	226	91
120	226	54
129	226	74
138	226	48
142	226	52
146	226	55
147	226	67
150	226	61
151	226	61
152	226	36
153	226	47
154	226	54
155	226	38
163	226	67
165	226	68
166	226	36
168	226	61
175	226	38
180	226	38
182	226	35
189	226	53
190	226	69
191	226	61
196	226	188
198	226	29
201	226	33
202	226	46
203	226	110
204	226	43
212	226	38
221	226	23
222	226	52
229	226	52
10	225	26
11	225	65
14	225	37
16	225	77
20	225	46
23	225	55
24	225	65
25	225	44
30	225	33
31	225	7
34	225	19
36	225	68
37	225	45
40	225	59
41	225	37
43	225	82
44	225	62
45	225	112
50	225	47
55	225	57
57	225	113
58	225	74
59	225	94
61	225	74
63	225	24
64	225	68
65	225	188
66	225	76
67	225	96
70	225	50
71	225	90
73	225	60
74	225	89
75	225	14
77	225	26
78	225	94
80	225	73
81	225	113
82	225	108
84	225	46
88	225	60
89	225	23
90	225	103
91	225	28
92	225	79
93	225	93
94	225	41
95	225	21
96	225	49
97	225	57
98	225	52
99	225	60
101	225	46
102	225	56
103	225	130
105	225	28
106	225	39
107	225	88
109	225	76
110	225	68
111	225	22
113	225	98
115	225	82
116	225	156
120	225	86
123	225	74
126	225	60
132	225	51
139	225	26
140	225	124
145	225	45
147	225	59
150	225	58
154	225	25
158	225	22
162	225	64
164	225	45
165	225	53
168	225	119
172	225	84
174	225	37
178	225	59
180	225	42
184	225	4
186	225	66
189	225	112
191	225	44
194	225	45
195	225	56
197	225	137
199	225	29
205	225	26
211	225	67
212	225	171
221	225	110
18	224	33
22	224	83
23	224	79
28	224	54
33	224	54
35	224	17
40	224	88
45	224	138
46	224	65
47	224	90
49	224	26
50	224	17
53	224	59
55	224	46
56	224	30
59	224	37
62	224	82
63	224	185
64	224	95
65	224	27
69	224	177
70	224	74
71	224	68
72	224	37
73	224	82
74	224	95
76	224	22
77	224	87
78	224	67
79	224	74
80	224	279
81	224	43
82	224	177
84	224	55
85	224	94
87	224	71
88	224	67
89	224	55
90	224	79
92	224	150
93	224	120
94	224	140
95	224	38
96	224	50
99	224	82
101	224	27
103	224	60
104	224	49
105	224	37
107	224	128
108	224	113
109	224	76
110	224	45
111	224	38
112	224	34
113	224	30
114	224	81
118	224	68
119	224	40
123	224	94
125	224	27
131	224	26
140	224	53
143	224	36
144	224	56
148	224	34
153	224	79
161	224	73
162	224	40
166	224	24
167	224	83
168	224	54
169	224	57
170	224	97
177	224	76
180	224	63
183	224	42
185	224	21
186	224	78
188	224	212
191	224	75
192	224	38
194	224	64
197	224	28
207	224	82
210	224	53
221	224	25
228	224	70
24	223	48
28	223	33
34	223	23
36	223	69
37	223	32
39	223	73
40	223	21
41	223	52
45	223	71
46	223	124
53	223	42
55	223	33
59	223	45
61	223	8
62	223	75
65	223	57
68	223	20
69	223	42
72	223	120
73	223	108
75	223	66
76	223	18
77	223	28
80	223	41
81	223	49
83	223	85
84	223	89
87	223	209
89	223	114
92	223	110
94	223	41
95	223	116
96	223	131
97	223	73
98	223	141
99	223	19
100	223	16
102	223	27
105	223	74
109	223	91
110	223	28
113	223	76
114	223	89
115	223	65
117	223	65
118	223	47
120	223	87
121	223	19
123	223	64
125	223	42
134	223	31
140	223	14
143	223	71
146	223	10
147	223	32
148	223	134
149	223	35
151	223	37
156	223	30
159	223	68
162	223	90
163	223	17
172	223	63
179	223	64
184	223	16
186	223	91
187	223	78
189	223	95
190	223	54
192	223	60
193	223	129
195	223	158
196	223	131
199	223	25
200	223	128
206	223	73
208	223	37
209	223	52
229	223	72
19	222	27
20	222	49
21	222	67
22	222	47
25	222	12
32	222	28
33	222	46
34	222	22
37	222	71
39	222	36
40	222	129
47	222	56
48	222	45
49	222	33
51	222	123
54	222	31
55	222	49
57	222	111
58	222	46
59	222	66
60	222	34
62	222	14
64	222	75
65	222	27
68	222	93
69	222	29
70	222	186
73	222	70
74	222	33
78	222	121
79	222	16
81	222	119
82	222	69
84	222	25
85	222	78
86	222	91
87	222	117
88	222	165
90	222	137
91	222	147
92	222	61
93	222	178
94	222	155
95	222	176
96	222	57
100	222	58
106	222	49
108	222	84
111	222	40
115	222	78
117	222	33
118	222	120
121	222	64
122	222	85
127	222	58
130	222	127
139	222	21
144	222	59
147	222	42
148	222	116
152	222	82
155	222	100
156	222	58
157	222	74
162	222	59
166	222	92
167	222	85
169	222	48
171	222	7
172	222	82
176	222	35
179	222	16
180	222	124
181	222	59
182	222	51
184	222	47
185	222	38
186	222	114
188	222	160
189	222	46
191	222	47
192	222	57
194	222	74
197	222	60
199	222	52
209	222	38
216	222	129
217	222	86
233	222	48
8	221	75
16	221	49
21	221	84
22	221	97
25	221	75
29	221	96
33	221	24
43	221	60
44	221	55
45	221	46
46	221	40
47	221	143
48	221	105
51	221	115
52	221	160
54	221	28
56	221	143
61	221	38
63	221	83
66	221	62
68	221	54
69	221	78
70	221	91
71	221	43
73	221	60
74	221	60
76	221	93
77	221	111
78	221	27
80	221	55
81	221	50
82	221	71
83	221	49
84	221	83
85	221	41
86	221	100
87	221	74
88	221	16
90	221	104
91	221	31
92	221	55
93	221	25
94	221	54
96	221	41
97	221	34
100	221	73
104	221	97
105	221	113
106	221	40
107	221	41
108	221	67
114	221	66
115	221	36
119	221	45
121	221	46
122	221	27
123	221	72
126	221	157
131	221	47
134	221	46
137	221	24
138	221	25
139	221	36
147	221	53
150	221	45
151	221	101
155	221	38
156	221	42
158	221	13
160	221	59
161	221	30
167	221	31
168	221	20
171	221	49
172	221	61
173	221	44
174	221	76
177	221	46
178	221	108
182	221	88
184	221	33
186	221	70
190	221	92
192	221	47
193	221	75
194	221	203
195	221	154
202	221	19
203	221	35
205	221	19
206	221	52
207	221	31
210	221	79
211	221	129
212	221	49
215	221	47
239	221	34
11	220	60
20	220	66
23	220	56
24	220	188
25	220	62
26	220	133
28	220	78
30	220	44
33	220	43
34	220	73
35	220	60
40	220	29
41	220	48
46	220	57
50	220	42
52	220	48
54	220	79
55	220	48
56	220	127
58	220	56
59	220	38
61	220	65
64	220	40
67	220	126
68	220	49
69	220	23
70	220	210
73	220	27
75	220	69
76	220	42
78	220	42
79	220	60
81	220	122
82	220	62
84	220	92
85	220	54
87	220	57
88	220	62
89	220	21
90	220	43
91	220	85
92	220	128
93	220	23
94	220	58
97	220	25
106	220	51
107	220	93
109	220	46
110	220	108
111	220	19
117	220	66
119	220	39
137	220	107
138	220	107
139	220	61
148	220	61
149	220	62
155	220	83
156	220	70
159	220	41
165	220	46
166	220	71
168	220	107
170	220	77
173	220	76
174	220	45
175	220	44
176	220	57
179	220	64
187	220	67
189	220	46
190	220	75
191	220	77
193	220	9
194	220	35
196	220	80
198	220	105
199	220	49
201	220	41
208	220	78
210	220	61
211	220	125
212	220	35
215	220	80
216	220	47
218	220	40
220	220	57
221	220	70
231	220	130
19	219	63
26	219	62
27	219	67
31	219	85
33	219	142
34	219	101
37	219	32
39	219	67
41	219	32
42	219	71
43	219	81
45	219	49
46	219	44
48	219	56
49	219	76
53	219	71
54	219	72
55	219	94
56	219	69
57	219	28
58	219	27
59	219	93
60	219	45
63	219	33
65	219	36
67	219	105
68	219	89
71	219	97
72	219	62
73	219	76
74	219	92
75	219	11
77	219	27
78	219	68
80	219	84
81	219	99
82	219	77
83	219	89
85	219	47
87	219	32
88	219	108
89	219	139
90	219	50
91	219	17
92	219	98
94	219	85
95	219	110
97	219	70
100	219	76
103	219	44
104	219	93
105	219	130
107	219	62
113	219	55
117	219	44
133	219	47
139	219	26
140	219	84
141	219	23
146	219	104
147	219	93
148	219	40
152	219	31
154	219	46
155	219	37
160	219	93
165	219	36
167	219	60
170	219	40
174	219	123
178	219	63
180	219	85
183	219	73
190	219	71
193	219	16
194	219	145
196	219	81
198	219	33
199	219	62
201	219	26
202	219	50
203	219	203
208	219	20
209	219	47
210	219	65
211	219	139
212	219	61
214	219	41
225	219	76
21	218	32
22	218	90
25	218	21
26	218	89
27	218	67
28	218	37
29	218	76
30	218	74
31	218	73
33	218	37
36	218	123
37	218	27
38	218	75
39	218	106
40	218	87
41	218	116
44	218	35
47	218	20
49	218	218
50	218	63
51	218	28
52	218	84
54	218	52
55	218	16
64	218	33
67	218	87
68	218	58
69	218	116
70	218	34
71	218	53
72	218	108
73	218	113
74	218	170
75	218	102
76	218	157
77	218	63
79	218	87
83	218	47
84	218	135
85	218	16
86	218	23
87	218	101
88	218	134
89	218	106
90	218	98
91	218	122
93	218	84
94	218	62
95	218	55
97	218	56
98	218	61
100	218	80
101	218	29
103	218	47
106	218	55
108	218	40
109	218	26
111	218	71
113	218	63
115	218	29
117	218	55
129	218	67
130	218	36
134	218	67
141	218	37
145	218	60
146	218	38
149	218	80
150	218	26
152	218	87
154	218	3
156	218	79
158	218	76
162	218	41
169	218	29
174	218	101
177	218	57
180	218	149
182	218	124
183	218	61
185	218	42
188	218	28
192	218	94
196	218	151
198	218	20
200	218	46
202	218	49
203	218	75
205	218	43
207	218	71
209	218	66
215	218	30
216	218	36
227	218	62
233	218	65
234	218	45
23	217	39
25	217	236
26	217	42
27	217	52
29	217	70
32	217	50
33	217	73
36	217	45
38	217	103
40	217	42
41	217	119
42	217	130
43	217	54
44	217	148
45	217	79
47	217	49
48	217	73
51	217	109
56	217	38
58	217	128
59	217	98
60	217	74
61	217	18
62	217	71
63	217	64
65	217	175
66	217	83
67	217	37
68	217	100
72	217	136
73	217	9
76	217	71
78	217	20
80	217	41
81	217	46
83	217	59
84	217	41
85	217	80
88	217	217
89	217	174
90	217	198
91	217	95
92	217	151
93	217	140
94	217	54
95	217	66
96	217	49
97	217	83
100	217	36
102	217	49
103	217	43
104	217	41
110	217	32
112	217	99
115	217	34
117	217	35
119	217	46
125	217	27
135	217	42
149	217	69
152	217	125
153	217	40
154	217	72
155	217	34
158	217	52
160	217	130
161	217	75
164	217	39
165	217	93
169	217	116
171	217	49
174	217	56
175	217	55
178	217	61
179	217	96
182	217	55
186	217	75
187	217	130
188	217	69
189	217	76
193	217	135
196	217	56
197	217	29
200	217	117
203	217	10
204	217	65
207	217	78
211	217	44
216	217	67
217	217	96
219	217	36
222	217	33
225	217	67
229	217	28
19	216	76
20	216	67
23	216	54
24	216	45
25	216	161
28	216	65
31	216	31
32	216	72
33	216	60
35	216	38
38	216	137
39	216	42
41	216	115
42	216	105
43	216	78
45	216	93
47	216	28
53	216	76
54	216	66
55	216	157
56	216	19
57	216	82
59	216	117
63	216	69
66	216	106
67	216	35
69	216	178
70	216	74
71	216	47
72	216	68
73	216	48
75	216	81
76	216	61
77	216	198
79	216	70
80	216	65
81	216	70
82	216	15
83	216	63
84	216	57
87	216	104
88	216	140
89	216	34
90	216	173
91	216	7
92	216	151
93	216	78
94	216	229
95	216	49
96	216	61
98	216	38
99	216	31
100	216	85
103	216	49
104	216	67
105	216	38
108	216	32
110	216	114
111	216	65
113	216	71
116	216	60
124	216	40
125	216	138
131	216	50
133	216	37
140	216	70
141	216	122
144	216	148
145	216	51
146	216	77
148	216	60
149	216	88
150	216	79
152	216	49
153	216	51
159	216	12
161	216	29
164	216	93
165	216	79
166	216	47
167	216	64
170	216	47
173	216	26
177	216	48
178	216	102
180	216	59
181	216	47
182	216	127
185	216	141
186	216	56
188	216	150
189	216	70
190	216	34
192	216	139
193	216	131
194	216	42
195	216	18
198	216	25
199	216	55
200	216	83
201	216	148
207	216	67
209	216	51
212	216	57
219	216	81
233	216	47
234	216	69
246	216	67
12	215	43
15	215	20
23	215	41
25	215	67
29	215	73
30	215	19
31	215	46
32	215	41
34	215	37
36	215	41
37	215	128
38	215	72
41	215	83
42	215	73
43	215	59
46	215	73
53	215	44
56	215	121
58	215	178
59	215	60
63	215	24
65	215	41
66	215	82
67	215	101
69	215	59
70	215	32
71	215	54
76	215	67
77	215	77
78	215	106
83	215	38
84	215	123
86	215	62
88	215	60
90	215	43
91	215	79
93	215	86
94	215	141
97	215	87
98	215	113
99	215	19
100	215	41
101	215	77
105	215	58
107	215	22
109	215	60
110	215	94
113	215	166
125	215	118
127	215	110
132	215	51
133	215	73
139	215	42
143	215	54
146	215	47
149	215	53
150	215	35
151	215	135
152	215	65
153	215	118
154	215	38
157	215	63
162	215	59
163	215	80
164	215	61
165	215	112
170	215	31
173	215	14
174	215	65
177	215	18
178	215	112
179	215	51
184	215	98
186	215	62
189	215	33
191	215	131
192	215	49
193	215	73
197	215	101
200	215	134
201	215	91
202	215	54
203	215	62
205	215	60
207	215	39
212	215	58
214	215	57
216	215	32
222	215	25
223	215	25
224	215	62
226	215	30
229	215	46
243	215	55
19	214	68
20	214	68
21	214	62
24	214	76
25	214	29
26	214	87
28	214	58
29	214	136
30	214	67
31	214	53
35	214	22
41	214	12
42	214	52
47	214	46
48	214	132
50	214	56
53	214	59
54	214	70
55	214	112
57	214	11
58	214	83
60	214	115
61	214	82
62	214	45
63	214	111
64	214	52
67	214	99
73	214	98
75	214	36
76	214	77
77	214	30
78	214	122
79	214	162
80	214	147
81	214	99
82	214	59
83	214	152
84	214	56
85	214	72
87	214	105
89	214	75
90	214	56
92	214	54
95	214	101
98	214	118
99	214	97
101	214	110
102	214	37
104	214	37
106	214	39
107	214	23
110	214	22
112	214	84
116	214	27
122	214	78
125	214	90
126	214	32
127	214	60
133	214	48
136	214	131
137	214	38
139	214	78
147	214	106
149	214	64
151	214	48
152	214	77
153	214	54
154	214	76
157	214	58
162	214	44
165	214	55
167	214	43
169	214	58
173	214	25
175	214	37
178	214	52
180	214	63
181	214	16
184	214	106
186	214	37
187	214	51
188	214	36
192	214	18
194	214	61
195	214	61
196	214	99
199	214	70
200	214	55
201	214	47
202	214	57
203	214	46
204	214	68
205	214	89
208	214	16
210	214	48
214	214	129
215	214	61
218	214	50
220	214	32
244	214	88
15	213	40
18	213	72
22	213	84
24	213	105
27	213	70
28	213	73
33	213	40
34	213	20
36	213	19
37	213	29
39	213	22
40	213	84
41	213	44
42	213	97
43	213	45
45	213	19
46	213	148
48	213	35
49	213	44
52	213	24
55	213	65
56	213	134
57	213	26
59	213	118
61	213	46
62	213	69
64	213	253
65	213	45
67	213	55
68	213	64
70	213	24
71	213	42
72	213	51
74	213	131
76	213	54
77	213	44
78	213	52
83	213	118
85	213	46
86	213	24
87	213	23
88	213	67
89	213	42
91	213	144
95	213	198
96	213	61
98	213	63
99	213	27
101	213	47
103	213	109
104	213	67
105	213	102
107	213	3
108	213	115
109	213	25
114	213	30
115	213	68
116	213	65
124	213	57
134	213	79
135	213	63
142	213	92
151	213	107
154	213	23
157	213	83
160	213	50
163	213	13
164	213	33
165	213	103
168	213	78
169	213	44
170	213	50
172	213	78
173	213	51
174	213	73
179	213	30
180	213	84
182	213	67
184	213	20
185	213	84
186	213	63
187	213	58
188	213	13
189	213	66
191	213	158
192	213	82
193	213	46
198	213	51
199	213	76
200	213	78
201	213	278
202	213	35
205	213	77
212	213	58
214	213	103
219	213	45
229	213	37
232	213	41
233	213	100
234	213	108
235	213	20
11	212	63
19	212	116
21	212	45
27	212	154
30	212	37
31	212	55
32	212	96
33	212	179
34	212	78
36	212	43
37	212	75
38	212	55
42	212	45
44	212	152
47	212	56
50	212	68
55	212	45
57	212	67
58	212	35
59	212	122
60	212	84
61	212	108
62	212	102
65	212	65
66	212	51
67	212	37
68	212	73
69	212	57
73	212	52
74	212	26
78	212	159
79	212	22
81	212	33
82	212	156
83	212	199
84	212	153
86	212	53
87	212	31
88	212	27
89	212	121
90	212	150
93	212	29
94	212	42
95	212	71
96	212	129
97	212	123
102	212	11
103	212	34
108	212	95
109	212	65
110	212	53
114	212	176
115	212	32
116	212	30
117	212	44
135	212	35
141	212	83
143	212	53
145	212	65
158	212	54
162	212	47
170	212	58
172	212	64
174	212	40
180	212	92
181	212	31
185	212	45
186	212	57
187	212	68
188	212	7
189	212	116
190	212	64
191	212	138
193	212	72
194	212	110
195	212	35
196	212	65
197	212	38
199	212	25
208	212	69
210	212	56
211	212	24
213	212	69
214	212	51
218	212	68
219	212	93
225	212	45
10	211	53
21	211	54
22	211	167
23	211	62
24	211	66
25	211	40
26	211	85
27	211	104
29	211	57
32	211	105
33	211	151
34	211	166
37	211	81
38	211	43
39	211	41
40	211	106
43	211	21
45	211	137
46	211	131
47	211	65
49	211	38
51	211	62
53	211	77
54	211	48
55	211	74
56	211	19
60	211	51
61	211	95
65	211	25
66	211	47
68	211	54
69	211	73
72	211	100
73	211	74
74	211	37
76	211	27
78	211	83
81	211	63
82	211	86
84	211	142
85	211	50
86	211	41
89	211	153
90	211	66
94	211	148
95	211	26
96	211	32
98	211	114
100	211	34
101	211	52
102	211	32
104	211	41
105	211	13
107	211	110
110	211	57
111	211	67
115	211	16
122	211	18
131	211	70
148	211	76
149	211	53
152	211	100
157	211	65
159	211	34
162	211	58
163	211	92
166	211	75
168	211	137
169	211	80
171	211	11
172	211	21
173	211	67
174	211	41
177	211	24
180	211	23
183	211	79
187	211	60
188	211	74
189	211	127
191	211	99
192	211	97
193	211	190
194	211	141
195	211	113
196	211	74
198	211	81
203	211	27
207	211	93
212	211	51
216	211	75
219	211	131
230	211	58
15	210	47
18	210	124
21	210	39
23	210	107
24	210	85
26	210	84
27	210	60
29	210	25
31	210	82
32	210	15
34	210	74
36	210	90
37	210	69
39	210	49
42	210	98
43	210	125
44	210	61
45	210	59
46	210	114
47	210	73
48	210	29
50	210	41
51	210	41
53	210	35
54	210	87
55	210	60
56	210	29
57	210	62
58	210	23
60	210	51
63	210	162
64	210	99
66	210	79
69	210	143
70	210	46
71	210	30
74	210	158
76	210	198
78	210	62
79	210	82
80	210	37
84	210	55
85	210	102
86	210	199
88	210	71
89	210	154
91	210	69
93	210	41
95	210	29
97	210	26
98	210	129
102	210	23
103	210	60
105	210	65
106	210	69
107	210	53
109	210	66
111	210	22
119	210	40
123	210	86
126	210	59
132	210	42
135	210	64
137	210	31
138	210	29
145	210	38
150	210	41
152	210	71
153	210	66
155	210	42
156	210	63
160	210	44
161	210	88
164	210	37
166	210	41
167	210	125
169	210	17
174	210	51
175	210	68
176	210	48
177	210	110
179	210	162
185	210	42
187	210	87
188	210	160
189	210	150
190	210	32
191	210	104
192	210	36
193	210	110
194	210	86
195	210	132
196	210	177
199	210	60
200	210	50
202	210	93
205	210	91
209	210	110
210	210	131
213	210	14
217	210	47
218	210	154
224	210	24
229	210	40
231	210	72
16	209	70
18	209	86
21	209	49
23	209	54
29	209	155
30	209	92
33	209	26
34	209	46
39	209	44
41	209	129
42	209	61
43	209	65
44	209	111
50	209	129
53	209	126
54	209	124
56	209	95
59	209	46
63	209	158
64	209	67
65	209	75
66	209	165
67	209	121
69	209	27
71	209	79
72	209	130
73	209	44
75	209	103
76	209	51
77	209	59
78	209	87
79	209	42
80	209	76
81	209	32
82	209	17
83	209	87
84	209	47
86	209	115
87	209	97
89	209	81
90	209	52
91	209	71
92	209	95
93	209	56
94	209	70
95	209	24
96	209	146
97	209	31
98	209	112
99	209	151
101	209	79
104	209	63
105	209	22
106	209	37
107	209	73
110	209	57
116	209	36
117	209	56
118	209	54
120	209	37
121	209	54
126	209	20
129	209	49
130	209	57
132	209	65
133	209	40
134	209	5
140	209	16
145	209	78
147	209	30
152	209	41
154	209	111
158	209	58
161	209	96
163	209	67
164	209	111
165	209	97
166	209	62
168	209	52
169	209	79
171	209	167
173	209	26
175	209	35
181	209	67
183	209	18
184	209	73
185	209	51
186	209	34
188	209	171
189	209	113
190	209	191
191	209	60
192	209	100
193	209	85
194	209	225
195	209	42
196	209	48
197	209	97
198	209	52
199	209	162
201	209	100
202	209	118
203	209	81
205	209	52
212	209	57
213	209	40
218	209	30
219	209	67
242	209	64
14	208	66
18	208	70
22	208	77
24	208	26
25	208	84
29	208	40
30	208	45
33	208	69
34	208	15
35	208	65
36	208	15
38	208	47
39	208	38
40	208	92
41	208	44
42	208	110
43	208	91
45	208	68
46	208	49
47	208	154
52	208	77
53	208	64
55	208	83
56	208	75
57	208	143
59	208	38
60	208	71
63	208	69
64	208	41
66	208	151
68	208	79
69	208	57
70	208	51
71	208	113
73	208	47
75	208	80
76	208	54
77	208	215
78	208	42
79	208	4
81	208	182
82	208	109
83	208	78
84	208	52
85	208	39
86	208	61
87	208	51
90	208	54
91	208	48
92	208	31
93	208	34
98	208	116
99	208	83
102	208	17
104	208	66
105	208	51
106	208	155
109	208	45
110	208	68
113	208	98
115	208	72
116	208	88
118	208	43
120	208	57
127	208	46
130	208	155
131	208	22
132	208	219
134	208	30
140	208	37
141	208	46
148	208	51
152	208	34
155	208	62
163	208	74
165	208	37
166	208	37
169	208	66
172	208	54
174	208	43
175	208	113
177	208	15
180	208	91
182	208	109
184	208	57
185	208	24
186	208	223
187	208	75
188	208	158
189	208	204
190	208	121
191	208	194
192	208	61
193	208	145
194	208	101
196	208	91
197	208	74
198	208	86
199	208	114
201	208	65
202	208	132
205	208	55
206	208	17
210	208	64
212	208	54
220	208	75
221	208	118
223	208	29
225	208	84
245	208	80
9	207	69
15	207	70
22	207	53
26	207	95
29	207	50
30	207	48
33	207	63
37	207	43
39	207	84
40	207	68
42	207	67
43	207	25
44	207	80
45	207	42
48	207	51
49	207	58
50	207	36
51	207	38
52	207	31
53	207	21
54	207	34
55	207	120
56	207	66
57	207	33
58	207	11
59	207	176
62	207	144
68	207	50
69	207	85
73	207	30
75	207	110
76	207	70
77	207	69
78	207	37
79	207	61
82	207	120
85	207	95
88	207	39
89	207	112
91	207	68
92	207	32
93	207	96
94	207	54
95	207	135
99	207	109
100	207	237
101	207	33
103	207	27
104	207	26
106	207	54
107	207	77
108	207	52
109	207	57
113	207	20
114	207	43
115	207	39
118	207	74
120	207	84
121	207	22
122	207	60
129	207	10
131	207	110
134	207	85
145	207	21
148	207	64
151	207	78
152	207	29
154	207	97
156	207	72
158	207	53
167	207	101
178	207	66
179	207	66
181	207	105
182	207	158
184	207	88
186	207	126
187	207	140
188	207	84
189	207	127
190	207	183
191	207	198
192	207	96
193	207	104
194	207	85
195	207	39
196	207	33
197	207	47
198	207	71
199	207	71
200	207	90
201	207	47
204	207	203
206	207	62
208	207	72
209	207	39
210	207	97
218	207	58
9	206	98
18	206	77
21	206	68
23	206	87
24	206	52
26	206	98
28	206	103
30	206	67
37	206	87
38	206	19
42	206	36
43	206	32
44	206	38
45	206	67
46	206	26
47	206	9
53	206	72
54	206	182
56	206	184
57	206	147
58	206	147
59	206	132
63	206	48
65	206	98
66	206	46
67	206	32
73	206	66
75	206	37
76	206	23
77	206	23
78	206	35
81	206	69
88	206	17
89	206	306
90	206	106
91	206	17
92	206	45
93	206	110
94	206	76
95	206	95
96	206	81
99	206	113
100	206	27
101	206	130
102	206	78
103	206	75
104	206	119
105	206	61
113	206	38
120	206	66
121	206	14
122	206	90
125	206	29
128	206	48
129	206	72
131	206	157
132	206	60
139	206	45
141	206	92
143	206	21
145	206	51
150	206	17
151	206	53
152	206	21
154	206	60
155	206	38
156	206	83
159	206	34
160	206	34
161	206	93
163	206	61
164	206	121
172	206	98
176	206	92
178	206	18
180	206	176
185	206	43
186	206	231
187	206	214
188	206	137
189	206	116
190	206	251
191	206	203
192	206	110
193	206	69
194	206	174
195	206	49
196	206	97
197	206	93
198	206	101
200	206	148
202	206	68
203	206	83
204	206	56
205	206	99
206	206	45
207	206	63
208	206	123
215	206	37
221	206	26
223	206	65
225	206	63
226	206	91
241	206	66
8	205	92
10	205	82
13	205	57
21	205	51
22	205	77
25	205	34
26	205	14
28	205	26
29	205	47
30	205	59
31	205	143
33	205	139
34	205	128
36	205	49
38	205	105
39	205	74
42	205	14
43	205	152
44	205	38
46	205	59
52	205	79
53	205	78
55	205	54
56	205	82
58	205	61
59	205	64
60	205	64
62	205	43
63	205	85
64	205	85
65	205	46
68	205	59
72	205	128
74	205	83
76	205	71
79	205	165
80	205	32
82	205	40
88	205	108
89	205	89
90	205	105
91	205	59
92	205	175
93	205	113
96	205	79
97	205	45
102	205	68
103	205	63
105	205	137
106	205	48
107	205	79
109	205	43
111	205	67
117	205	56
119	205	16
120	205	66
122	205	18
130	205	10
132	205	29
133	205	76
134	205	127
138	205	43
139	205	135
148	205	52
150	205	155
151	205	65
160	205	58
162	205	66
167	205	91
168	205	88
169	205	42
170	205	39
173	205	10
174	205	54
178	205	46
180	205	25
184	205	20
185	205	78
186	205	179
187	205	143
188	205	130
189	205	165
190	205	194
191	205	230
192	205	167
193	205	57
195	205	72
196	205	90
197	205	59
198	205	109
205	205	54
206	205	57
208	205	139
211	205	46
216	205	41
217	205	57
218	205	73
221	205	57
226	205	141
227	205	33
228	205	137
234	205	62
235	205	49
13	204	46
15	204	45
19	204	10
20	204	48
24	204	70
25	204	130
26	204	38
27	204	81
28	204	69
30	204	114
31	204	35
34	204	96
35	204	140
37	204	45
38	204	111
41	204	58
44	204	38
48	204	47
55	204	25
56	204	83
57	204	74
59	204	53
60	204	79
61	204	120
62	204	214
63	204	371
64	204	406
65	204	94
66	204	63
67	204	70
68	204	110
69	204	62
71	204	192
72	204	72
73	204	78
76	204	39
78	204	135
81	204	57
87	204	132
88	204	31
90	204	68
91	204	119
92	204	114
93	204	48
97	204	86
98	204	167
101	204	36
102	204	61
103	204	77
106	204	77
107	204	74
109	204	65
110	204	43
111	204	49
112	204	49
118	204	30
119	204	34
121	204	54
122	204	39
125	204	53
126	204	38
136	204	92
137	204	162
138	204	125
139	204	154
140	204	76
143	204	42
144	204	84
150	204	88
151	204	104
155	204	104
157	204	192
158	204	134
160	204	21
164	204	36
166	204	26
167	204	148
171	204	130
172	204	110
174	204	53
176	204	21
178	204	74
179	204	29
181	204	191
182	204	61
184	204	62
186	204	89
188	204	165
189	204	232
190	204	102
191	204	119
192	204	108
193	204	80
194	204	340
195	204	76
197	204	33
198	204	182
199	204	21
202	204	24
204	204	132
207	204	24
208	204	68
211	204	49
212	204	94
214	204	82
215	204	93
216	204	91
217	204	78
218	204	65
223	204	67
228	204	53
229	204	17
230	204	31
234	204	45
237	204	110
238	204	109
239	204	62
245	204	45
16	203	118
17	203	14
19	203	76
20	203	64
21	203	46
24	203	56
25	203	46
27	203	78
29	203	128
30	203	72
34	203	134
35	203	91
38	203	30
39	203	27
41	203	7
43	203	51
44	203	18
45	203	57
47	203	59
48	203	120
50	203	9
51	203	28
52	203	75
54	203	24
56	203	37
58	203	138
59	203	137
60	203	38
61	203	310
62	203	451
63	203	614
64	203	409
65	203	60
67	203	66
68	203	86
69	203	42
70	203	58
71	203	68
72	203	124
75	203	115
78	203	34
83	203	93
84	203	106
85	203	53
88	203	45
89	203	109
90	203	62
91	203	36
92	203	61
94	203	93
98	203	42
99	203	73
103	203	118
104	203	70
105	203	141
106	203	186
108	203	46
112	203	50
115	203	59
116	203	52
117	203	9
118	203	86
119	203	45
126	203	60
135	203	85
139	203	36
146	203	46
147	203	41
150	203	25
151	203	70
153	203	54
155	203	80
157	203	181
158	203	85
162	203	48
163	203	47
168	203	76
175	203	87
177	203	23
179	203	14
180	203	116
183	203	107
184	203	114
185	203	33
186	203	56
187	203	149
188	203	166
189	203	118
190	203	125
191	203	247
192	203	31
193	203	79
194	203	156
196	203	137
197	203	67
201	203	55
202	203	85
203	203	35
211	203	30
213	203	193
214	203	48
215	203	23
216	203	15
218	203	69
221	203	44
229	203	60
236	203	34
239	203	61
18	202	46
20	202	110
24	202	106
28	202	37
30	202	219
31	202	59
33	202	36
34	202	37
36	202	52
37	202	38
40	202	78
43	202	89
44	202	66
45	202	60
46	202	63
47	202	48
48	202	159
50	202	32
51	202	57
52	202	130
53	202	72
54	202	114
55	202	67
56	202	40
59	202	23
60	202	104
61	202	281
62	202	617
63	202	409
64	202	510
65	202	147
66	202	78
67	202	47
68	202	63
69	202	54
76	202	67
77	202	114
79	202	111
80	202	71
82	202	65
84	202	153
86	202	33
87	202	23
88	202	22
89	202	73
90	202	172
91	202	83
94	202	71
95	202	93
97	202	97
98	202	117
101	202	44
103	202	123
108	202	56
109	202	52
114	202	41
115	202	88
116	202	63
119	202	30
120	202	38
123	202	74
124	202	42
125	202	142
127	202	56
128	202	93
129	202	58
130	202	114
133	202	25
134	202	84
135	202	29
137	202	34
138	202	30
139	202	17
140	202	54
143	202	46
145	202	97
151	202	31
157	202	46
158	202	121
165	202	62
166	202	74
168	202	55
169	202	87
171	202	78
173	202	15
175	202	92
179	202	161
180	202	46
181	202	95
182	202	62
183	202	111
185	202	101
186	202	76
187	202	68
188	202	41
189	202	74
190	202	68
191	202	90
192	202	102
193	202	11
194	202	65
195	202	88
197	202	127
198	202	72
200	202	54
201	202	82
204	202	71
205	202	39
206	202	72
209	202	64
211	202	34
213	202	103
214	202	64
216	202	80
217	202	50
221	202	71
222	202	48
223	202	50
224	202	52
233	202	50
241	202	65
10	201	35
11	201	128
12	201	45
20	201	101
24	201	37
25	201	51
26	201	61
27	201	40
28	201	185
29	201	90
31	201	66
32	201	77
34	201	25
36	201	104
37	201	114
41	201	26
42	201	67
43	201	13
46	201	78
48	201	134
49	201	78
54	201	39
57	201	16
58	201	29
59	201	92
60	201	101
61	201	115
62	201	182
63	201	200
64	201	103
65	201	130
66	201	106
67	201	216
68	201	111
70	201	43
71	201	25
72	201	169
73	201	52
74	201	46
75	201	83
77	201	160
78	201	78
80	201	41
82	201	19
84	201	42
86	201	60
87	201	66
90	201	29
96	201	148
102	201	67
103	201	46
104	201	162
115	201	68
117	201	56
119	201	11
121	201	77
124	201	90
129	201	39
130	201	54
133	201	135
138	201	99
142	201	70
143	201	69
146	201	81
148	201	10
149	201	133
151	201	96
152	201	102
156	201	64
157	201	99
160	201	49
164	201	38
165	201	40
166	201	46
167	201	83
168	201	85
169	201	69
173	201	46
174	201	38
175	201	74
177	201	62
180	201	41
182	201	103
183	201	34
184	201	116
185	201	52
186	201	70
187	201	63
189	201	99
190	201	93
191	201	119
192	201	130
194	201	34
195	201	42
196	201	68
207	201	99
208	201	57
212	201	22
217	201	116
218	201	84
226	201	64
230	201	22
244	201	50
12	200	65
22	200	92
23	200	16
24	200	83
25	200	11
26	200	37
27	200	58
28	200	76
29	200	38
30	200	46
32	200	162
33	200	85
34	200	44
35	200	21
36	200	58
39	200	26
40	200	106
42	200	67
47	200	96
50	200	84
53	200	33
54	200	42
55	200	24
56	200	92
58	200	52
59	200	41
60	200	37
62	200	76
63	200	101
64	200	100
65	200	60
67	200	44
68	200	34
69	200	75
70	200	165
71	200	138
72	200	47
73	200	46
75	200	82
78	200	90
79	200	49
81	200	13
85	200	46
86	200	51
87	200	64
88	200	213
89	200	151
97	200	61
98	200	155
100	200	85
103	200	29
104	200	87
108	200	75
109	200	55
110	200	60
115	200	55
116	200	63
119	200	13
121	200	31
122	200	104
124	200	23
125	200	45
126	200	26
130	200	21
131	200	74
132	200	24
136	200	20
137	200	82
144	200	74
145	200	65
146	200	37
150	200	97
152	200	52
155	200	135
156	200	37
157	200	22
158	200	97
160	200	46
161	200	17
163	200	16
164	200	64
165	200	58
169	200	103
170	200	44
175	200	36
176	200	38
177	200	43
178	200	82
179	200	42
182	200	51
183	200	153
189	200	181
191	200	142
192	200	105
193	200	108
194	200	66
197	200	55
198	200	13
206	200	40
207	200	17
209	200	49
210	200	131
211	200	54
212	200	160
213	200	28
214	200	11
215	200	71
217	200	102
218	200	82
219	200	36
222	200	48
225	200	78
226	200	143
10	199	41
15	199	54
21	199	90
23	199	39
26	199	59
27	199	85
28	199	71
29	199	87
30	199	47
31	199	44
33	199	49
45	199	42
49	199	32
51	199	18
54	199	62
56	199	22
57	199	32
61	199	80
62	199	66
64	199	70
67	199	45
68	199	68
71	199	51
73	199	26
76	199	100
78	199	57
79	199	49
80	199	38
82	199	54
87	199	117
88	199	61
89	199	70
90	199	62
91	199	29
92	199	84
93	199	125
98	199	37
99	199	47
102	199	77
104	199	67
107	199	101
108	199	34
109	199	65
110	199	40
111	199	49
112	199	29
117	199	94
118	199	159
124	199	55
126	199	45
127	199	18
131	199	72
132	199	105
134	199	77
138	199	48
144	199	45
156	199	26
157	199	25
158	199	37
159	199	89
165	199	75
166	199	116
169	199	46
171	199	76
174	199	68
178	199	50
179	199	52
181	199	119
182	199	179
183	199	84
184	199	30
185	199	53
186	199	59
189	199	73
192	199	56
193	199	16
194	199	142
196	199	7
198	199	78
201	199	60
202	199	87
204	199	28
205	199	87
209	199	77
212	199	70
214	199	205
216	199	123
217	199	18
220	199	44
221	199	100
239	199	60
246	199	19
247	199	42
11	198	84
12	198	52
16	198	48
18	198	46
19	198	92
20	198	90
21	198	130
25	198	98
28	198	96
35	198	157
36	198	88
37	198	39
38	198	30
39	198	40
40	198	23
44	198	100
49	198	44
51	198	57
52	198	44
54	198	81
55	198	128
57	198	35
60	198	49
63	198	40
65	198	88
72	198	42
73	198	91
74	198	37
75	198	54
76	198	61
79	198	63
80	198	55
81	198	12
82	198	72
83	198	79
85	198	60
88	198	105
89	198	48
90	198	52
92	198	40
93	198	59
94	198	46
97	198	130
98	198	57
104	198	49
106	198	61
110	198	123
111	198	42
112	198	58
119	198	28
121	198	50
125	198	39
129	198	52
133	198	29
135	198	73
136	198	131
140	198	11
146	198	30
148	198	75
149	198	45
150	198	42
151	198	78
152	198	29
154	198	99
156	198	102
157	198	145
158	198	53
160	198	72
161	198	52
165	198	72
166	198	28
168	198	19
172	198	84
173	198	36
175	198	81
178	198	76
181	198	74
182	198	67
187	198	75
191	198	26
197	198	26
198	198	52
201	198	17
206	198	66
214	198	48
215	198	50
218	198	39
219	198	20
220	198	159
222	198	65
224	198	42
225	198	41
226	198	55
230	198	56
235	198	52
12	197	73
19	197	87
20	197	79
21	197	47
22	197	68
23	197	89
24	197	51
26	197	26
28	197	80
30	197	73
31	197	27
33	197	97
40	197	137
41	197	60
43	197	18
44	197	90
46	197	56
49	197	73
51	197	56
55	197	41
62	197	41
64	197	124
68	197	63
71	197	66
73	197	60
74	197	121
77	197	50
78	197	90
80	197	74
81	197	31
86	197	39
88	197	94
90	197	43
91	197	14
92	197	136
93	197	24
97	197	68
98	197	165
100	197	84
102	197	140
104	197	80
105	197	22
109	197	33
114	197	100
115	197	38
116	197	7
117	197	16
118	197	95
123	197	67
129	197	88
136	197	57
137	197	64
139	197	30
141	197	68
144	197	55
145	197	5
146	197	43
150	197	43
151	197	46
153	197	118
154	197	58
157	197	45
159	197	59
161	197	30
162	197	59
163	197	124
166	197	45
170	197	54
172	197	85
189	197	44
190	197	31
193	197	40
194	197	63
198	197	49
200	197	39
202	197	68
203	197	52
204	197	46
205	197	103
207	197	58
209	197	67
210	197	40
213	197	34
214	197	79
215	197	37
216	197	84
218	197	94
219	197	19
222	197	62
236	197	25
10	196	48
19	196	119
20	196	23
23	196	26
25	196	45
26	196	71
30	196	190
32	196	41
35	196	100
36	196	12
38	196	56
41	196	60
42	196	54
43	196	27
44	196	43
49	196	63
52	196	184
53	196	92
56	196	68
58	196	20
59	196	40
61	196	45
62	196	36
63	196	30
65	196	46
66	196	49
74	196	26
78	196	42
79	196	21
81	196	147
86	196	59
88	196	157
89	196	122
91	196	73
92	196	48
98	196	81
101	196	42
103	196	40
104	196	78
108	196	60
111	196	47
112	196	50
113	196	24
114	196	54
119	196	124
124	196	92
127	196	16
130	196	27
132	196	38
135	196	42
136	196	80
137	196	81
144	196	74
149	196	45
150	196	93
156	196	4
166	196	43
168	196	38
175	196	38
176	196	58
178	196	141
181	196	51
182	196	120
189	196	82
190	196	48
193	196	22
194	196	53
195	196	123
197	196	22
199	196	105
200	196	57
201	196	13
202	196	51
204	196	148
206	196	123
208	196	38
210	196	31
212	196	121
214	196	136
217	196	119
221	196	186
222	196	113
223	196	76
226	196	60
238	196	46
241	196	19
244	196	122
245	196	43
246	196	65
13	195	22
16	195	27
20	195	121
23	195	52
24	195	55
25	195	158
26	195	90
27	195	51
30	195	175
32	195	33
33	195	75
34	195	78
40	195	5
41	195	35
44	195	75
45	195	105
46	195	153
50	195	27
58	195	65
59	195	76
60	195	136
63	195	62
66	195	54
68	195	31
72	195	51
75	195	52
78	195	26
79	195	7
80	195	87
82	195	61
85	195	21
91	195	58
92	195	17
93	195	43
95	195	44
96	195	105
102	195	42
103	195	52
104	195	104
105	195	84
106	195	76
107	195	92
110	195	42
111	195	44
114	195	52
117	195	60
119	195	179
122	195	37
125	195	94
126	195	39
127	195	46
129	195	64
130	195	117
131	195	71
132	195	75
134	195	45
135	195	57
140	195	211
143	195	52
146	195	170
149	195	67
152	195	148
160	195	69
161	195	165
164	195	60
165	195	54
168	195	72
169	195	67
170	195	90
172	195	63
173	195	96
174	195	63
175	195	54
178	195	51
181	195	57
185	195	21
191	195	43
193	195	32
194	195	27
197	195	45
201	195	66
203	195	30
204	195	140
206	195	49
211	195	58
215	195	18
216	195	31
217	195	128
218	195	103
221	195	90
223	195	139
227	195	77
231	195	104
239	195	59
241	195	51
244	195	59
246	195	17
8	194	50
10	194	46
13	194	40
18	194	21
20	194	39
21	194	20
22	194	56
23	194	98
24	194	57
25	194	175
26	194	99
27	194	152
74	246	43
171	246	61
27	245	57
60	245	32
61	245	55
66	245	41
97	245	26
60	244	57
75	244	6
91	244	87
97	244	39
101	244	12
103	244	67
121	244	19
127	244	38
161	244	21
183	244	35
52	243	92
84	243	31
85	243	52
86	243	46
88	243	53
89	243	44
97	243	8
98	243	131
135	243	57
157	243	52
167	243	67
177	243	29
190	243	37
40	242	46
46	242	67
52	242	52
53	242	10
58	242	117
68	242	42
75	242	59
81	242	68
89	242	67
92	242	72
94	242	79
95	242	35
96	242	54
103	242	98
108	242	46
113	242	45
114	242	48
141	242	26
158	242	27
161	242	99
172	242	75
198	242	27
206	242	71
20	241	22
33	241	59
35	241	29
37	241	25
46	241	15
60	241	43
61	241	21
64	241	69
66	241	50
75	241	70
81	241	39
82	241	66
89	241	63
90	241	253
91	241	42
93	241	60
94	241	52
96	241	90
97	241	11
98	241	42
101	241	51
108	241	40
125	241	71
127	241	71
160	241	39
166	241	48
170	241	60
171	241	33
172	241	45
183	241	52
187	241	5
192	241	60
193	241	17
207	241	34
18	240	59
32	240	60
33	240	46
40	240	55
51	240	97
54	240	81
62	240	49
66	240	32
79	240	66
81	240	29
85	240	65
86	240	57
88	240	80
89	240	84
99	240	30
100	240	78
103	240	96
106	240	52
107	240	142
108	240	68
114	240	41
116	240	22
118	240	75
120	240	66
123	240	28
127	240	31
128	240	33
130	240	71
134	240	21
135	240	34
143	240	38
152	240	26
166	240	39
171	240	68
172	240	14
174	240	70
178	240	61
187	240	87
188	240	36
197	240	80
201	240	26
202	240	78
207	240	18
210	240	26
215	240	43
38	239	45
41	239	43
43	239	71
53	239	62
54	239	51
56	239	29
58	239	36
59	239	88
61	239	70
65	239	49
71	239	63
75	239	72
76	239	50
78	239	71
80	239	119
81	239	46
87	239	219
88	239	39
89	239	153
91	239	86
94	239	62
99	239	34
102	239	61
104	239	25
105	239	44
107	239	79
108	239	33
109	239	47
128	239	61
# chipNumber: 4
# chipName:   G 10 W69
# numHits:    0
# chipNumber: 5
# chipName:   D 9 W69
# numHits:    0
# chipNumber: 6
# chipName:   L 8 W69
# numHits:    54
197	244	25
68	243	29
206	241	44
209	241	26
160	240	22
207	239	37
215	239	20
54	238	26
207	238	43
215	238	31
212	237	19
224	237	31
183	236	12
242	236	53
245	235	29
236	234	28
166	233	11810
236	233	42
123	232	47
138	232	30
67	231	15
204	231	19
226	230	37
227	230	49
80	229	10
239	229	49
115	228	16
228	228	14
107	227	15
114	227	26
235	227	42
236	227	43
241	226	35
242	226	48
235	225	14
242	224	39
232	221	22
238	221	9
237	220	74
238	220	41
175	218	24
199	218	12
235	218	24
200	217	83
200	216	21
201	216	40
85	215	34
200	215	46
232	212	33
143	209	57
241	209	61
244	209	37
228	203	40
234	203	11810
