## [General]
## runNumber:        241
## runTime:       	 7200
## runTimeFrames: 	 0
## pathName:         data/runs/Run_241_181022-16-16
## dateTime:         2018-10-22.18:02:45
## numChips:         7
## shutterTime:      30
## shutterMode:      verylong
## runMode:          0
## fastClock:        0
## externalTrigger:  0
## [Event]
## eventNumber:      8401
## useHvFadc:    	 1
## fadcReadout:    	 1
## szint1ClockInt:	 0
## szint2ClockInt:	 4095
## fadcTriggerClock: 0
# chipNumber: 0
# chipName:   E 6 W69
# numHits:    0
# chipNumber: 1
# chipName:   K 6 W69
# numHits:    61
161	241	17
147	237	45
155	237	64
146	236	53
122	227	46
149	227	45
117	223	20
141	221	79
126	218	11
96	211	27
122	208	48
140	203	52
101	201	71
118	199	35
137	199	24
118	198	74
155	196	21
155	194	29
169	189	68
133	186	70
139	184	20
131	178	95
206	164	32
177	163	66
217	162	40
170	159	69
162	152	48
163	152	40
160	151	34
167	144	30
174	141	26
197	126	58
183	123	51
189	122	50
193	118	33
200	118	71
201	118	19
199	117	44
200	117	75
201	117	137
205	117	39
185	113	21
173	111	49
174	111	60
172	110	43
177	107	34
173	106	96
173	103	41
207	100	11
224	99	86
241	79	53
218	76	44
221	76	74
201	71	32
208	44	53
200	41	12
225	29	75
225	27	36
187	26	59
235	24	48
229	15	20
# chipNumber: 2
# chipName:   H 9 W69
# numHits:    110
246	207	27
241	147	83
240	146	38
239	141	2
245	136	39
224	134	47
236	132	52
247	128	29
241	127	30
241	126	71
240	120	82
244	120	69
236	119	41
244	119	59
226	117	30
243	114	46
248	111	75
227	106	45
235	96	42
236	95	110
208	93	68
226	92	105
230	92	65
239	89	31
242	89	16
240	88	25
240	87	87
243	87	25
244	87	49
224	86	70
243	85	45
240	84	52
242	84	71
217	83	37
240	80	38
201	79	33
239	79	41
239	77	42
227	73	24
235	73	31
237	73	107
237	72	60
241	72	28
230	71	61
224	70	42
235	70	56
211	68	76
241	68	68
236	67	27
208	66	54
211	66	49
241	66	79
243	66	89
236	65	49
239	65	12
231	64	20
229	63	35
235	62	33
236	62	44
230	61	63
246	61	28
225	60	22
228	60	77
241	60	14
236	56	58
238	56	55
231	55	88
223	54	18
224	54	23
217	50	114
218	50	108
223	50	31
230	50	43
240	50	36
199	49	51
223	49	35
224	49	49
225	49	43
241	49	81
240	48	36
235	47	45
236	47	68
238	47	59
240	47	29
242	47	35
248	46	10
202	44	40
232	42	88
242	40	36
227	39	67
231	39	49
243	39	33
238	36	35
241	36	49
195	34	64
225	34	53
233	32	53
247	32	68
217	31	19
235	30	49
232	29	63
233	29	62
240	29	31
227	28	61
230	28	26
232	28	73
230	25	21
236	18	49
241	10	54
216	8	19
# chipNumber: 3
# chipName:   H 10 W69
# numHits:    18059
185	219	62
187	219	69
188	219	36
189	219	32
190	219	40
192	219	174
193	219	53
194	219	18
195	219	110
196	219	46
209	219	108
212	219	21
222	219	42
227	219	35
229	219	80
239	219	38
245	219	29
23	218	121
26	218	82
32	218	58
39	218	26
41	218	44
44	218	36
45	218	56
50	218	99
51	218	91
54	218	49
55	218	121
56	218	19
57	218	68
64	218	74
67	218	87
76	218	27
80	218	41
81	218	52
86	218	83
89	218	58
90	218	52
91	218	60
92	218	106
93	218	83
94	218	37
95	218	29
97	218	62
103	218	46
104	218	42
105	218	83
106	218	69
111	218	35
113	218	56
114	218	50
115	218	24
117	218	64
118	218	84
121	218	64
122	218	76
123	218	21
124	218	94
126	218	64
127	218	51
129	218	52
130	218	84
131	218	86
132	218	87
134	218	54
135	218	94
137	218	55
139	218	17
140	218	48
144	218	82
146	218	58
147	218	56
148	218	92
150	218	38
153	218	118
156	218	144
158	218	80
161	218	100
164	218	207
168	218	23
171	218	23
173	218	38
174	218	49
176	218	26
183	218	127
188	218	42
193	218	53
195	218	77
201	218	28
202	218	63
205	218	56
206	218	218
207	218	113
209	218	39
210	218	127
211	218	19
215	218	28
223	218	92
228	218	80
231	218	52
23	217	49
35	217	64
39	217	51
43	217	35
44	217	71
47	217	32
52	217	57
54	217	56
70	217	48
72	217	52
74	217	51
75	217	35
78	217	21
80	217	91
81	217	65
83	217	90
85	217	28
86	217	93
87	217	59
90	217	59
91	217	38
93	217	38
94	217	40
95	217	34
96	217	70
99	217	60
103	217	69
107	217	70
108	217	98
109	217	36
110	217	36
115	217	30
117	217	65
118	217	101
123	217	111
125	217	31
126	217	44
128	217	64
129	217	70
137	217	80
139	217	175
140	217	95
141	217	45
146	217	70
147	217	36
149	217	80
150	217	35
151	217	46
152	217	50
156	217	47
157	217	78
158	217	60
163	217	61
164	217	39
167	217	30
169	217	68
174	217	64
175	217	30
179	217	38
181	217	29
188	217	59
190	217	22
191	217	35
193	217	52
194	217	64
195	217	17
196	217	96
200	217	90
203	217	52
205	217	65
211	217	10
214	217	60
225	217	62
227	217	128
238	217	20
245	217	21
12	216	73
17	216	115
19	216	28
34	216	61
35	216	20
41	216	68
43	216	27
44	216	23
48	216	86
56	216	49
59	216	82
64	216	83
69	216	91
70	216	38
71	216	67
73	216	39
76	216	41
83	216	71
86	216	212
87	216	48
91	216	44
95	216	129
96	216	27
97	216	76
98	216	101
102	216	144
103	216	22
104	216	204
105	216	63
106	216	45
114	216	4
115	216	29
116	216	124
117	216	185
119	216	129
120	216	51
121	216	51
123	216	98
124	216	51
125	216	96
127	216	62
128	216	32
129	216	57
130	216	63
132	216	92
133	216	59
135	216	24
136	216	48
137	216	61
139	216	38
141	216	19
143	216	50
144	216	25
145	216	47
147	216	171
148	216	47
149	216	95
151	216	90
152	216	109
156	216	56
160	216	42
161	216	67
164	216	50
165	216	68
166	216	67
167	216	78
168	216	66
172	216	31
174	216	34
175	216	28
176	216	82
178	216	31
179	216	71
182	216	32
184	216	112
185	216	67
186	216	105
191	216	72
193	216	58
194	216	29
196	216	69
198	216	35
199	216	27
200	216	98
205	216	75
208	216	65
212	216	37
213	216	26
220	216	94
221	216	68
222	216	14
223	216	173
225	216	70
229	216	29
230	216	133
231	216	79
26	215	116
28	215	107
34	215	6
40	215	90
43	215	72
48	215	29
49	215	107
54	215	66
57	215	50
58	215	62
59	215	47
64	215	34
71	215	61
72	215	77
79	215	83
80	215	61
85	215	28
88	215	90
89	215	62
91	215	111
92	215	148
94	215	57
96	215	38
97	215	74
100	215	40
101	215	82
103	215	42
104	215	42
105	215	70
109	215	24
110	215	114
111	215	18
113	215	85
114	215	63
116	215	37
118	215	52
121	215	26
122	215	30
123	215	83
124	215	31
125	215	146
128	215	74
132	215	117
134	215	31
135	215	75
136	215	171
137	215	81
138	215	89
143	215	55
144	215	43
147	215	31
148	215	84
156	215	59
162	215	36
166	215	67
170	215	47
172	215	31
175	215	64
176	215	80
185	215	32
187	215	24
189	215	154
195	215	72
198	215	80
199	215	92
200	215	52
202	215	77
204	215	122
206	215	40
213	215	76
214	215	41
220	215	160
222	215	25
224	215	32
230	215	56
238	215	46
25	214	46
27	214	29
28	214	65
30	214	96
31	214	54
40	214	92
44	214	55
46	214	65
48	214	118
50	214	57
54	214	84
59	214	56
60	214	78
62	214	101
65	214	46
78	214	54
79	214	44
82	214	46
83	214	44
85	214	97
86	214	17
89	214	13
96	214	16
97	214	36
98	214	146
99	214	64
100	214	90
101	214	25
102	214	249
106	214	48
107	214	28
108	214	70
110	214	57
111	214	69
112	214	54
113	214	54
115	214	48
117	214	37
118	214	131
119	214	23
120	214	47
122	214	67
125	214	166
127	214	84
129	214	22
133	214	52
134	214	59
136	214	57
138	214	120
139	214	75
140	214	80
141	214	52
142	214	31
143	214	35
144	214	43
148	214	46
150	214	45
152	214	45
154	214	66
155	214	94
157	214	18
158	214	21
161	214	44
163	214	86
166	214	67
167	214	68
168	214	59
169	214	61
174	214	10
175	214	50
180	214	59
182	214	66
183	214	15
184	214	77
185	214	69
186	214	84
187	214	26
188	214	7
190	214	60
193	214	64
196	214	47
199	214	37
200	214	12
201	214	49
203	214	33
206	214	126
208	214	69
209	214	59
211	214	93
212	214	74
216	214	34
218	214	58
222	214	46
228	214	108
230	214	25
232	214	60
19	213	62
26	213	70
29	213	18
30	213	100
31	213	15
33	213	78
44	213	23
45	213	60
51	213	60
53	213	48
56	213	34
66	213	58
67	213	42
73	213	45
77	213	67
81	213	29
88	213	67
89	213	23
94	213	68
95	213	6
96	213	36
102	213	57
104	213	30
106	213	64
108	213	83
109	213	36
112	213	57
126	213	102
128	213	88
130	213	88
132	213	47
134	213	18
135	213	196
137	213	48
138	213	52
140	213	77
142	213	16
143	213	54
144	213	45
145	213	47
149	213	70
150	213	90
153	213	60
154	213	111
155	213	42
158	213	25
161	213	103
163	213	14
166	213	87
167	213	57
168	213	94
173	213	41
177	213	46
180	213	78
182	213	43
183	213	23
185	213	105
187	213	122
192	213	69
193	213	104
195	213	40
196	213	101
197	213	44
198	213	36
199	213	183
200	213	80
202	213	64
206	213	54
207	213	54
208	213	33
209	213	7
213	213	70
215	213	101
223	213	71
227	213	39
232	213	16
233	213	88
234	213	22
237	213	93
244	213	71
8	212	58
9	212	70
16	212	75
19	212	60
30	212	103
35	212	122
42	212	30
47	212	47
49	212	72
55	212	55
57	212	11
68	212	66
70	212	56
77	212	48
81	212	30
85	212	71
89	212	60
96	212	70
97	212	82
99	212	73
102	212	63
103	212	66
104	212	55
105	212	59
110	212	113
111	212	45
113	212	46
117	212	55
122	212	54
123	212	73
124	212	67
126	212	29
131	212	7
135	212	90
137	212	40
138	212	139
139	212	56
141	212	48
144	212	79
146	212	64
149	212	22
150	212	4
151	212	66
153	212	53
154	212	41
155	212	29
157	212	84
158	212	46
160	212	54
162	212	65
163	212	30
164	212	49
165	212	84
166	212	93
167	212	50
171	212	87
172	212	57
173	212	62
174	212	47
175	212	145
179	212	53
184	212	47
185	212	76
188	212	54
191	212	110
192	212	55
194	212	106
195	212	62
196	212	60
197	212	36
199	212	57
200	212	58
204	212	87
212	212	20
214	212	75
222	212	100
225	212	29
230	212	68
231	212	59
232	212	74
23	211	57
32	211	61
38	211	83
40	211	70
42	211	52
47	211	62
62	211	28
64	211	62
66	211	30
68	211	39
73	211	60
85	211	30
89	211	80
90	211	57
96	211	40
98	211	172
101	211	81
103	211	44
104	211	28
107	211	39
109	211	191
110	211	40
112	211	74
115	211	30
120	211	71
121	211	57
124	211	22
125	211	100
128	211	46
132	211	57
138	211	10
139	211	99
140	211	78
142	211	109
143	211	66
144	211	43
146	211	69
147	211	33
149	211	66
153	211	63
155	211	51
159	211	99
160	211	114
166	211	29
167	211	91
168	211	54
170	211	42
174	211	79
175	211	11
176	211	62
177	211	68
178	211	49
179	211	71
181	211	131
185	211	138
187	211	57
191	211	32
196	211	13
197	211	29
199	211	110
204	211	86
210	211	65
212	211	130
215	211	61
219	211	69
220	211	128
222	211	36
244	211	92
9	210	73
10	210	65
12	210	77
18	210	37
21	210	63
28	210	57
30	210	46
34	210	60
41	210	63
42	210	82
45	210	22
56	210	65
57	210	78
58	210	72
59	210	62
60	210	73
62	210	65
66	210	79
68	210	80
82	210	45
83	210	59
86	210	84
87	210	16
89	210	36
90	210	59
91	210	91
92	210	52
93	210	123
95	210	81
98	210	55
99	210	49
104	210	81
106	210	79
111	210	33
115	210	73
116	210	19
118	210	77
120	210	42
122	210	77
123	210	65
124	210	152
125	210	156
126	210	46
128	210	45
129	210	125
130	210	37
131	210	70
135	210	14
137	210	32
138	210	59
140	210	69
141	210	71
142	210	60
144	210	63
145	210	42
147	210	68
148	210	68
149	210	22
154	210	182
158	210	32
159	210	151
160	210	66
161	210	20
164	210	38
168	210	165
170	210	55
173	210	55
175	210	101
178	210	94
179	210	87
180	210	56
181	210	84
182	210	94
183	210	83
184	210	80
187	210	52
189	210	57
191	210	83
192	210	68
193	210	48
194	210	64
195	210	109
197	210	70
198	210	93
202	210	48
206	210	11
207	210	33
208	210	92
213	210	46
214	210	45
222	210	88
223	210	84
230	210	49
238	210	50
11	209	42
19	209	18
20	209	73
25	209	28
33	209	62
38	209	94
39	209	32
40	209	47
41	209	49
45	209	32
47	209	52
48	209	51
51	209	66
55	209	76
56	209	77
58	209	43
59	209	56
64	209	65
66	209	46
70	209	93
76	209	92
77	209	42
78	209	94
79	209	18
81	209	36
82	209	69
83	209	54
85	209	37
87	209	96
89	209	22
90	209	63
92	209	46
94	209	98
97	209	47
98	209	107
103	209	37
107	209	150
112	209	47
114	209	46
116	209	142
117	209	38
118	209	77
119	209	47
120	209	58
121	209	69
123	209	55
124	209	128
125	209	40
128	209	38
130	209	52
136	209	22
137	209	68
139	209	48
140	209	82
147	209	133
151	209	81
153	209	58
157	209	77
158	209	72
163	209	56
166	209	12
168	209	90
169	209	42
173	209	64
176	209	75
177	209	84
178	209	44
179	209	23
180	209	27
182	209	63
184	209	40
185	209	191
188	209	87
189	209	105
193	209	24
195	209	72
197	209	57
200	209	68
201	209	31
202	209	23
203	209	44
211	209	115
212	209	65
213	209	104
214	209	95
217	209	32
218	209	33
220	209	45
241	209	86
243	209	59
11	208	41
15	208	84
18	208	55
21	208	21
22	208	88
35	208	56
36	208	55
37	208	88
38	208	80
43	208	32
59	208	30
60	208	78
64	208	36
65	208	79
68	208	101
69	208	42
71	208	114
72	208	48
77	208	22
80	208	50
84	208	58
85	208	48
88	208	35
91	208	65
92	208	7
93	208	22
94	208	194
96	208	144
97	208	85
98	208	117
99	208	119
101	208	22
102	208	109
105	208	75
106	208	126
107	208	54
112	208	55
118	208	17
120	208	48
122	208	20
124	208	97
142	208	47
143	208	35
144	208	223
145	208	13
146	208	57
148	208	76
149	208	38
161	208	46
164	208	37
170	208	39
175	208	57
177	208	84
179	208	85
180	208	9
181	208	23
183	208	62
184	208	47
187	208	124
191	208	91
192	208	32
195	208	85
197	208	130
198	208	79
201	208	113
202	208	50
207	208	56
208	208	145
209	208	121
210	208	70
212	208	62
213	208	49
214	208	37
216	208	49
218	208	20
219	208	170
223	208	93
226	208	41
244	208	40
16	207	65
22	207	72
25	207	17
35	207	73
36	207	51
38	207	20
42	207	53
47	207	57
49	207	31
53	207	59
57	207	60
59	207	142
60	207	115
65	207	55
68	207	50
72	207	49
79	207	46
80	207	56
88	207	21
89	207	23
91	207	85
94	207	51
101	207	27
102	207	125
106	207	49
108	207	119
118	207	37
121	207	17
122	207	6
127	207	75
128	207	85
129	207	48
134	207	87
137	207	62
138	207	13
150	207	43
152	207	80
155	207	74
157	207	53
158	207	60
161	207	44
162	207	74
163	207	69
165	207	34
168	207	60
170	207	40
174	207	95
179	207	96
180	207	44
184	207	20
186	207	31
189	207	34
190	207	91
192	207	50
194	207	49
196	207	145
201	207	11
203	207	25
205	207	52
206	207	75
212	207	54
219	207	34
220	207	60
221	207	16
224	207	45
229	207	59
234	207	77
240	207	73
243	207	47
13	206	62
21	206	37
22	206	87
25	206	72
43	206	70
47	206	84
49	206	40
54	206	43
58	206	46
60	206	139
65	206	57
67	206	81
68	206	18
69	206	166
72	206	36
79	206	59
83	206	39
87	206	14
89	206	150
93	206	39
95	206	62
97	206	16
98	206	70
102	206	48
107	206	26
108	206	43
111	206	4
113	206	50
115	206	25
116	206	92
120	206	57
125	206	17
128	206	49
129	206	32
130	206	60
132	206	66
136	206	17
139	206	33
140	206	39
142	206	109
143	206	91
144	206	78
146	206	76
149	206	47
154	206	85
155	206	137
156	206	44
159	206	81
162	206	31
165	206	38
170	206	60
171	206	22
173	206	85
174	206	58
176	206	29
179	206	75
180	206	75
187	206	83
189	206	52
192	206	69
193	206	40
194	206	130
195	206	43
197	206	185
202	206	122
204	206	42
209	206	112
220	206	79
224	206	76
229	206	54
230	206	52
233	206	36
239	206	34
241	206	122
20	205	48
21	205	64
22	205	174
25	205	112
28	205	20
30	205	63
32	205	31
34	205	74
44	205	69
47	205	38
53	205	47
59	205	116
61	205	53
62	205	23
63	205	24
64	205	42
69	205	50
77	205	21
79	205	46
84	205	106
90	205	89
92	205	126
94	205	64
96	205	52
98	205	75
99	205	101
101	205	52
112	205	51
115	205	81
119	205	41
128	205	191
130	205	51
134	205	121
139	205	59
144	205	42
145	205	30
146	205	30
147	205	65
153	205	12
154	205	15
155	205	57
156	205	62
157	205	60
160	205	24
165	205	48
171	205	101
174	205	55
175	205	77
178	205	57
184	205	91
189	205	103
190	205	66
192	205	23
193	205	114
196	205	55
197	205	33
198	205	36
200	205	55
202	205	38
205	205	39
206	205	86
207	205	22
208	205	72
211	205	76
212	205	48
219	205	17
220	205	57
221	205	48
222	205	67
223	205	36
225	205	212
226	205	96
230	205	11
231	205	35
232	205	70
233	205	49
242	205	36
245	205	27
11	204	60
13	204	60
14	204	57
15	204	26
16	204	21
21	204	24
43	204	67
45	204	48
51	204	18
52	204	49
59	204	43
91	204	35
96	204	68
100	204	37
102	204	56
103	204	33
108	204	49
110	204	16
111	204	64
115	204	44
116	204	48
125	204	49
129	204	8
142	204	6
145	204	50
147	204	88
149	204	73
152	204	52
153	204	30
154	204	61
155	204	58
158	204	68
174	204	84
178	204	39
181	204	98
183	204	125
184	204	48
186	204	39
188	204	70
190	204	137
191	204	78
192	204	127
194	204	28
195	204	24
196	204	34
197	204	40
198	204	16
202	204	56
205	204	96
207	204	49
210	204	144
211	204	157
212	204	132
213	204	313
217	204	70
218	204	61
219	204	82
221	204	33
222	204	26
227	204	72
230	204	78
232	204	77
13	203	104
22	203	77
29	203	56
30	203	74
36	203	41
39	203	38
41	203	55
42	203	45
53	203	79
54	203	25
55	203	38
90	203	60
91	203	48
94	203	40
96	203	53
97	203	51
103	203	43
110	203	67
113	203	71
114	203	44
115	203	90
122	203	68
123	203	23
124	203	40
129	203	46
130	203	66
133	203	19
137	203	27
139	203	99
141	203	33
142	203	97
145	203	103
148	203	49
149	203	27
150	203	78
151	203	79
152	203	88
159	203	55
160	203	49
163	203	44
164	203	25
165	203	79
166	203	52
167	203	43
173	203	51
176	203	63
182	203	79
183	203	107
184	203	24
186	203	69
188	203	139
189	203	64
190	203	166
191	203	15
193	203	70
195	203	67
196	203	24
197	203	89
198	203	107
200	203	46
201	203	49
202	203	74
205	203	81
209	203	23
210	203	71
211	203	59
213	203	32
220	203	34
223	203	87
226	203	69
227	203	67
232	203	78
240	203	67
246	203	26
247	203	106
12	202	60
26	202	92
35	202	39
36	202	49
40	202	49
43	202	91
45	202	45
47	202	28
48	202	32
51	202	52
55	202	32
60	202	63
61	202	35
64	202	119
89	202	52
92	202	95
95	202	38
99	202	48
113	202	22
129	202	93
132	202	48
140	202	52
146	202	63
148	202	65
150	202	43
151	202	11
152	202	34
153	202	29
154	202	41
159	202	24
160	202	36
161	202	49
166	202	132
169	202	34
173	202	61
174	202	75
175	202	59
179	202	18
183	202	40
186	202	94
188	202	59
189	202	147
190	202	6
191	202	49
192	202	47
196	202	117
198	202	27
201	202	45
206	202	59
207	202	122
208	202	74
210	202	58
214	202	61
215	202	123
216	202	121
218	202	43
219	202	35
220	202	59
222	202	44
223	202	68
234	202	20
236	202	77
15	201	82
26	201	57
38	201	59
47	201	27
59	201	98
63	201	65
65	201	66
69	201	64
81	201	61
83	201	41
85	201	110
86	201	40
88	201	74
98	201	72
99	201	41
113	201	62
115	201	21
116	201	45
117	201	113
118	201	37
127	201	73
132	201	61
137	201	79
139	201	32
140	201	28
142	201	77
145	201	75
146	201	28
150	201	45
152	201	58
153	201	68
154	201	45
156	201	3
158	201	56
159	201	57
161	201	26
166	201	84
167	201	63
169	201	25
170	201	36
173	201	90
177	201	48
179	201	101
180	201	77
181	201	70
184	201	65
186	201	98
187	201	34
188	201	58
192	201	194
194	201	21
195	201	70
198	201	31
199	201	68
206	201	67
207	201	37
208	201	101
209	201	99
210	201	162
211	201	59
216	201	56
219	201	84
220	201	20
221	201	43
232	201	30
10	200	48
12	200	75
16	200	54
19	200	80
20	200	47
28	200	69
31	200	32
32	200	52
34	200	64
38	200	78
39	200	20
41	200	41
42	200	63
43	200	48
45	200	197
62	200	43
64	200	39
80	200	26
86	200	68
89	200	30
95	200	70
97	200	48
98	200	131
99	200	75
101	200	136
102	200	79
106	200	46
114	200	79
118	200	96
120	200	49
131	200	67
135	200	23
136	200	17
138	200	38
144	200	134
145	200	60
147	200	13
148	200	42
150	200	35
151	200	43
152	200	74
154	200	67
155	200	44
156	200	70
158	200	75
161	200	100
164	200	48
167	200	88
173	200	142
174	200	32
178	200	41
181	200	48
184	200	102
185	200	26
189	200	18
190	200	43
192	200	24
197	200	45
198	200	82
199	200	77
203	200	98
205	200	119
206	200	79
208	200	43
210	200	32
212	200	179
214	200	22
215	200	86
216	200	63
217	200	74
218	200	48
221	200	41
228	200	35
230	200	51
233	200	78
234	200	22
236	200	51
22	199	53
23	199	80
25	199	22
29	199	23
32	199	31
40	199	28
41	199	52
42	199	32
43	199	115
47	199	96
49	199	71
65	199	71
70	199	71
78	199	62
87	199	76
89	199	21
91	199	35
94	199	40
99	199	49
102	199	19
106	199	64
110	199	15
113	199	53
114	199	49
117	199	35
118	199	34
119	199	57
120	199	48
123	199	116
131	199	21
134	199	96
135	199	56
141	199	51
142	199	105
144	199	125
145	199	51
146	199	54
147	199	98
151	199	65
153	199	60
154	199	72
157	199	17
158	199	41
161	199	46
162	199	21
165	199	74
169	199	38
170	199	74
171	199	47
177	199	37
181	199	49
183	199	52
185	199	75
193	199	46
194	199	45
203	199	68
204	199	131
205	199	16
206	199	110
208	199	46
211	199	95
213	199	46
214	199	128
215	199	131
216	199	93
217	199	95
218	199	56
221	199	71
222	199	104
225	199	30
228	199	59
229	199	48
232	199	34
235	199	16
236	199	11
21	198	34
31	198	53
32	198	47
39	198	127
42	198	34
43	198	110
44	198	39
58	198	72
64	198	40
80	198	38
82	198	120
83	198	30
87	198	61
105	198	40
112	198	18
114	198	73
119	198	19
120	198	23
121	198	80
126	198	32
128	198	115
132	198	39
134	198	156
141	198	66
142	198	81
145	198	43
148	198	104
149	198	53
152	198	51
153	198	59
156	198	38
162	198	15
163	198	44
164	198	49
166	198	37
167	198	14
168	198	112
178	198	91
180	198	59
181	198	66
183	198	36
184	198	75
185	198	49
187	198	53
190	198	43
191	198	34
193	198	57
194	198	19
195	198	118
196	198	107
197	198	125
198	198	74
199	198	99
200	198	58
202	198	57
203	198	124
204	198	60
207	198	41
209	198	64
213	198	60
215	198	78
216	198	121
217	198	53
218	198	39
222	198	180
223	198	51
228	198	30
229	198	63
236	198	111
243	198	76
245	198	56
12	197	111
14	197	80
15	197	85
23	197	71
27	197	12
28	197	55
32	197	67
38	197	148
39	197	175
40	197	88
42	197	60
43	197	113
46	197	137
47	197	41
52	197	50
53	197	36
58	197	36
67	197	28
69	197	49
83	197	39
90	197	81
91	197	21
100	197	91
107	197	65
110	197	25
116	197	50
118	197	32
119	197	48
120	197	69
121	197	46
122	197	44
124	197	63
140	197	65
141	197	80
148	197	17
158	197	54
164	197	141
167	197	72
171	197	21
176	197	56
183	197	65
185	197	40
186	197	57
187	197	60
190	197	93
191	197	78
193	197	64
195	197	59
196	197	63
197	197	82
198	197	29
201	197	49
203	197	81
204	197	160
205	197	102
206	197	108
208	197	17
215	197	29
216	197	57
218	197	69
221	197	41
222	197	34
223	197	73
224	197	121
227	197	34
233	197	37
238	197	115
240	197	68
19	196	89
20	196	97
21	196	13
22	196	89
25	196	26
26	196	65
32	196	98
37	196	20
38	196	74
40	196	25
41	196	214
46	196	71
56	196	64
61	196	40
69	196	58
77	196	64
84	196	40
86	196	68
90	196	110
107	196	69
111	196	65
114	196	75
117	196	45
118	196	103
122	196	40
123	196	65
124	196	92
129	196	84
135	196	49
140	196	46
145	196	70
146	196	39
148	196	102
150	196	15
154	196	99
161	196	35
163	196	69
165	196	22
166	196	68
167	196	79
176	196	32
178	196	52
179	196	71
180	196	38
183	196	46
188	196	38
191	196	72
193	196	93
194	196	68
197	196	144
198	196	189
199	196	156
200	196	21
201	196	131
202	196	25
203	196	52
204	196	66
206	196	133
207	196	61
209	196	71
210	196	121
214	196	29
215	196	42
216	196	81
217	196	52
218	196	19
219	196	169
220	196	111
223	196	67
224	196	51
227	196	80
228	196	135
232	196	32
233	196	61
236	196	45
241	196	74
243	196	65
18	195	59
19	195	94
20	195	98
21	195	66
22	195	12
23	195	46
31	195	32
33	195	70
34	195	54
36	195	48
37	195	59
38	195	19
40	195	101
41	195	127
49	195	20
52	195	45
54	195	57
55	195	68
68	195	25
75	195	49
77	195	85
84	195	84
85	195	14
92	195	56
103	195	36
107	195	29
112	195	94
121	195	54
122	195	29
128	195	50
135	195	17
136	195	81
139	195	46
142	195	73
145	195	65
147	195	75
164	195	78
167	195	43
170	195	83
174	195	20
175	195	115
176	195	37
188	195	115
189	195	26
191	195	70
192	195	120
194	195	44
197	195	22
198	195	55
202	195	41
203	195	44
204	195	66
205	195	124
206	195	42
208	195	61
209	195	11
210	195	145
218	195	56
221	195	102
223	195	56
225	195	76
227	195	162
228	195	61
229	195	41
230	195	71
232	195	113
233	195	82
234	195	63
235	195	92
237	195	78
241	195	51
18	194	42
19	194	91
20	194	106
23	194	24
30	194	76
31	194	77
32	194	25
35	194	29
36	194	44
38	194	67
47	194	64
48	194	54
51	194	69
55	194	24
60	194	67
83	194	64
87	194	59
89	194	34
90	194	74
93	194	61
95	194	53
103	194	103
106	194	57
111	194	26
120	194	136
122	194	71
133	194	39
136	194	103
140	194	61
141	194	57
143	194	51
145	194	52
146	194	85
152	194	101
153	194	150
154	194	27
157	194	33
158	194	60
162	194	68
163	194	127
164	194	24
169	194	80
176	194	52
178	194	41
179	194	38
181	194	38
186	194	48
190	194	84
192	194	70
197	194	180
199	194	135
200	194	239
202	194	109
203	194	147
204	194	102
205	194	183
207	194	28
208	194	43
209	194	125
210	194	98
211	194	92
213	194	40
214	194	80
215	194	49
216	194	52
217	194	56
219	194	105
222	194	37
225	194	48
228	194	7
229	194	31
230	194	47
232	194	112
239	194	60
8	193	36
12	193	28
28	193	56
38	193	58
39	193	73
49	193	33
54	193	52
56	193	48
57	193	57
59	193	83
65	193	49
66	193	54
71	193	30
78	193	32
82	193	78
86	193	31
87	193	43
88	193	58
92	193	38
100	193	124
104	193	34
106	193	27
108	193	47
116	193	81
120	193	45
124	193	88
129	193	41
134	193	58
137	193	46
140	193	40
143	193	60
147	193	43
155	193	51
156	193	58
158	193	48
163	193	142
164	193	29
165	193	48
170	193	21
174	193	65
180	193	31
181	193	69
189	193	53
191	193	81
194	193	93
195	193	96
199	193	143
200	193	181
202	193	163
203	193	190
204	193	160
205	193	54
206	193	22
207	193	250
209	193	120
210	193	108
213	193	222
222	193	87
224	193	61
225	193	60
227	193	26
228	193	34
229	193	38
12	192	10
16	192	80
17	192	41
19	192	33
23	192	30
25	192	82
30	192	28
33	192	81
35	192	37
37	192	41
41	192	61
51	192	142
52	192	85
53	192	56
54	192	42
56	192	62
57	192	39
77	192	51
93	192	82
99	192	7
100	192	58
106	192	36
107	192	18
108	192	45
109	192	51
110	192	60
116	192	54
121	192	33
130	192	29
133	192	82
134	192	22
135	192	144
137	192	63
141	192	48
146	192	62
147	192	55
149	192	58
151	192	45
153	192	62
158	192	68
159	192	7
163	192	27
164	192	119
165	192	65
172	192	39
173	192	59
180	192	57
187	192	108
189	192	52
192	192	56
195	192	90
196	192	73
197	192	305
198	192	72
199	192	65
200	192	87
201	192	142
202	192	50
203	192	57
204	192	107
205	192	122
207	192	100
208	192	115
209	192	137
210	192	98
211	192	60
212	192	159
215	192	30
220	192	62
221	192	153
223	192	59
236	192	106
241	192	54
11	191	56
15	191	58
17	191	56
20	191	39
23	191	87
24	191	84
25	191	56
27	191	75
28	191	56
31	191	38
32	191	86
36	191	56
41	191	80
49	191	58
51	191	82
55	191	20
63	191	70
74	191	26
77	191	40
78	191	57
80	191	47
86	191	24
89	191	51
100	191	75
115	191	87
119	191	44
120	191	41
123	191	23
124	191	155
128	191	66
134	191	54
137	191	83
146	191	67
148	191	82
153	191	26
154	191	50
160	191	48
161	191	58
165	191	50
166	191	24
168	191	50
170	191	58
174	191	21
175	191	49
184	191	47
186	191	78
187	191	45
188	191	93
189	191	21
190	191	34
193	191	157
197	191	53
199	191	90
200	191	78
201	191	73
202	191	88
204	191	171
205	191	84
206	191	146
207	191	33
208	191	122
209	191	87
211	191	50
213	191	74
214	191	17
215	191	90
216	191	113
218	191	91
221	191	34
224	191	72
226	191	41
227	191	38
230	191	57
234	191	89
235	191	66
239	191	22
240	191	70
19	190	52
20	190	50
22	190	28
25	190	77
26	190	68
30	190	120
35	190	77
37	190	26
38	190	55
39	190	45
40	190	104
46	190	67
47	190	52
49	190	72
55	190	79
57	190	54
60	190	44
63	190	41
67	190	65
73	190	49
75	190	19
76	190	86
77	190	62
112	190	55
114	190	73
115	190	75
118	190	81
124	190	63
125	190	23
126	190	69
128	190	52
130	190	47
132	190	32
136	190	40
137	190	64
138	190	34
144	190	19
148	190	60
149	190	80
151	190	92
152	190	106
154	190	60
158	190	63
159	190	83
167	190	67
169	190	67
174	190	60
175	190	33
179	190	26
185	190	69
189	190	21
190	190	57
193	190	52
194	190	40
195	190	90
196	190	103
198	190	109
199	190	123
200	190	54
201	190	206
202	190	73
203	190	54
204	190	133
205	190	86
206	190	112
208	190	78
209	190	63
210	190	70
212	190	85
214	190	38
215	190	164
222	190	21
223	190	85
227	190	176
228	190	142
238	190	62
243	190	47
10	189	30
12	189	18
15	189	45
20	189	48
21	189	69
22	189	125
23	189	73
24	189	35
25	189	77
26	189	70
27	189	90
28	189	103
29	189	56
30	189	51
33	189	63
34	189	30
35	189	94
37	189	39
39	189	93
40	189	54
42	189	208
43	189	93
46	189	26
47	189	42
49	189	48
55	189	70
57	189	75
60	189	100
64	189	69
75	189	74
86	189	42
88	189	59
97	189	45
106	189	50
114	189	89
118	189	18
123	189	19
125	189	68
128	189	111
130	189	62
133	189	125
134	189	91
138	189	42
142	189	69
153	189	59
160	189	42
161	189	71
162	189	94
163	189	136
164	189	61
168	189	33
174	189	44
175	189	52
176	189	24
178	189	68
183	189	46
185	189	90
188	189	87
189	189	36
193	189	99
196	189	46
197	189	57
198	189	32
199	189	97
200	189	37
203	189	69
204	189	41
205	189	37
206	189	80
207	189	159
208	189	187
209	189	104
210	189	21
218	189	44
219	189	49
223	189	59
225	189	53
226	189	125
231	189	33
234	189	52
235	189	29
22	188	59
23	188	97
25	188	61
28	188	110
33	188	50
35	188	33
37	188	53
40	188	59
43	188	49
45	188	47
49	188	34
52	188	52
55	188	20
57	188	51
61	188	33
64	188	94
70	188	62
76	188	41
77	188	54
85	188	101
91	188	31
95	188	116
96	188	24
99	188	78
107	188	36
112	188	69
115	188	51
120	188	77
121	188	53
122	188	48
123	188	74
124	188	21
125	188	106
127	188	10
128	188	55
129	188	59
130	188	47
147	188	31
149	188	51
153	188	19
156	188	54
159	188	11
160	188	74
161	188	36
164	188	71
170	188	39
171	188	36
183	188	69
187	188	144
195	188	57
196	188	66
197	188	41
199	188	77
200	188	126
202	188	50
203	188	122
204	188	206
206	188	134
207	188	69
208	188	157
209	188	16
211	188	74
212	188	120
215	188	74
223	188	40
226	188	77
230	188	127
233	188	94
234	188	30
240	188	39
245	188	21
16	187	25
17	187	65
19	187	56
20	187	61
23	187	124
24	187	120
25	187	46
26	187	26
28	187	169
29	187	100
32	187	60
33	187	83
34	187	150
35	187	83
37	187	53
38	187	57
39	187	25
42	187	74
43	187	38
45	187	38
46	187	22
47	187	136
49	187	115
53	187	77
57	187	29
60	187	56
70	187	23
82	187	46
87	187	53
91	187	4
96	187	88
102	187	42
105	187	87
107	187	66
108	187	74
109	187	15
116	187	65
120	187	55
121	187	87
122	187	92
123	187	142
125	187	51
126	187	82
128	187	45
129	187	58
141	187	81
120	245	80
78	244	37
85	244	80
87	244	29
100	244	15
101	244	60
109	244	53
113	244	65
145	244	57
146	244	84
168	244	25
180	244	32
50	243	49
54	243	33
79	243	65
81	243	13
86	243	81
90	243	43
92	243	60
94	243	75
96	243	106
101	243	38
105	243	28
107	243	61
112	243	95
115	243	52
128	243	41
129	243	77
134	243	75
139	243	23
163	243	77
176	243	44
177	243	60
185	243	47
186	243	67
198	243	37
204	243	70
30	242	58
40	242	64
55	242	25
62	242	39
64	242	68
65	242	57
66	242	54
75	242	15
82	242	25
91	242	66
94	242	48
96	242	62
100	242	34
106	242	57
108	242	63
118	242	42
119	242	21
122	242	118
123	242	40
125	242	123
129	242	39
148	242	46
179	242	103
187	242	24
192	242	49
197	242	70
199	242	65
200	242	10
203	242	74
62	241	43
65	241	51
67	241	38
71	241	80
74	241	38
83	241	56
86	241	77
87	241	146
88	241	55
90	241	63
94	241	76
95	241	91
96	241	46
97	241	95
98	241	102
100	241	48
103	241	68
105	241	23
109	241	44
118	241	65
120	241	57
123	241	9
130	241	61
133	241	66
134	241	87
140	241	45
144	241	67
153	241	34
154	241	21
155	241	70
186	241	49
191	241	150
199	241	23
44	240	38
48	240	49
52	240	70
60	240	40
62	240	71
64	240	67
66	240	58
69	240	52
70	240	73
73	240	42
85	240	99
88	240	56
92	240	72
93	240	32
95	240	85
97	240	18
100	240	61
101	240	51
104	240	151
106	240	69
108	240	105
110	240	171
111	240	42
112	240	137
113	240	46
114	240	85
115	240	33
116	240	44
117	240	21
120	240	52
122	240	105
128	240	45
139	240	79
141	240	65
147	240	18
148	240	134
151	240	38
152	240	36
165	240	37
169	240	88
175	240	11
188	240	68
191	240	133
213	240	72
215	240	50
230	240	46
43	239	33
45	239	43
63	239	28
67	239	32
69	239	27
70	239	109
72	239	59
77	239	68
78	239	134
83	239	90
87	239	152
88	239	164
90	239	31
91	239	40
92	239	27
93	239	102
94	239	70
98	239	57
99	239	178
100	239	47
101	239	41
104	239	56
105	239	89
109	239	29
110	239	26
112	239	54
113	239	87
114	239	71
118	239	18
119	239	91
122	239	41
124	239	69
128	239	67
129	239	24
132	239	92
133	239	39
134	239	71
145	239	61
147	239	49
157	239	35
163	239	56
167	239	50
171	239	33
180	239	52
181	239	85
182	239	38
188	239	17
193	239	38
194	239	65
196	239	52
206	239	49
209	239	61
212	239	68
216	239	57
220	239	33
223	239	43
24	238	51
46	238	87
48	238	60
50	238	56
55	238	40
58	238	30
59	238	56
63	238	47
66	238	44
68	238	80
69	238	24
71	238	73
75	238	42
76	238	23
79	238	30
80	238	93
82	238	52
83	238	36
84	238	73
85	238	47
87	238	130
88	238	148
91	238	51
95	238	43
97	238	144
98	238	70
99	238	90
100	238	43
102	238	13
103	238	16
104	238	123
105	238	47
107	238	51
110	238	60
111	238	100
113	238	115
114	238	92
115	238	73
116	238	234
118	238	65
119	238	93
120	238	143
121	238	27
122	238	64
123	238	31
127	238	110
128	238	45
130	238	28
133	238	19
137	238	57
139	238	48
149	238	51
159	238	79
171	238	57
178	238	62
183	238	55
189	238	76
190	238	26
196	238	31
197	238	66
206	238	11
212	238	117
216	238	58
217	238	18
227	238	66
25	237	58
30	237	11
34	237	86
54	237	45
55	237	48
57	237	114
59	237	33
60	237	60
63	237	53
68	237	15
71	237	63
72	237	39
73	237	62
74	237	60
76	237	75
77	237	46
78	237	34
79	237	39
80	237	80
82	237	86
83	237	23
86	237	133
88	237	53
92	237	85
93	237	77
96	237	55
99	237	144
100	237	151
101	237	56
104	237	96
105	237	70
111	237	55
112	237	39
113	237	92
114	237	112
115	237	122
116	237	141
118	237	137
119	237	68
120	237	94
123	237	45
127	237	53
129	237	28
136	237	84
138	237	83
150	237	95
151	237	46
155	237	43
159	237	60
160	237	58
161	237	87
164	237	49
179	237	63
185	237	12
194	237	47
195	237	48
197	237	163
200	237	52
206	237	71
208	237	75
210	237	80
214	237	59
231	237	63
30	236	56
35	236	68
52	236	58
54	236	63
59	236	34
66	236	24
67	236	92
68	236	33
70	236	140
71	236	40
73	236	103
76	236	206
77	236	53
78	236	49
79	236	125
80	236	105
81	236	205
84	236	73
85	236	14
86	236	80
87	236	161
88	236	118
89	236	113
90	236	54
91	236	70
93	236	50
94	236	94
95	236	100
96	236	219
97	236	53
98	236	48
101	236	150
102	236	205
103	236	51
105	236	36
110	236	37
114	236	51
115	236	90
116	236	67
119	236	64
120	236	81
121	236	92
122	236	50
127	236	60
129	236	41
130	236	26
134	236	25
137	236	36
143	236	37
156	236	109
157	236	44
160	236	54
168	236	13
171	236	60
175	236	67
176	236	18
177	236	59
192	236	62
194	236	39
196	236	52
201	236	30
202	236	49
210	236	62
218	236	19
34	235	40
51	235	113
55	235	33
62	235	47
68	235	87
70	235	67
76	235	75
78	235	5
82	235	173
84	235	41
88	235	138
89	235	36
90	235	35
91	235	42
92	235	47
93	235	58
94	235	175
95	235	79
97	235	54
98	235	32
99	235	137
100	235	125
104	235	53
105	235	39
107	235	49
109	235	41
114	235	73
115	235	85
116	235	71
119	235	48
121	235	82
123	235	68
124	235	70
125	235	76
126	235	51
127	235	78
128	235	27
129	235	73
131	235	93
138	235	26
140	235	53
143	235	12
146	235	35
153	235	158
155	235	74
165	235	21
167	235	5
176	235	29
178	235	38
179	235	60
183	235	46
185	235	34
186	235	78
196	235	62
199	235	59
201	235	37
202	235	16
204	235	50
205	235	43
210	235	22
216	235	58
218	235	45
219	235	12
225	235	40
35	234	40
45	234	44
48	234	26
52	234	51
54	234	110
58	234	60
60	234	25
63	234	66
66	234	53
71	234	54
76	234	170
79	234	38
80	234	89
83	234	41
84	234	112
86	234	51
87	234	96
89	234	50
90	234	97
91	234	69
94	234	12
95	234	36
96	234	79
97	234	123
100	234	49
103	234	63
104	234	160
105	234	20
106	234	49
107	234	54
108	234	48
110	234	180
112	234	108
113	234	39
114	234	130
115	234	95
117	234	21
118	234	66
123	234	52
125	234	105
126	234	51
129	234	85
138	234	66
143	234	154
146	234	54
149	234	69
164	234	59
174	234	95
177	234	57
178	234	51
181	234	45
187	234	27
188	234	51
190	234	36
194	234	23
195	234	44
196	234	60
199	234	59
200	234	68
202	234	122
203	234	31
205	234	97
209	234	79
216	234	70
217	234	45
221	234	51
27	233	71
40	233	73
42	233	22
54	233	26
60	233	51
62	233	57
65	233	62
66	233	45
72	233	95
73	233	86
76	233	46
78	233	80
80	233	82
81	233	74
82	233	56
83	233	18
84	233	43
85	233	45
86	233	33
87	233	84
89	233	98
90	233	33
91	233	182
92	233	141
93	233	157
96	233	39
97	233	78
98	233	141
99	233	76
100	233	53
102	233	38
103	233	87
104	233	67
107	233	22
109	233	24
110	233	76
111	233	74
112	233	36
113	233	86
114	233	21
115	233	51
119	233	51
120	233	52
122	233	44
125	233	45
128	233	22
130	233	53
131	233	48
132	233	189
134	233	33
137	233	143
142	233	55
144	233	61
145	233	23
146	233	23
147	233	88
148	233	76
149	233	82
153	233	67
162	233	71
163	233	62
164	233	94
185	233	98
186	233	47
189	233	36
190	233	16
191	233	61
192	233	37
193	233	25
203	233	28
206	233	81
223	233	33
37	232	76
43	232	47
44	232	37
45	232	49
50	232	50
53	232	46
56	232	59
59	232	30
60	232	40
68	232	13
69	232	59
71	232	38
75	232	41
77	232	70
79	232	44
80	232	56
82	232	126
84	232	157
87	232	57
89	232	58
90	232	70
91	232	137
93	232	21
94	232	40
95	232	66
97	232	52
98	232	48
99	232	51
100	232	115
102	232	58
103	232	77
105	232	61
107	232	33
108	232	41
109	232	149
110	232	32
111	232	28
112	232	27
113	232	105
114	232	101
115	232	33
118	232	42
120	232	27
126	232	51
129	232	75
131	232	75
134	232	45
136	232	31
140	232	45
142	232	53
143	232	54
144	232	14
145	232	32
149	232	30
153	232	134
160	232	65
168	232	42
180	232	34
183	232	63
187	232	52
188	232	66
190	232	95
191	232	43
195	232	125
196	232	46
197	232	77
198	232	57
202	232	82
203	232	87
204	232	92
206	232	25
207	232	36
211	232	71
224	232	249
33	231	63
40	231	56
41	231	46
42	231	75
43	231	31
52	231	46
56	231	50
58	231	32
60	231	18
62	231	158
63	231	38
64	231	33
65	231	12
66	231	79
72	231	67
73	231	46
75	231	102
76	231	143
78	231	39
80	231	50
81	231	31
82	231	128
86	231	73
88	231	48
89	231	69
91	231	79
93	231	104
96	231	134
97	231	38
101	231	52
102	231	99
103	231	96
106	231	70
107	231	81
108	231	179
110	231	74
111	231	42
113	231	80
119	231	34
121	231	75
122	231	38
127	231	32
129	231	54
131	231	36
134	231	68
136	231	63
138	231	236
141	231	93
142	231	67
143	231	87
144	231	106
145	231	64
151	231	56
152	231	70
153	231	43
156	231	43
172	231	51
173	231	49
179	231	79
184	231	42
185	231	16
186	231	47
188	231	32
190	231	62
191	231	42
199	231	49
205	231	87
206	231	128
213	231	83
218	231	64
224	231	25
227	231	134
228	231	64
9	230	45
33	230	22
35	230	24
38	230	38
43	230	89
44	230	21
54	230	38
56	230	44
57	230	25
63	230	73
64	230	52
73	230	94
74	230	161
75	230	63
76	230	65
77	230	30
79	230	35
80	230	54
81	230	49
83	230	79
86	230	100
87	230	44
88	230	22
89	230	215
91	230	167
92	230	36
94	230	160
96	230	133
97	230	105
98	230	79
102	230	25
103	230	34
104	230	140
105	230	107
106	230	41
108	230	28
109	230	101
110	230	164
111	230	67
112	230	193
113	230	84
114	230	47
115	230	100
119	230	64
121	230	53
122	230	85
126	230	58
128	230	76
131	230	47
132	230	88
133	230	148
134	230	19
135	230	56
136	230	67
138	230	131
142	230	77
143	230	57
144	230	51
145	230	60
146	230	147
148	230	25
155	230	40
156	230	78
158	230	52
167	230	46
171	230	54
179	230	34
185	230	100
186	230	47
188	230	26
196	230	85
197	230	54
199	230	47
202	230	100
203	230	72
206	230	87
207	230	16
209	230	41
210	230	65
228	230	80
231	230	85
32	229	72
34	229	32
37	229	60
38	229	71
41	229	59
48	229	47
49	229	90
51	229	84
56	229	109
59	229	67
62	229	62
63	229	161
65	229	18
69	229	78
70	229	101
72	229	117
73	229	41
76	229	60
78	229	52
79	229	90
80	229	46
82	229	12
84	229	13
85	229	149
86	229	29
87	229	55
91	229	30
92	229	145
93	229	95
94	229	81
95	229	59
96	229	80
97	229	71
98	229	38
100	229	103
101	229	18
102	229	18
103	229	19
104	229	207
105	229	60
106	229	75
108	229	31
109	229	69
110	229	22
112	229	122
115	229	57
116	229	131
117	229	52
118	229	58
119	229	39
122	229	36
123	229	169
124	229	87
125	229	76
126	229	54
127	229	77
128	229	70
130	229	39
132	229	25
133	229	15
137	229	100
138	229	70
140	229	46
147	229	28
150	229	51
152	229	60
154	229	68
157	229	51
161	229	25
164	229	38
169	229	105
174	229	76
179	229	87
181	229	25
182	229	32
190	229	74
193	229	49
194	229	57
195	229	66
205	229	87
206	229	97
207	229	27
213	229	35
217	229	62
224	229	83
232	229	66
10	228	33
27	228	48
43	228	42
45	228	24
48	228	65
50	228	31
51	228	37
52	228	82
55	228	40
56	228	61
63	228	30
67	228	33
71	228	120
74	228	71
76	228	22
78	228	93
79	228	63
80	228	62
81	228	89
82	228	56
83	228	122
85	228	16
87	228	149
88	228	41
92	228	45
93	228	9
94	228	17
98	228	102
99	228	112
102	228	46
104	228	48
105	228	49
106	228	67
110	228	24
111	228	45
113	228	125
114	228	52
115	228	86
117	228	23
118	228	180
119	228	64
121	228	51
122	228	27
123	228	38
125	228	65
127	228	72
133	228	60
135	228	43
140	228	52
144	228	53
148	228	60
149	228	40
150	228	20
153	228	46
154	228	87
157	228	91
160	228	45
164	228	52
169	228	65
171	228	77
172	228	15
175	228	29
180	228	65
188	228	77
193	228	91
195	228	106
196	228	73
198	228	59
201	228	43
204	228	52
207	228	119
208	228	95
216	228	49
223	228	73
233	228	41
30	227	54
34	227	33
39	227	85
44	227	65
47	227	41
53	227	72
57	227	43
60	227	41
62	227	101
64	227	75
67	227	12
68	227	35
70	227	38
74	227	93
76	227	84
78	227	24
79	227	12
81	227	48
82	227	135
83	227	137
84	227	147
86	227	141
87	227	101
89	227	27
90	227	43
91	227	22
92	227	161
93	227	115
97	227	43
98	227	95
99	227	106
100	227	107
102	227	17
103	227	282
106	227	43
109	227	54
111	227	65
112	227	26
115	227	61
116	227	32
117	227	35
119	227	71
123	227	109
124	227	72
125	227	128
127	227	88
129	227	39
132	227	40
134	227	103
138	227	65
139	227	91
142	227	68
143	227	60
147	227	48
150	227	205
151	227	51
154	227	78
162	227	28
163	227	70
166	227	56
167	227	39
168	227	33
170	227	25
174	227	42
177	227	64
179	227	13
182	227	48
187	227	127
191	227	65
193	227	50
196	227	101
201	227	83
202	227	20
203	227	49
214	227	145
217	227	76
234	227	53
238	227	9
36	226	46
43	226	59
44	226	106
49	226	71
50	226	35
55	226	50
59	226	39
61	226	60
62	226	75
65	226	54
68	226	59
71	226	58
74	226	86
76	226	32
77	226	65
78	226	38
79	226	190
80	226	80
81	226	62
83	226	27
84	226	130
87	226	156
91	226	44
92	226	104
93	226	47
94	226	75
96	226	68
97	226	66
99	226	57
100	226	95
101	226	97
102	226	44
106	226	64
108	226	108
110	226	57
111	226	120
112	226	25
115	226	50
118	226	15
119	226	34
121	226	124
122	226	44
124	226	19
126	226	70
127	226	39
129	226	29
132	226	23
136	226	119
139	226	51
145	226	94
146	226	11
151	226	21
156	226	27
159	226	56
162	226	64
165	226	50
167	226	66
174	226	39
178	226	68
180	226	49
181	226	122
186	226	25
187	226	29
188	226	55
189	226	29
193	226	84
195	226	66
201	226	39
203	226	139
207	226	51
209	226	78
210	226	78
212	226	127
213	226	50
214	226	77
220	226	23
225	226	59
237	226	28
29	225	19
30	225	61
42	225	91
43	225	51
50	225	37
53	225	79
55	225	30
56	225	64
60	225	50
61	225	44
66	225	55
67	225	52
69	225	175
70	225	90
73	225	51
76	225	39
77	225	120
80	225	28
83	225	102
84	225	59
86	225	110
88	225	99
91	225	146
94	225	117
100	225	29
101	225	65
110	225	33
111	225	68
114	225	79
115	225	18
116	225	81
120	225	83
121	225	76
122	225	78
123	225	44
125	225	45
126	225	79
130	225	37
132	225	59
135	225	114
137	225	31
139	225	130
140	225	38
141	225	50
144	225	100
146	225	59
148	225	121
149	225	47
151	225	58
154	225	53
155	225	127
157	225	54
158	225	41
161	225	54
168	225	11
170	225	101
171	225	49
175	225	56
180	225	34
181	225	37
183	225	36
184	225	43
187	225	82
188	225	36
189	225	19
191	225	94
192	225	59
194	225	72
195	225	39
197	225	93
199	225	134
205	225	41
212	225	30
214	225	25
218	225	28
222	225	37
223	225	15
228	225	34
231	225	21
235	225	61
238	225	79
16	224	23
22	224	6
27	224	37
28	224	29
31	224	31
34	224	75
48	224	56
52	224	56
53	224	42
54	224	67
55	224	26
61	224	44
64	224	92
66	224	68
69	224	34
71	224	80
72	224	34
73	224	26
75	224	43
76	224	63
77	224	103
79	224	84
80	224	13
86	224	54
88	224	50
89	224	69
90	224	108
92	224	62
93	224	38
94	224	107
95	224	83
96	224	15
98	224	47
100	224	74
101	224	54
103	224	67
104	224	83
108	224	15
109	224	210
110	224	125
111	224	119
114	224	116
115	224	47
118	224	70
119	224	134
120	224	59
126	224	57
130	224	105
133	224	91
142	224	77
143	224	45
144	224	39
148	224	40
149	224	61
155	224	75
157	224	58
159	224	120
160	224	20
165	224	88
166	224	55
167	224	84
172	224	66
174	224	13
179	224	59
181	224	36
182	224	58
183	224	107
186	224	50
189	224	110
197	224	48
202	224	87
204	224	123
206	224	80
209	224	34
210	224	45
215	224	93
216	224	100
221	224	104
19	223	26
29	223	21
38	223	22
56	223	36
57	223	27
62	223	21
64	223	53
65	223	44
70	223	112
73	223	85
77	223	37
78	223	47
80	223	71
82	223	48
83	223	63
84	223	54
85	223	60
88	223	64
89	223	78
90	223	75
93	223	45
95	223	89
99	223	45
101	223	35
102	223	100
103	223	43
104	223	31
105	223	16
106	223	85
108	223	38
109	223	47
110	223	27
111	223	60
112	223	42
114	223	34
116	223	101
117	223	109
118	223	82
119	223	47
125	223	41
126	223	130
127	223	124
138	223	52
141	223	41
144	223	79
146	223	28
147	223	53
149	223	23
151	223	54
157	223	71
160	223	41
162	223	34
165	223	54
166	223	71
168	223	38
171	223	51
172	223	81
178	223	60
179	223	55
182	223	30
183	223	51
184	223	67
186	223	22
189	223	33
195	223	50
196	223	33
197	223	178
202	223	48
204	223	168
209	223	45
217	223	17
223	223	83
225	223	35
226	223	85
227	223	67
235	223	65
35	222	84
39	222	60
43	222	62
47	222	107
59	222	47
61	222	93
64	222	76
65	222	52
66	222	55
67	222	42
70	222	7
73	222	74
81	222	38
84	222	74
88	222	86
89	222	64
90	222	118
94	222	57
95	222	81
96	222	136
98	222	64
99	222	36
100	222	90
102	222	20
104	222	88
105	222	103
106	222	75
107	222	36
108	222	97
109	222	51
110	222	104
112	222	89
114	222	59
116	222	109
118	222	175
119	222	70
121	222	8
122	222	38
123	222	66
124	222	50
125	222	77
126	222	73
129	222	26
132	222	154
133	222	56
137	222	79
143	222	93
145	222	19
146	222	30
152	222	73
154	222	49
155	222	121
159	222	127
160	222	131
163	222	32
164	222	29
168	222	9
169	222	57
171	222	109
176	222	68
182	222	71
185	222	150
188	222	71
196	222	44
198	222	87
201	222	122
202	222	29
203	222	28
204	222	122
205	222	76
211	222	54
213	222	95
216	222	54
217	222	49
223	222	76
230	222	19
240	222	17
30	221	65
31	221	32
32	221	69
33	221	78
36	221	46
46	221	57
48	221	60
49	221	67
54	221	83
56	221	81
57	221	94
59	221	101
65	221	36
66	221	58
68	221	54
76	221	55
80	221	105
81	221	49
84	221	5
86	221	46
87	221	99
88	221	138
89	221	29
94	221	148
95	221	107
97	221	81
99	221	41
101	221	83
102	221	74
103	221	36
105	221	65
106	221	84
108	221	85
109	221	48
110	221	41
113	221	40
115	221	27
116	221	66
118	221	47
119	221	91
122	221	89
123	221	87
125	221	42
126	221	54
130	221	59
132	221	91
138	221	57
139	221	25
141	221	35
142	221	42
143	221	90
146	221	80
147	221	86
148	221	44
149	221	29
150	221	56
151	221	18
152	221	74
153	221	53
161	221	90
162	221	90
164	221	63
165	221	79
166	221	60
169	221	91
171	221	47
175	221	38
177	221	63
182	221	40
183	221	113
185	221	43
188	221	49
191	221	119
195	221	69
196	221	68
201	221	28
204	221	45
206	221	33
215	221	54
223	221	20
228	221	23
230	221	36
13	220	38
21	220	62
24	220	51
34	220	70
40	220	97
42	220	101
44	220	81
45	220	84
47	220	35
50	220	40
54	220	69
56	220	32
58	220	131
59	220	31
61	220	60
62	220	28
67	220	35
68	220	42
73	220	29
75	220	41
77	220	17
79	220	62
80	220	29
81	220	62
83	220	83
85	220	100
86	220	78
91	220	55
96	220	81
105	220	88
106	220	86
107	220	70
108	220	77
109	220	220
110	220	61
111	220	30
112	220	71
113	220	34
116	220	96
119	220	45
121	220	79
125	220	74
129	220	27
133	220	97
134	220	186
135	220	42
136	220	57
140	220	33
143	220	160
145	220	76
146	220	62
147	220	44
150	220	41
151	220	44
152	220	26
153	220	69
158	220	37
161	220	95
165	220	77
170	220	13
175	220	17
176	220	52
182	220	53
184	220	150
191	220	90
194	220	62
198	220	42
200	220	69
202	220	73
218	220	92
223	220	28
226	220	57
238	220	84
242	220	51
30	219	28
38	219	39
43	219	29
51	219	95
56	219	50
58	219	60
68	219	54
70	219	51
74	219	40
77	219	63
80	219	73
81	219	48
82	219	61
83	219	85
84	219	56
91	219	65
92	219	105
93	219	54
94	219	35
95	219	42
96	219	97
97	219	79
99	219	61
103	219	44
104	219	65
106	219	178
109	219	60
110	219	51
111	219	32
112	219	69
113	219	101
115	219	48
119	219	61
120	219	97
123	219	87
125	219	34
126	219	66
127	219	60
128	219	53
130	219	79
131	219	78
132	219	28
134	219	62
137	219	55
139	219	54
144	219	32
145	219	42
146	219	125
147	219	59
149	219	148
150	219	58
153	219	58
158	219	114
160	219	56
161	219	16
165	219	27
166	219	41
171	219	105
172	219	128
174	219	48
178	219	46
179	219	49
180	219	57
181	219	17
182	219	89
183	219	74
184	219	75
# chipNumber: 4
# chipName:   G 10 W69
# numHits:    171
41	226	24
40	225	41
41	225	57
22	210	25
10	204	63
10	203	67
240	203	77
12	202	44
242	202	59
243	201	42
16	197	45
213	196	40
209	195	40
217	195	37
209	194	62
8	192	83
15	192	77
192	191	25
202	190	59
230	190	62
15	188	54
204	187	46
226	186	73
216	185	33
218	184	70
235	182	39
10	181	47
218	181	42
11	180	6
46	180	5
196	180	66
10	179	68
11	179	30
197	179	25
233	179	35
239	179	18
10	178	64
229	177	23
232	177	53
235	177	34
220	176	60
222	176	25
232	176	40
214	175	89
238	175	55
222	174	73
187	173	37
212	173	56
225	173	41
231	173	19
187	172	40
191	172	67
204	172	94
231	172	65
193	171	78
217	171	9
205	170	52
20	167	27
206	167	35
245	167	70
29	166	37
32	166	67
215	166	62
219	166	28
235	166	52
207	165	67
204	164	19
227	164	62
233	164	40
240	164	55
222	163	101
233	163	41
234	163	57
237	163	53
220	162	3
22	161	23
224	161	69
22	160	47
229	160	38
198	159	29
201	159	99
214	159	73
220	159	67
235	158	72
22	157	62
209	157	70
212	157	73
219	157	61
231	157	38
198	156	52
199	156	36
220	156	46
244	156	35
9	155	43
21	155	57
210	155	36
212	155	73
233	155	26
201	154	56
231	154	59
194	153	69
210	153	54
212	153	26
31	151	70
239	151	86
31	150	73
194	150	54
197	150	54
12	149	73
18	149	33
31	149	35
32	149	46
226	149	58
208	148	43
224	148	47
17	147	63
233	147	41
202	146	18
213	145	39
239	145	40
240	145	51
192	143	29
225	143	49
229	143	52
230	143	49
229	142	72
24	141	38
25	141	13
186	140	32
206	140	74
241	140	54
233	139	72
235	139	66
236	139	45
27	138	66
199	137	25
220	137	27
221	137	66
222	137	91
227	137	69
229	135	51
247	135	26
230	134	50
13	133	42
231	133	52
9	132	61
7	131	45
223	131	74
11	130	59
17	129	49
19	128	27
228	128	45
14	127	36
209	126	92
21	125	59
243	125	19
9	124	142
22	121	50
16	117	66
12	116	63
21	114	53
22	114	50
20	113	57
21	113	65
22	113	64
11	112	46
14	112	42
37	111	27
26	110	75
25	109	44
9	108	55
# chipNumber: 5
# chipName:   D 9 W69
# numHits:    0
# chipNumber: 6
# chipName:   L 8 W69
# numHits:    134
53	239	15
166	233	11810
16	229	33
92	225	27
73	206	31
234	203	11810
90	182	59
120	182	11
120	180	101
106	179	87
119	178	29
101	174	28
127	171	47
131	171	29
130	167	60
116	165	18
120	160	42
115	156	13
109	155	9
91	154	34
138	149	15
124	147	12
139	145	31
126	144	57
141	144	12
109	140	31
231	138	30
232	138	62
113	135	52
125	135	63
146	135	15
112	134	21
146	134	41
99	133	29
141	132	22
136	130	49
146	129	32
103	126	50
134	126	27
137	126	23
120	124	7
147	118	54
135	117	15
145	117	49
122	116	17
122	112	58
149	106	16
149	104	36
147	103	45
175	102	33
125	100	25
187	100	26
145	92	17
170	54	67
162	53	41
163	51	13
186	51	26
170	49	37
183	49	88
183	47	15
159	46	55
179	46	13
169	45	32
183	45	20
184	45	18
167	44	81
168	44	32
174	44	22
181	43	42
177	42	39
183	42	16
185	42	18
186	42	52
185	41	39
187	41	15
177	40	12
183	40	24
184	40	30
177	39	53
174	38	20
178	38	56
182	36	22
166	35	37
196	35	39
169	34	50
174	34	25
179	34	34
178	33	48
184	32	13
181	31	21
174	30	20
181	30	48
184	30	29
195	30	55
185	29	34
165	28	17
187	28	34
154	27	18
186	27	81
193	27	27
163	26	31
172	26	67
163	25	11
187	25	55
163	24	27
165	24	16
166	24	24
167	24	16
179	24	56
188	24	38
193	24	6
199	22	14
183	21	31
202	20	23
202	19	24
173	17	36
174	17	36
191	17	28
181	16	45
201	16	19
203	16	45
179	15	38
190	15	17
203	14	11
199	13	44
205	13	3
195	12	9
195	11	16
227	11	66
229	11	34
228	10	55
194	8	24
206	8	34
197	6	16
