## [General]
## runNumber:        241
## runTime:       	 7200
## runTimeFrames: 	 0
## pathName:         data/runs/Run_241_181022-16-16
## dateTime:         2018-10-22.17:14:46
## numChips:         7
## shutterTime:      30
## shutterMode:      verylong
## runMode:          0
## fastClock:        0
## externalTrigger:  0
## [Event]
## eventNumber:      4609
## useHvFadc:    	 1
## fadcReadout:    	 1
## szint1ClockInt:	 0
## szint2ClockInt:	 4095
## fadcTriggerClock: 0
# chipNumber: 0
# chipName:   E 6 W69
# numHits:    1
220	49	49
# chipNumber: 1
# chipName:   K 6 W69
# numHits:    164
67	229	13
99	225	30
77	224	46
99	223	53
93	222	26
93	221	62
89	220	74
97	218	24
103	218	69
67	214	66
90	212	52
90	211	73
91	211	55
74	207	73
86	207	21
82	205	30
93	205	82
122	204	100
122	203	49
91	202	38
119	202	30
73	199	33
79	199	35
89	199	49
102	196	25
98	191	30
67	190	35
88	190	81
101	190	59
111	188	63
63	186	51
104	186	70
78	185	52
89	185	59
88	184	63
74	183	53
94	183	66
47	180	44
85	176	63
70	173	79
50	171	70
78	171	23
65	169	33
72	169	32
68	168	46
82	168	66
14	167	40
68	166	62
40	164	71
65	162	72
42	161	33
61	161	72
62	161	17
57	159	64
74	159	14
56	158	65
73	156	36
59	154	77
60	152	86
82	152	14
59	151	25
93	151	42
48	150	93
58	150	82
45	148	88
71	148	52
81	148	60
58	147	14
81	147	24
83	147	47
28	146	61
46	146	43
53	146	45
61	146	50
63	146	40
80	146	69
60	145	37
62	145	55
72	145	15
51	144	25
73	144	77
82	144	40
43	143	62
61	143	58
76	143	46
82	143	22
28	142	11
51	142	66
90	142	27
61	141	34
77	141	44
41	140	33
42	140	66
58	140	37
71	140	44
30	139	16
34	139	53
56	137	61
63	136	19
80	136	39
48	135	69
50	135	19
67	135	56
58	134	14
53	133	67
42	132	45
60	132	32
72	132	48
44	131	51
63	131	6
49	129	71
76	129	31
40	128	44
58	128	34
60	128	72
73	128	78
59	127	10
73	127	42
50	124	28
71	124	23
11	119	26
34	118	43
37	117	34
78	116	70
35	115	14
22	114	32
56	114	77
61	114	7
36	113	49
55	113	74
60	113	32
52	112	39
57	111	22
46	110	25
75	110	83
23	107	56
53	107	33
32	105	5
42	104	26
42	103	75
46	103	40
27	102	19
28	102	88
70	102	20
20	98	36
47	98	30
23	97	21
74	96	29
74	95	57
27	91	17
38	90	28
37	89	59
38	89	16
35	88	35
62	86	24
36	84	59
48	81	44
43	80	45
44	80	35
23	79	14
33	66	46
43	66	14
24	64	26
19	59	30
# chipNumber: 2
# chipName:   H 9 W69
# numHits:    53
242	166	130
224	158	73
240	142	32
238	110	52
244	106	12
245	98	102
237	94	72
220	91	36
220	90	26
227	88	54
242	82	25
242	73	68
247	67	49
240	64	72
232	59	59
63	51	58
65	51	32
25	38	59
45	38	47
42	35	22
71	35	37
46	34	15
29	33	42
47	32	101
49	29	100
42	26	58
66	26	93
66	25	57
92	25	57
63	24	30
29	23	21
33	22	57
248	22	45
32	21	70
41	21	58
58	21	50
67	21	53
27	20	73
56	20	46
70	20	37
60	17	27
63	16	54
49	15	49
46	12	60
48	12	50
69	12	43
210	12	54
12	10	31
13	10	43
68	10	42
90	9	50
13	7	65
48	7	61
# chipNumber: 3
# chipName:   H 10 W69
# numHits:    22606
151	216	47
155	216	155
157	216	47
158	216	32
160	216	214
167	216	57
168	216	40
169	216	60
170	216	105
171	216	82
172	216	17
173	216	99
174	216	71
175	216	81
177	216	179
178	216	33
179	216	102
180	216	88
181	216	61
184	216	159
185	216	74
186	216	12
187	216	28
188	216	44
189	216	31
193	216	25
194	216	22
195	216	79
196	216	86
197	216	31
198	216	172
199	216	54
200	216	88
205	216	22
206	216	41
208	216	62
210	216	41
211	216	12
214	216	87
217	216	62
220	216	36
221	216	62
226	216	42
227	216	74
228	216	38
229	216	52
232	216	97
233	216	22
234	216	59
236	216	44
238	216	34
245	216	97
7	215	41
17	215	62
19	215	85
24	215	51
26	215	33
28	215	41
32	215	33
35	215	98
37	215	98
38	215	42
40	215	6
41	215	21
43	215	72
48	215	54
49	215	180
50	215	65
51	215	33
52	215	63
56	215	96
57	215	130
58	215	153
59	215	199
60	215	85
61	215	114
62	215	107
63	215	137
64	215	228
65	215	36
66	215	100
68	215	50
69	215	83
70	215	126
71	215	108
72	215	85
73	215	31
77	215	38
80	215	65
81	215	17
82	215	75
83	215	106
86	215	92
89	215	163
91	215	44
94	215	66
96	215	18
97	215	34
102	215	35
106	215	46
109	215	23
112	215	79
119	215	56
123	215	42
125	215	26
129	215	84
130	215	38
131	215	23
136	215	59
141	215	62
148	215	94
149	215	94
150	215	149
151	215	38
157	215	47
158	215	107
159	215	41
160	215	91
161	215	53
163	215	75
166	215	84
168	215	42
169	215	23
170	215	123
172	215	30
173	215	32
174	215	49
176	215	49
178	215	48
179	215	66
182	215	34
184	215	28
187	215	53
188	215	101
190	215	103
191	215	32
193	215	80
195	215	87
197	215	77
198	215	110
199	215	62
202	215	180
203	215	77
204	215	35
205	215	77
209	215	70
211	215	62
212	215	70
213	215	22
214	215	76
217	215	53
219	215	140
220	215	53
221	215	38
222	215	89
223	215	53
226	215	126
228	215	79
230	215	12
232	215	70
236	215	145
238	215	5
11	214	68
22	214	99
28	214	74
31	214	38
32	214	38
33	214	82
34	214	59
40	214	23
46	214	25
51	214	68
53	214	20
54	214	85
56	214	31
57	214	40
58	214	30
59	214	105
60	214	95
61	214	96
62	214	155
63	214	168
64	214	40
65	214	25
67	214	30
69	214	100
70	214	36
71	214	126
72	214	61
75	214	55
76	214	86
77	214	45
79	214	71
80	214	74
82	214	41
83	214	142
84	214	107
85	214	98
86	214	57
87	214	82
88	214	112
91	214	209
92	214	22
93	214	83
94	214	40
95	214	51
96	214	125
97	214	66
98	214	81
101	214	80
103	214	44
104	214	195
105	214	18
107	214	86
108	214	81
110	214	56
111	214	29
116	214	77
118	214	86
121	214	18
124	214	163
125	214	67
126	214	77
128	214	69
136	214	69
139	214	65
141	214	144
145	214	49
149	214	161
151	214	23
154	214	36
157	214	85
158	214	45
159	214	52
162	214	30
164	214	106
165	214	79
166	214	28
168	214	69
169	214	48
170	214	49
172	214	53
173	214	96
174	214	36
175	214	41
177	214	68
178	214	80
179	214	71
181	214	70
183	214	37
184	214	26
187	214	41
188	214	42
192	214	180
193	214	107
194	214	57
195	214	58
198	214	93
199	214	67
201	214	60
202	214	75
206	214	81
207	214	33
209	214	45
216	214	5
226	214	34
227	214	37
228	214	35
229	214	77
231	214	54
234	214	63
238	214	62
23	213	43
24	213	68
25	213	32
28	213	47
29	213	79
30	213	65
31	213	116
33	213	71
34	213	83
37	213	44
41	213	25
42	213	94
50	213	99
53	213	26
54	213	79
56	213	55
57	213	193
58	213	309
59	213	65
60	213	167
61	213	128
62	213	85
63	213	45
64	213	46
65	213	160
66	213	124
67	213	105
69	213	24
70	213	112
71	213	130
72	213	137
73	213	93
74	213	96
76	213	44
77	213	54
78	213	97
79	213	58
80	213	156
81	213	42
82	213	171
83	213	67
84	213	173
88	213	129
91	213	151
93	213	106
94	213	27
96	213	34
98	213	65
100	213	48
101	213	75
102	213	49
104	213	98
105	213	187
106	213	131
107	213	59
108	213	5
113	213	26
115	213	70
119	213	60
120	213	118
121	213	113
124	213	57
125	213	57
128	213	9
129	213	28
130	213	15
132	213	58
134	213	35
140	213	128
141	213	129
146	213	120
149	213	21
152	213	27
154	213	89
158	213	66
159	213	79
161	213	57
163	213	80
164	213	65
166	213	41
168	213	80
170	213	20
171	213	57
172	213	59
174	213	17
175	213	72
176	213	19
177	213	129
178	213	82
179	213	116
180	213	247
183	213	106
185	213	53
186	213	75
189	213	80
191	213	63
193	213	74
197	213	27
201	213	55
202	213	56
205	213	61
206	213	95
207	213	125
209	213	103
210	213	23
214	213	64
216	213	32
218	213	63
223	213	72
227	213	85
234	213	160
239	213	45
246	213	62
11	212	77
19	212	104
23	212	61
24	212	39
29	212	35
32	212	17
34	212	71
38	212	39
41	212	46
42	212	65
47	212	47
48	212	75
49	212	67
50	212	101
52	212	62
53	212	29
56	212	81
57	212	100
58	212	160
59	212	17
60	212	231
61	212	81
62	212	72
63	212	63
64	212	26
66	212	76
67	212	56
68	212	24
69	212	53
72	212	22
74	212	56
76	212	91
77	212	39
78	212	14
80	212	32
81	212	25
83	212	53
88	212	114
89	212	62
90	212	84
91	212	76
92	212	103
93	212	82
96	212	89
97	212	142
99	212	81
100	212	60
101	212	90
105	212	48
106	212	44
107	212	72
108	212	59
109	212	28
110	212	54
111	212	76
112	212	54
113	212	148
115	212	70
119	212	37
124	212	41
129	212	120
139	212	63
143	212	74
145	212	11
146	212	14
147	212	67
154	212	95
157	212	51
159	212	59
160	212	100
161	212	71
165	212	96
166	212	45
171	212	107
172	212	43
173	212	49
175	212	52
176	212	41
178	212	60
179	212	45
181	212	223
182	212	23
185	212	84
187	212	69
189	212	110
190	212	50
191	212	77
192	212	85
193	212	158
195	212	223
196	212	81
197	212	57
198	212	51
199	212	71
200	212	93
201	212	49
203	212	75
206	212	178
207	212	151
210	212	55
211	212	70
214	212	68
215	212	24
217	212	84
218	212	62
219	212	104
221	212	66
223	212	40
226	212	83
227	212	46
229	212	24
230	212	151
232	212	65
234	212	169
239	212	58
11	211	22
12	211	62
20	211	79
21	211	66
23	211	75
24	211	43
26	211	59
33	211	81
34	211	77
35	211	131
36	211	56
39	211	60
40	211	58
42	211	9
43	211	50
48	211	42
49	211	45
52	211	43
54	211	14
55	211	116
56	211	239
57	211	172
58	211	54
59	211	165
60	211	185
61	211	58
62	211	97
63	211	106
64	211	160
65	211	157
67	211	51
69	211	95
72	211	200
73	211	114
75	211	52
76	211	45
78	211	168
79	211	31
81	211	19
82	211	59
83	211	97
84	211	126
85	211	97
86	211	81
88	211	162
89	211	44
91	211	127
92	211	108
94	211	75
97	211	5
99	211	58
100	211	52
101	211	93
102	211	104
103	211	33
104	211	44
105	211	50
106	211	45
108	211	12
109	211	70
110	211	20
111	211	92
112	211	156
114	211	16
115	211	122
116	211	5
117	211	29
119	211	46
120	211	70
121	211	106
125	211	30
127	211	65
128	211	78
134	211	45
138	211	161
139	211	124
143	211	26
144	211	51
145	211	103
147	211	201
148	211	17
149	211	48
154	211	34
156	211	127
161	211	127
168	211	59
169	211	69
170	211	141
173	211	42
174	211	16
181	211	51
183	211	18
184	211	55
187	211	66
188	211	93
192	211	40
193	211	41
194	211	51
195	211	25
197	211	90
200	211	49
202	211	73
203	211	130
204	211	153
205	211	59
206	211	95
207	211	82
208	211	64
210	211	97
211	211	63
218	211	23
223	211	49
225	211	66
227	211	62
228	211	103
229	211	22
230	211	21
234	211	78
236	211	33
237	211	51
241	211	38
16	210	63
20	210	90
21	210	32
25	210	58
28	210	30
31	210	51
34	210	80
37	210	79
39	210	25
42	210	54
43	210	62
46	210	91
49	210	72
51	210	40
52	210	212
54	210	113
56	210	131
57	210	65
58	210	7
59	210	154
60	210	78
61	210	162
62	210	97
64	210	37
66	210	117
67	210	73
68	210	58
71	210	40
72	210	99
73	210	78
75	210	62
76	210	20
78	210	139
82	210	75
84	210	21
87	210	29
88	210	60
91	210	151
92	210	100
93	210	35
94	210	60
97	210	124
98	210	89
101	210	68
103	210	158
104	210	52
107	210	115
109	210	56
110	210	63
111	210	33
112	210	134
119	210	51
121	210	136
122	210	29
123	210	47
124	210	145
128	210	144
132	210	26
145	210	36
147	210	188
150	210	45
151	210	34
153	210	56
154	210	90
155	210	36
158	210	79
159	210	121
160	210	98
161	210	158
162	210	73
167	210	39
168	210	173
170	210	55
174	210	42
179	210	118
184	210	18
188	210	172
189	210	50
190	210	65
191	210	58
192	210	102
194	210	132
195	210	14
196	210	82
197	210	65
198	210	42
199	210	58
200	210	65
201	210	90
202	210	55
203	210	55
204	210	196
205	210	49
208	210	52
211	210	85
212	210	90
213	210	259
214	210	49
216	210	85
219	210	60
220	210	57
221	210	31
224	210	17
225	210	61
226	210	26
227	210	47
229	210	46
231	210	42
233	210	74
236	210	76
237	210	49
242	210	96
245	210	54
13	209	38
16	209	35
17	209	65
19	209	47
20	209	68
23	209	22
24	209	23
29	209	92
30	209	31
32	209	103
33	209	107
34	209	44
35	209	92
37	209	85
38	209	107
40	209	41
43	209	121
45	209	110
46	209	120
48	209	110
49	209	104
50	209	207
51	209	60
52	209	81
54	209	79
55	209	174
56	209	77
58	209	60
59	209	149
60	209	217
61	209	120
62	209	129
63	209	108
64	209	154
65	209	83
66	209	85
67	209	71
68	209	43
70	209	76
71	209	50
76	209	149
77	209	121
78	209	68
79	209	60
80	209	32
82	209	18
83	209	109
84	209	82
85	209	92
88	209	51
90	209	96
95	209	75
96	209	33
98	209	31
99	209	136
100	209	22
101	209	90
102	209	78
104	209	57
105	209	62
106	209	178
107	209	42
108	209	94
110	209	118
111	209	141
112	209	41
117	209	53
118	209	30
120	209	76
124	209	116
125	209	86
126	209	39
128	209	106
129	209	70
130	209	63
132	209	72
134	209	53
137	209	44
138	209	43
141	209	56
143	209	41
148	209	133
149	209	27
151	209	155
153	209	64
157	209	56
159	209	70
160	209	68
163	209	51
164	209	35
165	209	43
166	209	10
168	209	49
172	209	33
178	209	86
179	209	122
181	209	95
184	209	75
185	209	23
186	209	56
188	209	153
190	209	34
192	209	53
194	209	24
195	209	107
197	209	38
200	209	66
203	209	56
204	209	57
205	209	78
206	209	114
208	209	30
209	209	91
210	209	42
211	209	99
212	209	31
214	209	43
216	209	44
217	209	65
219	209	122
220	209	36
222	209	122
223	209	63
230	209	69
231	209	15
232	209	48
233	209	49
237	209	84
241	209	68
9	208	36
10	208	22
11	208	23
14	208	85
15	208	46
16	208	59
17	208	60
28	208	36
29	208	64
31	208	66
33	208	41
34	208	73
36	208	50
37	208	69
38	208	89
42	208	27
44	208	125
48	208	42
51	208	53
53	208	25
54	208	170
55	208	57
56	208	58
58	208	177
59	208	103
60	208	157
62	208	145
64	208	67
66	208	33
67	208	44
68	208	134
69	208	46
72	208	97
75	208	82
79	208	104
80	208	22
81	208	80
82	208	65
87	208	74
90	208	147
91	208	40
93	208	93
94	208	53
95	208	116
96	208	64
97	208	73
98	208	54
99	208	11
100	208	65
101	208	96
102	208	79
103	208	42
104	208	54
105	208	30
107	208	101
108	208	100
110	208	165
111	208	127
114	208	73
119	208	48
122	208	74
124	208	68
127	208	23
128	208	78
129	208	59
131	208	16
132	208	215
136	208	136
139	208	59
141	208	30
143	208	41
144	208	19
145	208	87
148	208	68
150	208	73
152	208	52
153	208	82
154	208	33
155	208	53
157	208	8
159	208	132
167	208	123
168	208	63
174	208	189
177	208	31
179	208	78
180	208	262
181	208	145
182	208	67
184	208	44
185	208	52
186	208	42
187	208	143
188	208	49
189	208	80
190	208	73
191	208	107
192	208	48
195	208	45
196	208	30
199	208	54
200	208	79
202	208	80
204	208	129
205	208	232
206	208	131
207	208	28
208	208	157
209	208	58
214	208	131
216	208	101
221	208	142
223	208	56
226	208	30
227	208	76
231	208	73
232	208	77
244	208	16
26	207	67
27	207	102
28	207	44
33	207	82
35	207	142
36	207	75
37	207	26
41	207	40
43	207	65
44	207	33
49	207	51
50	207	90
51	207	27
52	207	152
53	207	76
54	207	202
56	207	100
57	207	56
58	207	116
59	207	223
60	207	125
61	207	78
62	207	117
64	207	89
66	207	54
67	207	164
68	207	158
69	207	44
70	207	78
71	207	52
73	207	75
74	207	112
78	207	53
79	207	57
80	207	141
81	207	86
82	207	136
83	207	23
84	207	48
87	207	34
88	207	29
89	207	135
92	207	147
93	207	135
95	207	65
98	207	39
102	207	22
106	207	59
110	207	68
111	207	61
114	207	42
115	207	47
118	207	173
120	207	38
124	207	51
127	207	116
128	207	55
129	207	9
131	207	41
133	207	114
134	207	93
136	207	149
137	207	181
138	207	99
140	207	73
143	207	67
144	207	87
147	207	79
148	207	119
149	207	29
150	207	92
153	207	99
155	207	74
164	207	48
165	207	50
166	207	33
169	207	56
170	207	29
172	207	13
173	207	14
177	207	57
178	207	39
179	207	45
181	207	46
182	207	108
183	207	116
184	207	240
185	207	59
186	207	109
187	207	56
188	207	71
191	207	56
192	207	53
197	207	27
198	207	39
200	207	43
202	207	228
203	207	82
204	207	65
206	207	31
207	207	187
208	207	163
209	207	160
212	207	29
213	207	42
215	207	65
217	207	87
219	207	105
220	207	66
223	207	41
226	207	54
228	207	87
229	207	45
230	207	165
231	207	35
234	207	17
236	207	56
237	207	75
240	207	72
242	207	91
23	206	58
24	206	25
33	206	120
34	206	16
35	206	70
36	206	100
38	206	22
42	206	37
44	206	59
50	206	92
51	206	67
52	206	153
53	206	92
54	206	62
55	206	103
56	206	152
57	206	39
59	206	168
60	206	127
65	206	136
66	206	30
67	206	62
69	206	43
70	206	199
75	206	14
77	206	104
79	206	49
81	206	62
82	206	37
88	206	52
89	206	22
90	206	85
92	206	70
93	206	94
94	206	74
95	206	49
96	206	65
99	206	16
100	206	140
101	206	110
102	206	78
103	206	14
104	206	39
106	206	68
110	206	50
112	206	21
114	206	79
116	206	15
117	206	93
119	206	51
120	206	122
122	206	79
123	206	55
136	206	18
138	206	19
139	206	70
140	206	105
146	206	49
150	206	100
153	206	57
155	206	42
156	206	69
157	206	25
158	206	134
159	206	94
160	206	220
162	206	75
163	206	22
164	206	59
165	206	44
167	206	82
172	206	78
173	206	122
174	206	170
177	206	86
180	206	63
181	206	82
182	206	41
183	206	94
184	206	58
187	206	61
191	206	178
192	206	82
193	206	48
195	206	51
197	206	64
198	206	125
200	206	93
201	206	65
202	206	65
203	206	49
204	206	70
205	206	102
206	206	52
208	206	190
209	206	82
211	206	35
213	206	139
215	206	82
218	206	67
219	206	26
220	206	42
221	206	80
226	206	137
227	206	39
228	206	71
230	206	30
235	206	73
11	205	26
16	205	67
22	205	47
26	205	22
27	205	58
30	205	33
31	205	106
32	205	94
33	205	42
35	205	137
41	205	25
42	205	43
43	205	55
46	205	15
47	205	45
48	205	138
51	205	102
52	205	46
53	205	227
54	205	139
55	205	44
56	205	84
57	205	51
58	205	149
59	205	83
60	205	136
61	205	96
63	205	109
64	205	49
65	205	68
66	205	35
68	205	77
69	205	59
70	205	75
71	205	62
73	205	116
77	205	45
78	205	29
80	205	29
83	205	44
84	205	91
86	205	28
87	205	104
90	205	44
91	205	95
93	205	51
94	205	27
95	205	31
96	205	109
97	205	37
98	205	70
100	205	164
101	205	32
102	205	179
103	205	52
104	205	41
105	205	26
106	205	116
108	205	29
110	205	22
114	205	73
120	205	91
122	205	30
124	205	49
126	205	83
128	205	113
131	205	106
132	205	35
133	205	122
135	205	102
136	205	43
138	205	53
139	205	75
143	205	161
145	205	30
149	205	74
151	205	85
153	205	44
155	205	37
156	205	61
157	205	39
158	205	92
159	205	83
161	205	67
163	205	36
165	205	22
167	205	27
171	205	105
172	205	30
180	205	68
182	205	29
183	205	13
184	205	69
186	205	63
187	205	34
188	205	52
189	205	125
190	205	19
191	205	29
192	205	47
193	205	113
194	205	82
195	205	12
196	205	47
197	205	32
198	205	230
199	205	40
202	205	137
204	205	80
208	205	62
210	205	61
211	205	22
212	205	13
213	205	66
217	205	36
218	205	119
220	205	131
224	205	31
225	205	22
228	205	103
229	205	33
233	205	6
234	205	61
235	205	61
236	205	46
10	204	68
12	204	35
14	204	25
22	204	97
32	204	61
35	204	61
36	204	35
38	204	45
41	204	65
44	204	63
45	204	35
46	204	46
50	204	6
52	204	70
53	204	130
54	204	87
56	204	117
57	204	186
58	204	62
59	204	29
60	204	101
61	204	44
62	204	51
63	204	98
65	204	51
67	204	21
70	204	215
71	204	20
72	204	85
73	204	62
74	204	26
76	204	176
77	204	93
78	204	61
79	204	48
81	204	57
82	204	132
83	204	18
85	204	58
86	204	82
88	204	229
89	204	90
91	204	21
92	204	32
94	204	73
96	204	67
97	204	162
100	204	98
101	204	88
102	204	26
104	204	147
105	204	7
106	204	170
108	204	23
110	204	95
112	204	37
113	204	52
114	204	53
115	204	51
117	204	44
121	204	94
126	204	85
127	204	48
129	204	30
130	204	73
131	204	18
135	204	14
138	204	28
141	204	123
143	204	44
144	204	51
145	204	37
150	204	76
153	204	54
161	204	43
163	204	22
166	204	43
173	204	91
175	204	42
176	204	52
182	204	132
183	204	68
184	204	53
188	204	123
190	204	131
191	204	104
192	204	117
194	204	32
195	204	120
196	204	38
197	204	116
198	204	13
203	204	92
205	204	124
206	204	33
207	204	79
208	204	61
209	204	51
210	204	94
211	204	62
212	204	31
216	204	113
217	204	35
218	204	66
220	204	42
227	204	69
230	204	66
235	204	46
240	204	39
243	204	65
11	203	79
20	203	18
23	203	95
26	203	118
27	203	19
28	203	51
30	203	32
31	203	21
35	203	61
44	203	62
45	203	45
46	203	16
51	203	57
53	203	26
54	203	123
55	203	116
56	203	70
57	203	93
58	203	85
59	203	37
61	203	65
62	203	115
66	203	93
67	203	30
68	203	188
69	203	64
70	203	135
71	203	16
72	203	121
75	203	137
76	203	121
77	203	56
78	203	197
79	203	130
81	203	79
82	203	53
83	203	60
90	203	54
91	203	45
92	203	74
94	203	40
96	203	22
97	203	57
98	203	36
99	203	59
100	203	84
101	203	40
104	203	100
105	203	93
108	203	48
109	203	63
111	203	141
112	203	41
113	203	71
114	203	29
115	203	165
122	203	77
123	203	39
125	203	91
126	203	91
127	203	258
128	203	102
130	203	47
131	203	24
134	203	41
136	203	21
140	203	26
142	203	93
143	203	32
144	203	72
146	203	71
152	203	32
153	203	70
154	203	69
155	203	34
166	203	163
170	203	11
172	203	27
174	203	94
175	203	155
177	203	80
178	203	41
179	203	66
180	203	77
181	203	34
185	203	11
186	203	52
188	203	46
190	203	40
192	203	75
193	203	105
196	203	209
197	203	228
201	203	147
202	203	114
205	203	75
207	203	92
209	203	48
210	203	128
213	203	121
215	203	48
216	203	124
217	203	5
218	203	96
222	203	62
224	203	201
225	203	111
228	203	99
230	203	58
234	203	88
235	203	107
237	203	81
238	203	51
13	202	46
15	202	72
29	202	74
34	202	57
35	202	57
37	202	35
38	202	77
43	202	20
46	202	60
48	202	32
49	202	53
52	202	43
55	202	151
56	202	82
57	202	147
58	202	158
59	202	88
60	202	52
61	202	54
62	202	132
64	202	146
65	202	75
69	202	73
70	202	85
72	202	62
75	202	34
76	202	94
80	202	15
83	202	73
85	202	25
86	202	81
87	202	48
89	202	23
90	202	35
92	202	180
96	202	52
98	202	66
99	202	74
100	202	54
101	202	81
103	202	57
104	202	59
105	202	21
106	202	11
107	202	49
108	202	23
109	202	58
110	202	66
115	202	63
116	202	144
117	202	72
118	202	70
119	202	36
122	202	115
124	202	32
126	202	105
127	202	108
128	202	61
129	202	25
136	202	30
137	202	64
138	202	74
139	202	20
143	202	54
150	202	56
151	202	33
154	202	51
155	202	22
157	202	33
158	202	81
160	202	113
167	202	16
172	202	164
173	202	131
175	202	39
176	202	36
177	202	26
178	202	67
179	202	12
180	202	113
181	202	85
182	202	58
183	202	137
185	202	60
187	202	33
189	202	25
192	202	64
194	202	111
196	202	202
199	202	68
200	202	106
201	202	47
202	202	74
203	202	56
204	202	83
205	202	50
206	202	55
208	202	63
210	202	17
211	202	22
213	202	71
215	202	79
216	202	66
218	202	67
219	202	73
221	202	42
222	202	54
223	202	57
224	202	109
225	202	159
227	202	73
228	202	17
229	202	65
231	202	33
232	202	79
233	202	73
234	202	59
237	202	182
241	202	61
243	202	75
9	201	14
14	201	45
17	201	33
20	201	51
21	201	19
22	201	120
27	201	89
28	201	77
37	201	95
39	201	60
43	201	27
45	201	44
46	201	124
47	201	18
51	201	71
53	201	49
54	201	26
56	201	84
58	201	11
59	201	117
60	201	53
61	201	118
62	201	29
63	201	47
64	201	140
65	201	25
66	201	91
67	201	99
70	201	44
73	201	54
79	201	148
81	201	59
83	201	19
84	201	46
85	201	117
87	201	69
94	201	72
95	201	45
96	201	47
97	201	50
98	201	93
102	201	46
103	201	41
107	201	62
109	201	61
112	201	83
115	201	59
117	201	76
118	201	21
122	201	65
123	201	115
129	201	43
130	201	42
133	201	72
134	201	87
141	201	39
144	201	117
147	201	45
148	201	77
154	201	79
155	201	20
158	201	95
159	201	56
160	201	37
161	201	20
162	201	165
170	201	51
171	201	40
173	201	44
174	201	110
177	201	23
181	201	51
182	201	47
183	201	45
186	201	63
187	201	20
188	201	54
190	201	105
191	201	17
193	201	42
195	201	37
198	201	57
199	201	47
200	201	203
202	201	115
203	201	139
204	201	58
205	201	58
208	201	19
210	201	46
216	201	61
217	201	82
218	201	108
219	201	97
220	201	46
222	201	14
223	201	24
224	201	34
229	201	21
232	201	63
236	201	62
244	201	62
16	200	70
18	200	56
22	200	28
29	200	70
31	200	20
32	200	67
33	200	10
35	200	48
36	200	64
37	200	60
40	200	55
41	200	185
44	200	45
45	200	69
47	200	34
50	200	87
51	200	23
52	200	73
54	200	116
57	200	132
59	200	81
60	200	72
61	200	25
62	200	112
66	200	103
70	200	74
71	200	61
73	200	103
74	200	193
77	200	71
78	200	70
79	200	70
80	200	122
81	200	44
82	200	88
84	200	148
86	200	71
87	200	107
88	200	40
90	200	22
91	200	27
92	200	45
94	200	39
95	200	40
96	200	75
97	200	56
98	200	47
100	200	103
103	200	55
104	200	68
105	200	130
107	200	91
109	200	45
110	200	52
130	200	59
131	200	94
139	200	63
141	200	55
144	200	56
150	200	49
152	200	70
153	200	23
155	200	38
156	200	41
161	200	34
173	200	66
178	200	7
180	200	129
181	200	73
183	200	21
187	200	163
188	200	69
189	200	77
192	200	150
193	200	97
194	200	85
195	200	57
196	200	146
197	200	64
198	200	164
202	200	35
203	200	128
204	200	96
205	200	47
208	200	154
210	200	65
211	200	19
213	200	55
215	200	128
216	200	6
217	200	118
219	200	65
220	200	54
221	200	89
222	200	156
223	200	44
224	200	28
226	200	58
228	200	86
229	200	127
230	200	51
232	200	103
233	200	32
235	200	9
240	200	51
242	200	141
10	199	24
14	199	59
19	199	70
21	199	55
25	199	22
30	199	30
31	199	70
40	199	51
41	199	29
42	199	73
45	199	57
46	199	73
47	199	49
48	199	116
49	199	108
50	199	45
51	199	23
53	199	76
54	199	72
55	199	109
56	199	22
58	199	14
59	199	46
60	199	210
61	199	78
62	199	20
63	199	102
65	199	109
66	199	76
68	199	105
69	199	22
70	199	66
71	199	135
72	199	15
73	199	99
74	199	97
76	199	87
78	199	17
79	199	106
80	199	63
82	199	41
85	199	118
86	199	62
91	199	21
92	199	13
93	199	52
94	199	54
98	199	35
101	199	34
103	199	63
104	199	48
106	199	80
108	199	75
116	199	85
118	199	49
120	199	103
122	199	72
124	199	23
125	199	30
128	199	194
131	199	41
133	199	68
134	199	133
135	199	52
137	199	69
142	199	45
144	199	44
145	199	47
146	199	46
147	199	131
149	199	56
150	199	84
151	199	52
154	199	138
156	199	125
159	199	73
161	199	119
162	199	58
167	199	70
178	199	53
179	199	31
180	199	96
181	199	58
184	199	68
186	199	81
83	246	16
68	245	23
84	245	36
87	245	22
95	245	51
97	245	53
98	245	115
99	245	38
100	245	67
159	245	47
76	244	31
86	244	37
96	244	203
97	244	313
98	244	275
99	244	214
101	244	57
105	244	37
114	244	84
118	244	72
126	244	122
137	244	70
174	244	17
183	244	92
59	243	22
63	243	24
65	243	47
72	243	34
75	243	32
78	243	26
80	243	26
85	243	16
86	243	70
88	243	63
91	243	21
96	243	32
97	243	389
98	243	377
99	243	248
100	243	106
101	243	29
102	243	87
107	243	33
110	243	41
111	243	41
114	243	96
124	243	49
126	243	29
131	243	53
151	243	84
177	243	39
189	243	71
194	243	29
200	243	49
201	243	66
205	243	62
47	242	60
74	242	32
82	242	18
89	242	49
91	242	59
96	242	97
97	242	124
98	242	335
99	242	127
100	242	42
101	242	57
102	242	143
103	242	50
110	242	24
111	242	51
114	242	65
127	242	42
139	242	54
168	242	43
171	242	54
174	242	38
180	242	46
183	242	33
191	242	70
195	242	29
196	242	25
198	242	124
201	242	53
204	242	112
227	242	16
34	241	42
67	241	28
69	241	47
84	241	53
85	241	191
86	241	127
91	241	67
94	241	52
96	241	76
97	241	83
99	241	49
100	241	65
101	241	57
143	241	89
149	241	50
156	241	37
158	241	61
165	241	67
168	241	48
172	241	61
181	241	44
186	241	40
195	241	92
196	241	85
197	241	19
204	241	63
205	241	17
207	241	22
217	241	52
47	240	47
50	240	48
51	240	59
61	240	72
64	240	58
73	240	42
74	240	86
75	240	31
78	240	57
81	240	43
84	240	132
85	240	164
90	240	80
91	240	67
93	240	57
94	240	76
96	240	74
100	240	55
101	240	62
102	240	34
103	240	25
107	240	51
119	240	52
120	240	129
123	240	50
128	240	54
130	240	77
148	240	44
149	240	46
163	240	34
167	240	76
168	240	64
173	240	41
175	240	47
178	240	48
179	240	57
181	240	57
187	240	38
191	240	50
193	240	63
194	240	64
196	240	97
200	240	69
215	240	16
24	239	53
26	239	71
60	239	48
61	239	67
64	239	49
70	239	42
74	239	109
79	239	155
80	239	92
88	239	57
99	239	47
101	239	51
103	239	86
104	239	72
109	239	27
111	239	76
123	239	100
131	239	40
139	239	41
140	239	59
156	239	91
163	239	56
164	239	32
165	239	91
172	239	74
174	239	81
182	239	42
183	239	60
184	239	23
185	239	56
189	239	75
190	239	76
191	239	23
192	239	91
193	239	60
197	239	20
200	239	59
206	239	80
209	239	45
220	239	38
14	238	44
31	238	84
40	238	28
50	238	81
51	238	36
54	238	24
57	238	51
58	238	86
60	238	83
63	238	38
65	238	92
66	238	73
67	238	31
68	238	81
69	238	161
71	238	45
72	238	13
73	238	30
78	238	132
87	238	67
90	238	28
93	238	47
98	238	85
103	238	69
122	238	56
148	238	47
162	238	93
170	238	38
174	238	14
177	238	48
178	238	45
179	238	73
180	238	155
181	238	76
183	238	29
185	238	23
186	238	49
188	238	170
190	238	71
191	238	43
194	238	60
195	238	134
196	238	38
200	238	25
202	238	157
203	238	48
205	238	106
211	238	36
11	237	79
16	237	62
19	237	3
25	237	78
26	237	58
31	237	18
34	237	37
39	237	59
50	237	64
54	237	55
63	237	42
64	237	59
69	237	80
73	237	41
74	237	73
77	237	63
79	237	66
89	237	130
90	237	85
92	237	19
93	237	16
98	237	31
104	237	225
105	237	161
106	237	148
107	237	77
114	237	12
116	237	42
118	237	60
120	237	42
129	237	57
140	237	36
145	237	90
147	237	66
148	237	82
151	237	54
153	237	42
158	237	76
161	237	76
163	237	43
170	237	57
171	237	30
175	237	75
180	237	40
184	237	45
186	237	50
187	237	95
188	237	170
189	237	54
192	237	65
197	237	65
199	237	86
200	237	137
201	237	23
206	237	59
212	237	61
218	237	78
22	236	57
34	236	45
35	236	82
37	236	45
38	236	94
40	236	71
45	236	25
50	236	30
52	236	75
57	236	39
59	236	51
61	236	37
62	236	34
65	236	51
66	236	51
71	236	36
72	236	110
79	236	101
81	236	82
83	236	29
85	236	97
90	236	63
92	236	43
95	236	144
98	236	37
99	236	45
101	236	22
102	236	59
105	236	32
106	236	49
107	236	74
108	236	67
109	236	51
110	236	23
111	236	60
115	236	21
128	236	75
139	236	43
153	236	141
163	236	76
164	236	51
168	236	82
174	236	76
182	236	52
183	236	60
184	236	49
185	236	25
188	236	35
192	236	60
193	236	165
194	236	143
200	236	58
201	236	26
202	236	94
211	236	78
212	236	30
216	236	30
224	236	70
225	236	50
17	235	28
26	235	68
27	235	76
29	235	31
33	235	29
38	235	52
41	235	78
44	235	67
55	235	17
56	235	39
58	235	44
60	235	41
61	235	71
62	235	123
66	235	25
69	235	21
70	235	27
75	235	67
78	235	8
79	235	87
80	235	89
82	235	30
83	235	36
85	235	56
86	235	95
87	235	19
88	235	64
89	235	60
91	235	58
93	235	32
96	235	21
97	235	39
99	235	79
100	235	40
102	235	90
104	235	130
105	235	32
107	235	100
111	235	59
112	235	86
113	235	71
114	235	44
115	235	86
118	235	29
119	235	59
120	235	81
123	235	71
128	235	110
129	235	49
130	235	98
133	235	24
147	235	73
148	235	40
164	235	54
169	235	56
170	235	67
174	235	40
175	235	47
180	235	68
182	235	80
185	235	85
186	235	80
188	235	51
191	235	19
192	235	159
193	235	191
194	235	240
199	235	13
201	235	70
202	235	44
210	235	51
212	235	3
214	235	27
217	235	68
227	235	84
20	234	17
33	234	68
38	234	93
43	234	55
48	234	19
50	234	38
53	234	59
56	234	43
58	234	37
60	234	40
63	234	47
70	234	93
73	234	56
76	234	67
80	234	63
83	234	112
86	234	14
87	234	80
88	234	27
90	234	74
91	234	59
92	234	139
99	234	98
103	234	46
106	234	86
107	234	28
109	234	43
112	234	59
119	234	57
122	234	87
132	234	49
134	234	75
139	234	60
141	234	60
145	234	95
152	234	60
161	234	66
166	234	57
168	234	66
178	234	106
180	234	73
182	234	57
183	234	81
185	234	39
188	234	65
190	234	41
191	234	19
192	234	88
194	234	31
196	234	116
199	234	69
200	234	100
203	234	15
204	234	42
205	234	135
207	234	77
208	234	77
210	234	48
212	234	63
213	234	56
224	234	49
227	234	98
241	234	71
18	233	44
21	233	71
26	233	68
30	233	52
34	233	60
35	233	75
39	233	62
46	233	47
47	233	45
50	233	74
53	233	42
55	233	32
57	233	54
62	233	59
63	233	59
66	233	72
67	233	53
69	233	30
71	233	109
76	233	54
78	233	52
80	233	53
86	233	76
91	233	175
92	233	59
96	233	204
97	233	43
99	233	5
102	233	140
104	233	52
106	233	34
107	233	64
108	233	95
110	233	56
111	233	38
112	233	56
113	233	30
117	233	51
118	233	28
121	233	108
122	233	97
127	233	51
148	233	33
151	233	69
155	233	29
166	233	76
172	233	56
181	233	49
182	233	94
184	233	68
185	233	99
186	233	18
187	233	33
188	233	80
189	233	61
190	233	92
191	233	125
192	233	119
194	233	56
195	233	70
196	233	67
202	233	70
205	233	104
206	233	83
208	233	70
209	233	37
210	233	75
219	233	78
221	233	13
226	233	61
227	233	50
21	232	65
39	232	37
42	232	42
43	232	136
48	232	48
50	232	86
52	232	43
56	232	74
61	232	77
62	232	72
63	232	42
64	232	106
65	232	54
66	232	94
67	232	121
71	232	190
72	232	28
75	232	43
77	232	76
80	232	14
82	232	202
84	232	63
85	232	88
86	232	63
87	232	34
88	232	72
90	232	41
92	232	62
93	232	20
98	232	29
101	232	48
106	232	86
114	232	5
115	232	57
117	232	22
119	232	44
141	232	21
152	232	74
157	232	39
162	232	56
163	232	109
165	232	38
168	232	96
171	232	49
173	232	61
181	232	155
182	232	183
184	232	40
185	232	47
186	232	83
187	232	77
189	232	71
190	232	35
191	232	49
193	232	53
194	232	96
195	232	79
197	232	21
200	232	49
201	232	78
202	232	27
203	232	90
204	232	83
206	232	56
18	231	63
23	231	30
32	231	71
41	231	24
45	231	13
52	231	17
53	231	78
54	231	71
58	231	12
59	231	34
60	231	23
62	231	98
64	231	48
67	231	36
69	231	41
70	231	52
72	231	87
76	231	23
77	231	58
78	231	62
79	231	45
80	231	43
82	231	35
85	231	53
86	231	63
89	231	17
91	231	118
93	231	40
94	231	76
96	231	45
102	231	57
107	231	60
108	231	40
113	231	30
119	231	45
123	231	66
125	231	70
131	231	58
144	231	20
147	231	72
149	231	22
151	231	36
152	231	9
154	231	54
155	231	38
159	231	37
161	231	47
169	231	45
171	231	36
174	231	114
175	231	70
177	231	53
178	231	64
179	231	76
184	231	126
185	231	77
186	231	31
188	231	54
189	231	75
190	231	46
191	231	198
192	231	61
194	231	130
195	231	181
196	231	57
197	231	150
199	231	174
200	231	93
202	231	30
204	231	164
205	231	95
212	231	42
213	231	64
223	231	71
14	230	79
20	230	133
22	230	87
26	230	130
28	230	6
29	230	78
30	230	62
35	230	29
36	230	44
38	230	116
43	230	68
44	230	45
46	230	63
50	230	154
51	230	28
54	230	24
56	230	67
58	230	55
60	230	57
61	230	61
62	230	30
63	230	21
64	230	93
67	230	70
68	230	32
69	230	70
70	230	138
71	230	1
73	230	121
74	230	52
75	230	28
76	230	99
77	230	95
80	230	69
81	230	69
84	230	32
86	230	82
87	230	16
89	230	79
90	230	38
92	230	85
97	230	43
100	230	51
102	230	43
103	230	63
106	230	59
109	230	70
110	230	78
111	230	92
113	230	101
118	230	63
120	230	40
121	230	54
122	230	35
123	230	80
124	230	31
130	230	54
131	230	100
134	230	95
135	230	76
136	230	151
137	230	24
139	230	57
140	230	61
141	230	37
144	230	73
146	230	38
158	230	10
159	230	52
162	230	71
163	230	48
166	230	98
169	230	102
172	230	63
173	230	75
176	230	110
178	230	44
179	230	100
180	230	155
183	230	56
184	230	51
186	230	92
187	230	71
188	230	179
189	230	108
191	230	70
192	230	180
193	230	42
194	230	255
195	230	302
197	230	49
199	230	111
200	230	40
202	230	155
203	230	87
205	230	73
206	230	61
209	230	65
212	230	34
213	230	51
214	230	63
215	230	29
218	230	33
219	230	52
227	230	30
236	230	36
19	229	41
26	229	78
33	229	53
35	229	55
39	229	76
41	229	13
43	229	23
48	229	72
50	229	37
51	229	57
53	229	22
55	229	52
56	229	29
57	229	120
58	229	61
60	229	13
61	229	47
62	229	74
63	229	81
64	229	25
66	229	157
67	229	103
68	229	51
70	229	104
71	229	49
74	229	159
75	229	19
76	229	70
77	229	62
78	229	90
79	229	40
80	229	65
84	229	149
88	229	82
89	229	51
90	229	74
92	229	34
100	229	41
102	229	61
105	229	69
107	229	49
108	229	66
111	229	64
113	229	117
115	229	39
122	229	39
123	229	56
128	229	51
129	229	163
134	229	42
140	229	62
141	229	83
145	229	25
153	229	59
156	229	65
162	229	74
166	229	43
167	229	53
168	229	78
169	229	37
171	229	38
172	229	45
173	229	106
176	229	26
178	229	39
183	229	36
184	229	57
185	229	58
186	229	139
187	229	126
189	229	115
190	229	27
191	229	83
192	229	110
193	229	110
194	229	41
195	229	100
196	229	141
197	229	38
198	229	103
200	229	66
201	229	43
202	229	129
203	229	54
207	229	37
209	229	65
211	229	125
217	229	93
220	229	43
234	229	65
236	229	29
239	229	89
240	229	106
17	228	66
18	228	51
20	228	39
30	228	52
31	228	46
36	228	45
37	228	84
39	228	54
40	228	93
46	228	30
48	228	65
49	228	82
50	228	51
53	228	29
55	228	127
56	228	49
57	228	54
59	228	51
60	228	54
67	228	66
69	228	22
71	228	23
72	228	52
73	228	20
76	228	62
78	228	51
80	228	60
82	228	91
83	228	7
85	228	44
86	228	102
87	228	59
89	228	66
90	228	34
93	228	66
94	228	53
95	228	49
98	228	84
99	228	69
101	228	77
102	228	68
103	228	91
105	228	64
106	228	40
107	228	51
108	228	23
110	228	54
116	228	60
128	228	26
129	228	71
136	228	52
137	228	167
143	228	62
153	228	85
155	228	50
157	228	59
158	228	36
165	228	70
166	228	60
167	228	59
169	228	121
172	228	80
175	228	129
176	228	46
178	228	51
181	228	133
182	228	66
183	228	26
184	228	75
186	228	187
187	228	104
188	228	162
189	228	249
190	228	150
191	228	55
192	228	190
193	228	104
194	228	135
195	228	102
196	228	112
197	228	167
199	228	99
200	228	54
201	228	110
202	228	72
203	228	58
204	228	51
205	228	68
206	228	19
207	228	54
208	228	102
209	228	165
217	228	92
219	228	41
220	228	4
224	228	51
230	228	56
16	227	71
25	227	57
26	227	52
39	227	141
40	227	68
41	227	70
44	227	49
47	227	37
49	227	1
50	227	140
52	227	29
56	227	21
63	227	75
69	227	32
70	227	82
72	227	34
76	227	122
80	227	51
82	227	79
84	227	58
85	227	74
87	227	116
96	227	58
97	227	119
98	227	68
104	227	72
107	227	50
125	227	92
133	227	57
136	227	58
137	227	35
138	227	67
139	227	79
160	227	29
162	227	57
164	227	60
168	227	77
169	227	106
170	227	164
171	227	53
172	227	55
173	227	50
180	227	205
184	227	118
185	227	305
186	227	68
187	227	99
188	227	133
189	227	247
190	227	88
192	227	109
193	227	104
194	227	181
195	227	100
196	227	25
197	227	65
198	227	125
199	227	78
201	227	81
202	227	95
203	227	29
204	227	111
206	227	103
207	227	170
208	227	51
210	227	36
213	227	79
214	227	75
215	227	9
216	227	157
220	227	55
226	227	43
16	226	51
20	226	40
25	226	40
30	226	70
31	226	54
32	226	52
33	226	9
45	226	69
46	226	131
49	226	147
52	226	44
54	226	121
56	226	43
57	226	38
66	226	34
69	226	189
72	226	153
76	226	128
77	226	25
78	226	57
80	226	117
81	226	33
82	226	118
83	226	100
84	226	85
85	226	110
86	226	51
88	226	40
89	226	33
96	226	73
97	226	86
98	226	66
102	226	130
104	226	66
105	226	37
107	226	32
109	226	71
110	226	22
111	226	72
113	226	51
114	226	59
118	226	39
120	226	42
122	226	41
123	226	172
128	226	68
133	226	57
134	226	60
150	226	57
160	226	88
162	226	191
165	226	45
166	226	51
167	226	126
168	226	70
170	226	88
171	226	25
172	226	27
174	226	21
175	226	81
177	226	99
178	226	137
179	226	90
180	226	66
181	226	94
183	226	103
186	226	53
187	226	30
188	226	154
189	226	100
190	226	119
191	226	83
192	226	114
193	226	255
194	226	98
195	226	79
196	226	112
198	226	233
199	226	228
200	226	107
201	226	145
202	226	91
203	226	56
204	226	50
208	226	14
211	226	88
212	226	20
213	226	51
216	226	67
221	226	55
237	226	43
238	226	24
19	225	29
20	225	2
27	225	45
36	225	60
45	225	27
48	225	50
51	225	25
52	225	105
53	225	49
54	225	154
57	225	98
58	225	66
61	225	12
66	225	105
67	225	48
68	225	54
69	225	52
70	225	64
72	225	49
73	225	2
74	225	119
75	225	55
76	225	104
77	225	24
82	225	21
83	225	229
85	225	86
88	225	37
89	225	46
90	225	18
92	225	17
95	225	31
97	225	15
102	225	102
103	225	64
107	225	32
108	225	40
109	225	56
110	225	34
118	225	34
123	225	208
128	225	106
132	225	50
138	225	102
139	225	46
142	225	59
148	225	72
149	225	12
164	225	63
168	225	106
175	225	33
177	225	37
180	225	48
182	225	51
183	225	99
184	225	13
185	225	60
186	225	160
187	225	270
188	225	164
189	225	163
191	225	211
192	225	26
193	225	135
194	225	168
196	225	105
197	225	150
198	225	106
199	225	136
200	225	197
201	225	57
202	225	131
203	225	144
204	225	185
206	225	75
207	225	48
208	225	37
210	225	39
211	225	57
221	225	24
226	225	48
231	225	62
238	225	48
20	224	12
25	224	26
28	224	132
29	224	25
41	224	106
47	224	54
52	224	190
53	224	51
56	224	72
60	224	48
61	224	25
62	224	51
64	224	80
65	224	22
66	224	40
67	224	59
68	224	145
73	224	19
74	224	35
76	224	63
77	224	47
78	224	65
82	224	61
83	224	55
84	224	91
86	224	83
88	224	54
89	224	46
91	224	36
92	224	70
93	224	64
98	224	76
100	224	67
101	224	45
104	224	31
105	224	53
106	224	67
107	224	63
109	224	25
110	224	141
111	224	62
113	224	81
114	224	62
119	224	85
124	224	101
130	224	57
135	224	37
137	224	65
146	224	20
147	224	39
149	224	15
150	224	67
152	224	97
153	224	64
155	224	87
159	224	9
160	224	54
165	224	39
167	224	55
168	224	25
173	224	94
174	224	104
175	224	64
176	224	58
177	224	40
178	224	69
181	224	243
182	224	128
184	224	35
187	224	109
188	224	93
189	224	86
190	224	120
191	224	45
192	224	69
193	224	141
194	224	114
195	224	33
196	224	244
197	224	90
198	224	141
199	224	131
200	224	131
201	224	214
203	224	117
204	224	52
205	224	57
206	224	67
208	224	36
209	224	82
213	224	59
220	224	58
222	224	77
232	224	55
233	224	21
241	224	29
16	223	52
30	223	59
39	223	79
42	223	45
44	223	105
45	223	44
51	223	82
57	223	37
60	223	142
61	223	82
62	223	73
66	223	90
67	223	25
68	223	66
69	223	109
76	223	103
77	223	80
80	223	71
82	223	96
85	223	61
87	223	107
88	223	110
90	223	74
91	223	62
93	223	115
95	223	65
98	223	46
100	223	94
101	223	123
103	223	95
104	223	95
105	223	47
110	223	44
112	223	14
115	223	109
118	223	96
121	223	26
122	223	51
132	223	71
139	223	75
140	223	44
141	223	57
145	223	49
148	223	84
150	223	87
155	223	40
162	223	57
163	223	134
164	223	44
167	223	43
170	223	50
171	223	88
172	223	79
177	223	54
179	223	42
180	223	154
181	223	123
182	223	123
183	223	153
184	223	31
185	223	90
187	223	84
188	223	87
189	223	42
190	223	91
191	223	140
192	223	64
193	223	140
194	223	166
195	223	154
196	223	142
197	223	129
198	223	166
199	223	102
200	223	73
201	223	85
203	223	172
205	223	149
208	223	22
212	223	62
218	223	17
231	223	36
235	223	63
244	223	51
21	222	31
25	222	24
26	222	30
28	222	55
38	222	66
40	222	47
44	222	73
45	222	53
49	222	89
50	222	36
54	222	94
57	222	47
60	222	17
61	222	77
64	222	210
66	222	127
69	222	42
70	222	42
73	222	62
74	222	62
75	222	49
76	222	77
77	222	90
78	222	101
81	222	94
82	222	39
85	222	8
86	222	252
87	222	108
88	222	60
89	222	55
91	222	31
92	222	52
94	222	57
95	222	80
96	222	59
98	222	93
100	222	62
101	222	120
102	222	84
103	222	61
105	222	80
106	222	40
108	222	19
111	222	77
115	222	78
117	222	71
118	222	35
119	222	104
123	222	87
124	222	107
137	222	77
138	222	45
144	222	84
146	222	20
147	222	206
149	222	43
154	222	68
155	222	22
161	222	36
162	222	11
165	222	114
167	222	31
169	222	66
170	222	22
171	222	47
173	222	74
174	222	64
175	222	33
176	222	83
177	222	130
178	222	157
179	222	71
180	222	162
181	222	161
182	222	107
184	222	79
185	222	164
186	222	49
187	222	27
189	222	56
190	222	30
191	222	12
192	222	139
193	222	39
195	222	296
196	222	237
197	222	222
198	222	121
199	222	64
200	222	117
201	222	51
203	222	74
205	222	29
206	222	104
207	222	61
208	222	85
214	222	48
216	222	92
217	222	31
227	222	51
228	222	63
234	222	98
237	222	47
11	221	45
25	221	49
27	221	68
29	221	33
32	221	38
33	221	90
39	221	62
40	221	23
45	221	26
47	221	49
53	221	66
54	221	77
55	221	106
56	221	125
58	221	111
59	221	221
60	221	19
62	221	18
63	221	13
64	221	129
65	221	80
67	221	41
68	221	34
69	221	124
70	221	15
74	221	122
76	221	70
77	221	17
78	221	15
84	221	22
85	221	162
86	221	67
88	221	115
90	221	61
91	221	33
92	221	38
93	221	65
94	221	161
96	221	40
97	221	63
103	221	18
107	221	27
109	221	101
110	221	92
111	221	196
113	221	49
116	221	19
120	221	158
132	221	77
133	221	5
137	221	46
143	221	48
147	221	52
152	221	45
155	221	81
157	221	103
158	221	63
162	221	34
163	221	155
165	221	61
169	221	6
170	221	107
174	221	227
175	221	59
177	221	107
178	221	151
180	221	103
182	221	90
183	221	76
184	221	136
185	221	84
188	221	60
189	221	41
190	221	95
191	221	207
192	221	82
194	221	96
195	221	153
196	221	82
197	221	122
198	221	230
199	221	58
200	221	237
201	221	92
202	221	91
203	221	124
204	221	43
205	221	12
207	221	84
213	221	41
228	221	23
234	221	67
237	221	80
238	221	39
239	221	52
11	220	53
14	220	66
15	220	44
26	220	29
33	220	54
35	220	66
36	220	90
37	220	79
38	220	38
43	220	62
47	220	59
48	220	54
50	220	81
55	220	72
57	220	71
58	220	89
59	220	88
60	220	70
62	220	59
66	220	23
67	220	31
68	220	20
69	220	77
70	220	65
71	220	152
72	220	30
75	220	66
76	220	83
79	220	59
80	220	143
81	220	101
82	220	55
84	220	84
85	220	57
86	220	48
87	220	28
89	220	34
90	220	69
91	220	116
92	220	63
93	220	44
94	220	67
95	220	133
97	220	54
100	220	37
102	220	32
103	220	103
111	220	45
113	220	80
114	220	40
117	220	48
119	220	57
122	220	82
126	220	71
132	220	76
137	220	17
138	220	92
140	220	85
141	220	86
142	220	45
143	220	40
146	220	40
147	220	29
150	220	31
152	220	55
157	220	45
160	220	45
161	220	31
163	220	20
165	220	33
170	220	73
171	220	36
172	220	19
173	220	76
174	220	115
175	220	90
177	220	47
178	220	74
180	220	52
181	220	44
182	220	93
184	220	57
185	220	138
186	220	71
187	220	119
188	220	16
189	220	60
190	220	131
191	220	215
192	220	171
193	220	39
194	220	174
195	220	103
196	220	72
198	220	55
199	220	131
200	220	229
201	220	223
202	220	229
203	220	34
204	220	55
205	220	146
207	220	70
208	220	61
209	220	59
210	220	52
211	220	75
214	220	140
215	220	262
223	220	57
229	220	33
233	220	69
239	220	27
15	219	34
16	219	32
27	219	58
30	219	62
34	219	59
37	219	66
43	219	59
45	219	13
46	219	65
49	219	65
52	219	96
54	219	136
55	219	26
56	219	133
57	219	51
58	219	154
59	219	229
60	219	104
61	219	22
62	219	95
63	219	41
65	219	38
67	219	77
68	219	307
72	219	45
73	219	81
74	219	18
76	219	82
78	219	199
79	219	81
80	219	136
81	219	150
82	219	114
83	219	18
84	219	33
85	219	104
87	219	52
88	219	54
89	219	54
90	219	101
91	219	33
92	219	57
94	219	66
95	219	30
96	219	117
97	219	73
98	219	100
99	219	46
100	219	52
101	219	81
102	219	82
103	219	43
107	219	56
108	219	68
113	219	71
114	219	50
116	219	44
120	219	44
125	219	34
128	219	89
130	219	125
131	219	103
132	219	49
133	219	67
134	219	53
139	219	72
140	219	9
141	219	108
143	219	52
145	219	84
146	219	96
147	219	12
149	219	37
151	219	82
153	219	81
154	219	86
157	219	108
158	219	124
159	219	41
164	219	79
168	219	94
171	219	72
172	219	20
174	219	48
175	219	31
176	219	74
177	219	52
178	219	49
179	219	77
180	219	85
181	219	22
183	219	46
185	219	58
188	219	68
189	219	169
191	219	65
192	219	178
193	219	38
194	219	74
195	219	71
196	219	98
197	219	177
198	219	132
199	219	44
201	219	147
202	219	74
203	219	39
205	219	64
206	219	16
207	219	49
215	219	63
216	219	78
217	219	30
225	219	42
228	219	57
232	219	19
16	218	54
23	218	84
25	218	26
31	218	38
38	218	36
39	218	41
41	218	54
42	218	24
44	218	14
45	218	41
46	218	7
47	218	11
52	218	22
54	218	44
55	218	59
56	218	65
58	218	108
59	218	54
60	218	131
62	218	85
65	218	64
66	218	70
67	218	47
68	218	84
69	218	124
70	218	66
71	218	139
75	218	95
76	218	160
77	218	73
78	218	283
82	218	13
85	218	24
87	218	56
88	218	101
89	218	75
91	218	59
93	218	37
94	218	60
96	218	45
98	218	108
100	218	36
102	218	40
103	218	48
104	218	120
110	218	22
111	218	66
117	218	33
118	218	39
121	218	73
129	218	64
130	218	33
131	218	102
134	218	74
137	218	75
140	218	86
141	218	37
143	218	5
145	218	85
149	218	58
151	218	106
153	218	55
156	218	45
158	218	48
160	218	107
164	218	175
169	218	26
170	218	39
171	218	30
172	218	72
173	218	144
175	218	42
176	218	148
177	218	58
178	218	99
180	218	193
182	218	82
183	218	33
184	218	119
185	218	63
186	218	91
188	218	130
189	218	150
190	218	60
191	218	160
192	218	112
193	218	74
194	218	91
195	218	158
196	218	212
197	218	131
198	218	187
199	218	17
200	218	162
201	218	124
202	218	132
204	218	26
205	218	78
210	218	20
211	218	127
212	218	129
218	218	105
223	218	77
225	218	66
236	218	89
25	217	53
27	217	32
32	217	42
33	217	46
34	217	122
35	217	80
36	217	65
41	217	71
42	217	52
44	217	33
47	217	21
48	217	70
49	217	47
52	217	142
53	217	16
54	217	117
55	217	44
56	217	100
57	217	85
58	217	110
59	217	227
60	217	192
61	217	51
64	217	102
65	217	71
68	217	141
70	217	123
71	217	37
73	217	40
75	217	67
76	217	69
77	217	10
79	217	41
80	217	44
81	217	92
82	217	93
84	217	51
85	217	56
87	217	79
88	217	54
89	217	84
90	217	91
91	217	82
95	217	49
96	217	29
101	217	83
102	217	54
103	217	42
104	217	31
105	217	46
106	217	105
107	217	54
108	217	80
110	217	95
111	217	75
113	217	22
114	217	230
119	217	16
130	217	35
131	217	42
139	217	40
140	217	44
141	217	42
147	217	52
156	217	55
158	217	122
159	217	37
161	217	112
162	217	28
167	217	197
168	217	71
169	217	87
171	217	75
173	217	55
174	217	64
175	217	85
177	217	104
178	217	156
182	217	99
184	217	32
186	217	26
187	217	23
188	217	42
189	217	185
190	217	48
192	217	100
194	217	68
195	217	84
196	217	75
197	217	176
198	217	307
199	217	51
200	217	73
201	217	19
203	217	139
205	217	22
207	217	55
212	217	59
213	217	78
218	217	62
219	217	15
221	217	33
223	217	74
229	217	105
231	217	30
232	217	30
20	216	56
31	216	62
32	216	47
35	216	67
37	216	59
38	216	94
40	216	103
41	216	54
42	216	49
51	216	54
53	216	75
54	216	113
55	216	137
56	216	23
57	216	35
58	216	192
59	216	34
60	216	116
61	216	180
63	216	82
65	216	60
68	216	106
69	216	54
71	216	37
72	216	53
74	216	21
76	216	51
79	216	151
83	216	33
85	216	101
86	216	32
90	216	97
91	216	60
93	216	62
95	216	79
96	216	55
98	216	47
100	216	87
105	216	36
108	216	75
111	216	66
112	216	43
120	216	87
121	216	30
122	216	66
124	216	60
125	216	115
128	216	45
130	216	70
131	216	57
133	216	79
135	216	58
138	216	44
144	216	15
# chipNumber: 4
# chipName:   G 10 W69
# numHits:    612
197	245	39
172	244	49
142	240	34
141	239	66
143	239	120
141	238	50
218	237	27
111	236	69
205	234	52
215	234	117
23	233	32
52	232	62
187	232	33
213	232	36
29	231	12
138	231	62
144	231	25
18	229	26
131	229	45
183	229	32
30	227	45
186	227	23
198	227	66
129	226	34
113	225	63
137	225	30
190	225	79
202	225	96
154	224	22
149	223	92
150	223	35
181	223	50
166	222	44
168	222	69
169	222	68
182	222	83
114	221	66
184	221	14
190	221	24
57	220	44
170	220	46
31	219	33
215	218	20
27	217	12
28	217	106
44	217	15
191	216	15
182	214	35
191	214	52
123	213	20
186	213	35
190	213	67
191	213	62
102	212	3
131	212	22
135	212	49
163	212	75
191	212	47
205	212	24
98	211	44
163	211	41
201	211	62
103	210	34
120	210	51
192	210	77
131	209	24
142	208	59
28	207	75
146	207	30
183	207	38
36	206	45
161	206	30
207	205	43
63	204	70
202	204	30
164	203	43
112	202	45
107	201	42
179	201	61
56	200	55
120	200	84
202	200	26
78	199	35
118	199	24
123	199	37
125	199	62
136	199	19
201	199	52
104	198	52
176	198	106
49	197	37
120	197	94
141	197	60
107	196	65
110	196	30
142	196	57
189	196	29
112	195	26
115	194	58
120	194	37
91	193	35
110	193	36
120	193	46
134	193	27
135	193	60
179	193	33
69	192	62
107	192	26
108	192	33
120	192	37
128	192	68
136	192	51
141	192	89
149	192	93
110	191	39
112	191	98
114	191	38
116	191	68
47	190	26
71	190	36
116	190	45
124	190	92
125	190	69
126	190	76
120	189	66
13	188	60
40	188	25
92	188	31
113	188	75
117	188	87
118	188	42
122	188	32
176	188	59
95	187	30
121	187	65
134	187	61
167	187	55
21	186	69
49	186	41
104	186	42
134	186	56
79	185	60
118	185	46
128	185	17
136	185	41
137	185	59
169	185	63
170	185	75
34	184	25
35	184	64
99	184	71
103	184	75
113	184	55
129	184	49
130	184	40
133	184	32
168	184	63
182	184	41
18	183	43
35	183	58
78	183	62
117	183	34
120	183	25
127	183	40
133	183	6
143	183	63
179	183	47
78	182	52
130	182	4
143	182	42
146	182	59
105	181	31
111	181	37
113	181	65
117	181	71
132	181	33
147	181	92
151	181	19
153	181	44
172	181	32
179	181	55
110	180	61
112	180	79
115	180	50
116	180	51
162	180	82
165	180	10
117	179	62
120	179	126
129	179	40
132	179	78
161	179	33
177	179	31
191	179	50
111	178	73
113	178	59
114	178	57
115	178	60
129	178	69
134	178	66
144	178	79
165	178	58
177	178	57
179	178	44
183	178	57
115	177	45
116	177	41
128	177	65
100	176	61
107	176	26
108	176	52
127	176	37
134	176	16
155	176	70
163	176	59
99	175	45
116	175	24
121	175	63
131	175	30
139	175	41
75	174	71
108	174	48
116	174	36
119	174	36
150	174	87
151	174	87
59	173	34
85	173	57
97	173	60
98	173	113
110	173	52
111	173	24
115	173	73
130	173	72
148	173	25
169	173	69
183	173	52
76	172	24
79	172	59
98	172	53
107	172	62
143	172	43
21	171	63
100	171	44
110	171	20
123	171	40
137	171	33
96	170	84
97	170	59
125	170	59
128	170	22
133	170	54
52	169	44
111	169	91
118	169	33
131	169	122
143	169	56
53	168	72
62	168	46
111	168	84
124	168	59
137	168	33
106	167	56
108	167	44
109	167	107
115	167	78
127	167	26
87	166	27
98	166	55
101	166	51
108	166	61
130	166	55
121	165	65
123	165	51
132	165	65
145	164	26
152	164	49
29	163	83
91	163	45
123	163	77
146	163	44
148	163	45
154	163	33
116	162	134
124	162	56
132	162	64
145	162	33
146	162	77
76	161	53
95	161	50
75	160	49
98	160	62
99	160	65
165	160	74
38	159	22
39	159	63
111	159	94
112	159	8
115	159	25
120	159	41
126	159	61
97	158	59
102	158	48
119	158	57
136	158	50
29	157	15
98	157	56
110	157	55
114	157	65
128	157	32
133	157	63
101	156	60
113	156	38
131	156	35
101	155	28
110	155	49
133	155	41
111	154	74
112	154	50
118	154	38
135	154	68
93	153	19
100	153	49
102	153	33
78	152	47
85	152	24
30	151	54
108	151	71
134	151	57
162	151	47
138	150	62
97	149	50
14	148	69
39	148	42
143	148	29
14	147	15
82	147	53
88	147	47
90	147	56
95	147	52
106	147	64
123	147	60
125	147	35
101	146	69
120	146	73
135	146	71
141	146	36
101	145	40
107	145	59
219	145	14
26	144	66
84	144	63
117	143	41
157	143	25
166	143	53
215	143	64
101	142	68
102	142	78
214	142	24
215	142	64
101	141	16
108	141	72
110	141	40
156	141	52
23	140	69
36	140	86
61	140	28
77	140	54
95	140	55
100	140	30
105	140	25
109	140	65
117	140	44
174	140	46
76	139	74
132	139	22
208	139	69
104	138	37
118	138	67
126	138	82
129	138	56
130	138	62
159	138	93
26	137	48
55	137	66
88	137	40
128	137	99
129	137	33
130	137	24
101	136	42
104	136	70
108	136	52
59	135	45
80	135	33
109	135	14
115	135	65
128	135	74
146	135	137
135	134	74
73	132	63
93	132	73
130	132	47
131	132	45
167	132	55
170	132	51
52	131	72
73	131	41
88	131	68
93	131	19
107	131	105
131	131	44
168	131	30
186	131	64
85	130	48
28	129	56
108	129	62
128	129	59
79	128	26
90	128	99
192	128	92
84	127	71
101	127	56
103	127	67
163	127	48
241	127	70
99	126	37
119	126	57
168	126	50
169	126	26
200	126	63
64	125	33
65	125	63
94	125	29
101	125	51
52	124	70
67	124	52
162	123	30
169	123	49
91	121	92
156	121	41
81	120	35
85	120	48
100	120	49
131	120	67
90	119	52
91	119	47
152	119	19
181	119	63
184	119	73
82	118	50
153	118	38
221	118	44
48	117	65
61	117	42
83	117	51
95	117	32
171	117	67
174	117	67
200	117	51
10	116	54
17	116	68
121	116	28
122	116	49
138	116	65
139	116	34
147	116	65
106	115	61
147	115	33
175	115	57
216	115	55
107	114	53
151	114	71
160	114	58
185	114	18
198	114	44
204	114	75
67	113	39
78	113	44
89	113	22
78	112	21
138	112	51
142	112	39
149	112	67
165	112	40
83	111	57
96	111	93
98	111	24
134	111	25
149	111	78
181	111	60
89	110	88
219	110	60
221	110	79
78	109	60
128	109	43
129	109	49
156	109	65
213	109	41
75	108	18
128	108	7
129	108	77
214	108	26
219	108	34
75	107	41
75	106	82
102	106	68
188	106	74
95	105	15
96	105	81
156	105	78
175	105	22
85	104	63
96	104	74
97	104	87
96	103	33
156	103	80
207	103	47
228	103	33
229	103	60
81	101	48
227	101	43
124	100	57
169	100	17
180	100	16
202	100	51
217	100	63
72	99	62
234	99	59
158	98	50
165	98	44
73	97	36
172	97	60
145	96	49
154	96	65
213	96	55
67	95	48
70	95	42
77	95	33
82	95	52
154	95	30
94	94	61
155	94	28
155	93	41
78	92	70
91	92	61
245	92	69
88	91	40
92	91	52
93	91	52
217	90	65
230	90	77
75	89	64
246	88	42
78	86	56
63	84	67
192	84	31
64	83	91
57	82	48
60	82	65
68	82	17
62	81	56
63	79	29
216	77	49
229	77	10
59	76	52
60	75	84
60	74	67
45	73	55
71	73	64
78	72	115
63	71	67
226	70	46
230	70	40
52	69	35
58	69	88
228	68	83
46	67	50
63	67	35
225	67	62
232	65	70
76	64	43
55	59	15
61	57	54
35	54	80
34	53	43
50	53	82
52	53	70
39	51	32
13	50	54
237	50	46
39	45	36
51	45	43
40	44	57
58	44	40
57	43	102
69	42	49
59	39	59
54	37	61
59	37	29
38	32	65
44	32	23
44	31	61
46	31	91
47	31	14
33	30	76
27	26	75
25	25	54
52	25	93
45	23	58
23	11	40
21	10	25
16	7	51
# chipNumber: 5
# chipName:   D 9 W69
# numHits:    23
205	238	39
159	236	35
192	228	15
161	226	26
173	225	20
174	225	34
179	225	58
181	221	8
177	209	37
161	205	46
165	200	21
182	198	16
174	197	7
181	197	8
176	196	55
149	195	15
185	195	57
222	193	18
186	187	38
196	182	30
237	172	34
235	171	30
222	150	48
# chipNumber: 6
# chipName:   L 8 W69
# numHits:    54
166	233	11810
234	203	11810
27	123	21
29	118	5
30	116	25
32	113	17
24	111	27
46	108	34
27	106	25
40	106	28
35	104	13
29	103	40
17	102	31
20	102	15
34	101	38
35	101	35
31	100	14
9	99	33
19	99	70
22	99	44
9	98	15
26	98	33
19	97	19
38	97	41
18	96	110
39	95	3
22	91	40
26	91	20
29	91	28
31	91	18
33	89	15
47	88	39
20	86	31
21	85	105
27	85	27
17	84	20
19	84	16
21	84	46
34	81	23
35	81	59
28	79	11
23	78	40
38	76	77
30	72	63
20	70	27
38	70	61
49	68	42
31	64	18
82	46	52
69	41	50
84	21	32
76	16	81
77	16	82
96	7	23
