## [General]
## runNumber:        241
## runTime:       	 7200
## runTimeFrames: 	 0
## pathName:         data/runs/Run_241_181022-16-16
## dateTime:         2018-10-22.18:09:38
## numChips:         7
## shutterTime:      30
## shutterMode:      verylong
## runMode:          0
## fastClock:        0
## externalTrigger:  0
## [Event]
## eventNumber:      8955
## useHvFadc:    	 1
## fadcReadout:    	 1
## szint1ClockInt:	 0
## szint2ClockInt:	 4095
## fadcTriggerClock: 0
# chipNumber: 0
# chipName:   E 6 W69
# numHits:    34
121	238	30
36	232	51
140	231	26
215	230	45
30	228	45
45	226	62
98	218	70
45	217	22
104	217	60
117	217	38
24	215	30
37	215	51
44	215	36
22	214	68
83	213	46
32	208	38
48	207	59
30	206	54
18	203	46
7	199	39
24	198	39
58	198	46
62	198	33
24	197	40
11	196	59
52	196	27
77	195	49
47	194	19
27	191	35
21	190	30
24	190	60
24	189	51
25	188	25
26	188	16
# chipNumber: 1
# chipName:   K 6 W69
# numHits:    54
246	195	32
238	192	51
242	171	36
221	167	30
222	167	71
223	166	40
239	166	51
238	164	79
230	163	87
233	162	56
219	160	45
228	160	83
229	160	73
220	159	20
238	159	74
222	158	81
242	157	33
234	156	38
233	155	57
243	154	53
214	153	48
233	153	25
196	148	38
235	148	57
241	147	45
243	147	55
232	146	71
237	146	64
238	146	48
227	145	34
232	145	20
235	145	81
247	144	47
213	141	29
212	140	53
236	140	88
242	140	27
246	139	48
225	138	26
226	138	43
234	138	48
240	137	21
241	136	16
225	135	32
241	134	39
222	133	53
233	131	70
210	127	43
219	121	62
238	112	43
240	111	9
238	109	98
229	107	79
0	82	22
# chipNumber: 2
# chipName:   H 9 W69
# numHits:    27
240	181	41
247	181	46
243	151	31
247	150	75
244	145	29
242	142	51
240	141	59
241	139	84
230	138	56
245	125	121
234	123	39
245	115	65
240	111	65
245	107	50
228	104	66
232	102	58
237	92	60
240	90	39
236	89	18
239	80	46
240	80	28
226	79	104
240	67	71
244	61	29
247	59	64
238	55	48
234	50	59
# chipNumber: 3
# chipName:   H 10 W69
# numHits:    21586
82	224	19
83	224	141
84	224	78
85	224	194
86	224	43
87	224	85
88	224	160
90	224	38
93	224	53
97	224	36
99	224	54
100	224	13
102	224	53
103	224	25
104	224	78
106	224	232
107	224	2
109	224	52
110	224	43
113	224	69
115	224	34
116	224	32
121	224	61
133	224	83
153	224	29
154	224	19
156	224	163
158	224	52
159	224	113
160	224	50
162	224	17
164	224	76
165	224	31
166	224	122
169	224	35
171	224	68
174	224	93
175	224	38
181	224	25
185	224	71
188	224	37
189	224	57
191	224	64
200	224	85
202	224	88
203	224	103
210	224	42
218	224	46
220	224	34
233	224	43
15	223	62
19	223	83
20	223	137
23	223	57
24	223	45
32	223	19
33	223	45
34	223	36
35	223	45
40	223	23
41	223	30
43	223	51
44	223	54
45	223	69
46	223	87
48	223	51
50	223	40
51	223	14
53	223	70
54	223	36
55	223	167
57	223	121
59	223	64
60	223	159
62	223	70
63	223	71
64	223	137
65	223	40
66	223	47
67	223	34
69	223	25
70	223	16
72	223	58
75	223	106
78	223	47
80	223	52
81	223	118
82	223	38
83	223	110
84	223	38
92	223	10
93	223	72
94	223	62
99	223	20
100	223	123
104	223	41
105	223	140
106	223	38
107	223	54
109	223	63
110	223	38
115	223	30
116	223	45
119	223	40
120	223	51
136	223	51
152	223	45
154	223	55
156	223	23
160	223	41
161	223	65
162	223	85
163	223	53
164	223	64
166	223	85
168	223	60
170	223	28
172	223	118
180	223	16
181	223	27
184	223	25
187	223	93
190	223	42
192	223	78
193	223	46
194	223	42
196	223	90
201	223	17
205	223	80
210	223	74
212	223	19
214	223	118
216	223	145
220	223	68
221	223	58
223	223	27
229	223	5
233	223	36
8	222	21
14	222	59
18	222	208
25	222	71
27	222	72
31	222	77
33	222	30
35	222	21
38	222	59
40	222	42
42	222	66
44	222	169
45	222	192
47	222	51
49	222	37
56	222	159
59	222	61
62	222	25
63	222	54
66	222	49
67	222	59
68	222	37
69	222	40
71	222	139
72	222	85
74	222	144
76	222	122
77	222	53
78	222	25
80	222	32
82	222	22
83	222	18
88	222	21
89	222	42
90	222	28
93	222	50
100	222	82
103	222	62
107	222	16
111	222	90
112	222	46
113	222	63
114	222	59
116	222	52
117	222	55
118	222	48
129	222	51
134	222	31
136	222	96
138	222	69
140	222	55
145	222	79
146	222	73
151	222	63
152	222	19
154	222	106
157	222	44
160	222	41
165	222	66
167	222	29
172	222	29
175	222	81
177	222	53
182	222	58
184	222	68
185	222	67
186	222	27
196	222	52
200	222	27
201	222	76
202	222	107
203	222	43
208	222	53
211	222	60
212	222	91
213	222	64
230	222	31
17	221	73
19	221	36
22	221	62
25	221	20
28	221	26
29	221	69
31	221	70
33	221	47
34	221	110
36	221	66
37	221	42
40	221	144
42	221	52
44	221	154
45	221	61
47	221	5
50	221	41
53	221	16
57	221	34
58	221	43
59	221	75
60	221	73
61	221	21
62	221	38
66	221	58
67	221	110
68	221	112
69	221	54
72	221	38
74	221	43
79	221	18
81	221	50
82	221	55
83	221	84
84	221	117
86	221	109
90	221	138
92	221	35
93	221	78
94	221	76
102	221	58
103	221	125
104	221	80
105	221	57
109	221	41
111	221	49
113	221	60
114	221	80
150	221	78
151	221	24
156	221	24
158	221	43
159	221	37
160	221	99
165	221	79
166	221	125
167	221	48
168	221	42
172	221	79
173	221	60
181	221	75
182	221	55
183	221	58
186	221	58
188	221	52
190	221	52
193	221	26
196	221	45
206	221	41
207	221	20
212	221	70
220	221	25
231	221	37
18	220	56
20	220	115
21	220	116
23	220	46
29	220	91
33	220	88
34	220	142
35	220	20
37	220	112
38	220	165
40	220	66
41	220	70
43	220	84
45	220	123
47	220	65
48	220	22
49	220	67
52	220	66
53	220	51
54	220	73
55	220	65
57	220	118
59	220	127
60	220	16
61	220	52
62	220	22
63	220	26
65	220	46
66	220	26
67	220	22
73	220	79
75	220	52
76	220	49
83	220	52
90	220	136
91	220	44
92	220	73
93	220	72
95	220	50
96	220	227
97	220	69
98	220	30
101	220	78
102	220	66
104	220	72
105	220	120
108	220	103
109	220	35
110	220	29
112	220	99
113	220	32
114	220	40
117	220	75
122	220	48
123	220	9
132	220	79
142	220	63
145	220	47
149	220	20
150	220	56
151	220	88
152	220	33
154	220	27
155	220	57
157	220	71
163	220	34
166	220	136
168	220	67
169	220	29
170	220	53
173	220	20
174	220	55
178	220	82
182	220	47
183	220	42
188	220	65
190	220	14
193	220	49
196	220	78
197	220	30
200	220	50
209	220	49
214	220	141
217	220	111
218	220	52
221	220	42
225	220	20
226	220	62
230	220	30
240	220	100
241	220	43
242	220	73
7	219	29
8	219	31
16	219	58
20	219	65
21	219	70
24	219	81
26	219	63
27	219	25
28	219	38
30	219	100
37	219	109
38	219	131
41	219	36
42	219	22
44	219	33
45	219	59
46	219	25
53	219	29
57	219	35
59	219	58
62	219	172
63	219	126
64	219	22
65	219	40
70	219	118
72	219	66
73	219	104
74	219	57
76	219	23
79	219	75
83	219	27
87	219	72
88	219	56
90	219	66
93	219	55
95	219	197
99	219	70
107	219	67
108	219	86
109	219	44
110	219	24
112	219	13
114	219	122
116	219	55
119	219	30
120	219	60
122	219	54
123	219	72
125	219	67
143	219	61
146	219	45
149	219	59
156	219	86
162	219	36
163	219	51
164	219	95
166	219	54
172	219	70
173	219	23
177	219	95
180	219	57
189	219	84
191	219	57
195	219	26
199	219	95
200	219	70
202	219	45
203	219	40
206	219	58
209	219	75
213	219	43
217	219	58
218	219	50
220	219	85
222	219	86
232	219	46
237	219	51
242	219	48
10	218	118
11	218	66
15	218	76
16	218	176
17	218	78
18	218	55
19	218	78
20	218	43
23	218	73
24	218	81
25	218	191
26	218	63
27	218	32
28	218	77
29	218	141
32	218	56
33	218	9
34	218	151
35	218	190
36	218	86
37	218	66
38	218	16
42	218	49
43	218	105
47	218	83
48	218	78
51	218	45
53	218	41
54	218	292
56	218	100
57	218	79
58	218	92
59	218	34
60	218	90
61	218	33
62	218	104
63	218	26
64	218	68
65	218	33
66	218	79
67	218	119
69	218	24
70	218	114
71	218	120
72	218	93
73	218	37
74	218	37
77	218	68
78	218	67
80	218	72
81	218	23
84	218	66
88	218	31
90	218	63
92	218	151
94	218	61
96	218	35
100	218	47
101	218	117
102	218	22
106	218	133
109	218	17
115	218	21
119	218	26
120	218	52
121	218	49
125	218	82
129	218	59
137	218	54
139	218	48
140	218	59
142	218	50
143	218	166
151	218	73
154	218	14
157	218	137
160	218	36
162	218	66
165	218	139
166	218	99
167	218	13
169	218	13
171	218	73
175	218	89
176	218	46
180	218	45
198	218	46
199	218	50
200	218	90
204	218	67
214	218	126
222	218	83
226	218	46
228	218	32
231	218	13
233	218	47
241	218	70
242	218	105
243	218	90
12	217	33
13	217	91
14	217	12
17	217	112
19	217	23
22	217	65
23	217	98
25	217	114
27	217	106
28	217	59
29	217	20
30	217	60
33	217	102
34	217	104
35	217	73
36	217	47
37	217	90
39	217	79
40	217	77
41	217	29
42	217	51
44	217	112
45	217	39
46	217	93
47	217	127
48	217	82
51	217	75
53	217	185
54	217	151
55	217	22
57	217	145
58	217	125
59	217	61
60	217	97
61	217	108
62	217	217
63	217	13
64	217	94
65	217	114
66	217	124
67	217	90
69	217	48
71	217	73
73	217	51
74	217	51
75	217	77
76	217	125
83	217	43
84	217	71
86	217	108
87	217	52
88	217	56
89	217	36
93	217	119
95	217	70
96	217	75
102	217	22
110	217	40
119	217	45
122	217	110
131	217	49
141	217	56
144	217	27
148	217	34
151	217	78
154	217	113
156	217	74
157	217	52
159	217	71
163	217	89
169	217	25
177	217	99
178	217	26
179	217	76
180	217	19
183	217	63
184	217	21
190	217	75
197	217	74
198	217	72
201	217	97
203	217	84
206	217	90
208	217	152
210	217	55
219	217	33
220	217	65
223	217	36
224	217	78
226	217	18
231	217	15
236	217	49
11	216	60
13	216	59
17	216	98
18	216	41
19	216	176
20	216	121
21	216	53
22	216	67
23	216	132
24	216	56
29	216	71
30	216	93
31	216	103
32	216	120
34	216	93
35	216	103
37	216	58
38	216	50
39	216	37
40	216	42
41	216	68
42	216	29
44	216	190
45	216	153
47	216	126
48	216	163
49	216	98
52	216	79
53	216	101
54	216	42
55	216	73
56	216	111
57	216	35
58	216	53
61	216	240
63	216	69
64	216	110
65	216	30
66	216	72
67	216	54
69	216	52
71	216	59
75	216	40
78	216	167
79	216	61
80	216	86
82	216	53
83	216	51
84	216	26
85	216	77
86	216	112
87	216	41
88	216	125
89	216	20
90	216	54
91	216	138
95	216	49
98	216	97
99	216	92
101	216	62
104	216	72
106	216	127
107	216	206
108	216	63
113	216	106
114	216	47
115	216	47
120	216	44
124	216	46
127	216	55
128	216	72
135	216	25
136	216	24
138	216	25
141	216	36
145	216	48
149	216	67
150	216	185
154	216	64
158	216	92
166	216	28
171	216	64
172	216	34
173	216	40
177	216	59
178	216	120
179	216	11
180	216	206
182	216	100
184	216	71
190	216	53
191	216	53
192	216	30
193	216	80
197	216	137
199	216	47
200	216	75
201	216	31
206	216	62
208	216	49
209	216	43
215	216	80
217	216	162
221	216	61
222	216	48
223	216	25
226	216	63
228	216	121
229	216	28
231	216	48
232	216	37
234	216	17
10	215	86
11	215	34
12	215	58
14	215	40
15	215	85
19	215	59
20	215	29
22	215	118
24	215	78
25	215	78
27	215	40
28	215	149
29	215	51
33	215	118
34	215	83
37	215	62
38	215	74
39	215	180
41	215	51
42	215	54
43	215	171
44	215	54
45	215	24
46	215	93
47	215	85
48	215	62
49	215	120
50	215	39
51	215	50
52	215	68
55	215	68
57	215	57
58	215	123
60	215	66
62	215	128
64	215	134
65	215	42
66	215	95
73	215	167
74	215	110
75	215	61
77	215	62
80	215	73
81	215	44
82	215	24
84	215	98
91	215	26
94	215	54
101	215	68
107	215	45
116	215	38
120	215	89
121	215	27
130	215	11
138	215	51
142	215	40
151	215	49
152	215	29
156	215	15
159	215	63
161	215	43
170	215	98
171	215	46
172	215	54
176	215	147
177	215	69
178	215	20
180	215	54
186	215	49
188	215	86
191	215	59
192	215	149
193	215	158
196	215	42
198	215	28
206	215	55
212	215	26
215	215	42
217	215	56
220	215	73
222	215	122
224	215	26
225	215	46
229	215	39
230	215	35
233	215	64
235	215	42
236	215	41
237	215	98
240	215	164
244	215	107
245	215	13
12	214	24
14	214	57
16	214	162
18	214	31
22	214	41
23	214	93
24	214	33
26	214	130
27	214	115
30	214	185
32	214	59
33	214	49
35	214	136
37	214	77
38	214	92
39	214	163
40	214	49
42	214	80
43	214	273
44	214	122
45	214	55
46	214	44
48	214	57
49	214	133
50	214	218
51	214	81
55	214	38
56	214	105
57	214	140
58	214	98
61	214	40
62	214	79
63	214	58
64	214	25
65	214	43
68	214	19
69	214	49
70	214	109
73	214	25
74	214	96
75	214	73
78	214	38
79	214	56
81	214	89
82	214	54
83	214	42
84	214	56
89	214	32
90	214	62
91	214	60
92	214	32
93	214	37
98	214	34
103	214	51
104	214	57
105	214	29
107	214	67
115	214	47
122	214	72
128	214	92
129	214	19
136	214	24
137	214	32
142	214	35
147	214	65
148	214	81
152	214	68
154	214	41
160	214	90
162	214	33
163	214	75
166	214	69
168	214	68
170	214	46
173	214	60
174	214	26
175	214	62
176	214	71
181	214	64
183	214	76
188	214	42
189	214	25
190	214	46
193	214	57
194	214	43
196	214	109
197	214	139
198	214	40
199	214	99
200	214	51
203	214	88
205	214	48
209	214	103
212	214	56
216	214	105
219	214	32
221	214	33
223	214	46
226	214	60
231	214	47
236	214	62
239	214	68
244	214	37
14	213	32
17	213	60
18	213	28
19	213	22
20	213	115
21	213	42
22	213	40
23	213	158
24	213	54
25	213	95
27	213	31
29	213	42
30	213	167
32	213	69
33	213	76
34	213	122
35	213	68
37	213	16
38	213	81
40	213	46
42	213	76
43	213	72
44	213	78
45	213	102
48	213	45
49	213	65
50	213	39
51	213	52
52	213	115
53	213	49
54	213	93
55	213	101
56	213	22
57	213	161
58	213	151
59	213	44
60	213	70
61	213	131
62	213	89
63	213	100
64	213	26
66	213	37
68	213	55
69	213	58
71	213	83
72	213	39
73	213	56
74	213	210
75	213	48
77	213	65
79	213	24
83	213	44
87	213	119
88	213	66
94	213	24
97	213	37
101	213	25
109	213	50
115	213	19
119	213	44
128	213	96
151	213	31
157	213	115
158	213	31
160	213	74
162	213	85
163	213	103
165	213	62
172	213	20
173	213	72
174	213	30
175	213	50
177	213	61
180	213	58
181	213	42
183	213	129
185	213	20
187	213	73
190	213	45
194	213	72
195	213	20
196	213	21
197	213	46
203	213	78
212	213	168
214	213	83
216	213	55
217	213	86
219	213	9
220	213	48
221	213	112
222	213	49
224	213	87
226	213	86
227	213	103
231	213	59
232	213	124
238	213	36
12	212	85
14	212	198
17	212	54
18	212	71
20	212	100
21	212	98
22	212	44
23	212	85
25	212	121
26	212	67
28	212	60
29	212	110
31	212	23
32	212	179
33	212	61
34	212	67
35	212	38
36	212	17
38	212	127
39	212	137
40	212	54
41	212	50
42	212	109
43	212	74
44	212	73
45	212	98
46	212	48
47	212	65
50	212	77
51	212	116
52	212	73
53	212	133
55	212	160
56	212	60
57	212	124
64	212	53
65	212	46
66	212	85
67	212	57
68	212	36
69	212	10
70	212	63
72	212	49
73	212	53
75	212	127
76	212	79
77	212	108
78	212	66
79	212	29
80	212	30
81	212	92
84	212	74
88	212	29
91	212	70
93	212	57
97	212	24
98	212	69
103	212	73
104	212	72
105	212	60
107	212	65
120	212	61
121	212	51
129	212	65
159	212	113
161	212	53
163	212	84
169	212	58
174	212	57
176	212	72
178	212	54
179	212	30
181	212	32
184	212	24
185	212	70
186	212	119
189	212	25
190	212	34
196	212	115
197	212	37
200	212	87
202	212	19
203	212	70
205	212	125
207	212	137
213	212	30
214	212	46
215	212	22
216	212	6
219	212	98
220	212	80
222	212	38
223	212	87
226	212	66
227	212	66
229	212	94
230	212	78
231	212	121
237	212	112
238	212	93
239	212	93
241	212	9
12	211	49
14	211	87
15	211	113
16	211	52
20	211	31
21	211	175
22	211	110
23	211	105
25	211	110
27	211	67
28	211	145
29	211	183
31	211	102
32	211	74
34	211	141
36	211	97
37	211	74
38	211	33
39	211	46
40	211	29
42	211	44
43	211	113
44	211	141
45	211	5
46	211	67
47	211	83
48	211	95
49	211	53
50	211	97
52	211	133
53	211	89
55	211	32
56	211	76
59	211	65
60	211	77
62	211	7
64	211	101
65	211	37
66	211	111
67	211	63
69	211	102
72	211	53
73	211	36
74	211	30
75	211	112
76	211	56
78	211	32
80	211	43
83	211	38
84	211	135
86	211	67
89	211	39
93	211	46
95	211	37
102	211	77
106	211	105
109	211	31
113	211	91
132	211	60
135	211	104
136	211	24
142	211	34
143	211	66
146	211	63
150	211	52
153	211	33
157	211	11
174	211	79
177	211	41
180	211	137
181	211	57
183	211	31
184	211	120
191	211	110
193	211	39
198	211	36
199	211	20
200	211	74
203	211	49
207	211	57
208	211	55
209	211	8
212	211	107
215	211	34
220	211	79
221	211	113
222	211	25
223	211	89
224	211	133
226	211	144
227	211	147
228	211	67
229	211	9
232	211	54
233	211	87
236	211	68
238	211	50
240	211	24
244	211	105
10	210	30
13	210	36
17	210	58
18	210	21
19	210	30
20	210	54
23	210	112
24	210	55
25	210	59
26	210	40
27	210	131
28	210	50
29	210	148
31	210	27
33	210	68
34	210	19
35	210	49
36	210	276
37	210	17
39	210	115
40	210	136
41	210	185
42	210	178
44	210	66
45	210	113
46	210	227
47	210	160
48	210	228
49	210	121
50	210	87
51	210	16
52	210	66
54	210	73
57	210	98
58	210	77
59	210	29
61	210	44
62	210	157
63	210	122
64	210	46
65	210	75
66	210	63
68	210	43
69	210	102
71	210	83
74	210	36
75	210	83
76	210	100
77	210	55
78	210	59
80	210	36
81	210	61
82	210	125
83	210	44
84	210	127
86	210	48
88	210	103
94	210	64
95	210	65
99	210	43
100	210	56
101	210	24
104	210	63
105	210	60
112	210	131
113	210	142
114	210	83
116	210	75
120	210	125
123	210	55
125	210	78
131	210	53
135	210	58
143	210	61
145	210	27
149	210	50
158	210	86
160	210	58
161	210	17
162	210	38
163	210	37
164	210	31
165	210	41
170	210	74
176	210	98
180	210	28
182	210	36
185	210	56
187	210	67
189	210	43
193	210	43
194	210	68
197	210	44
198	210	143
199	210	22
204	210	47
207	210	18
208	210	114
212	210	74
214	210	13
215	210	107
221	210	128
224	210	66
225	210	62
226	210	47
227	210	35
229	210	105
230	210	109
232	210	137
234	210	52
8	209	11
10	209	76
13	209	35
15	209	145
16	209	28
18	209	66
19	209	30
22	209	24
23	209	102
24	209	63
25	209	111
26	209	145
27	209	182
28	209	199
29	209	64
31	209	48
34	209	67
35	209	53
36	209	13
37	209	59
38	209	70
39	209	52
41	209	143
42	209	79
43	209	60
44	209	80
46	209	28
47	209	89
48	209	171
49	209	39
51	209	144
52	209	126
53	209	85
54	209	49
55	209	33
56	209	76
58	209	24
60	209	135
62	209	53
64	209	20
66	209	44
70	209	92
71	209	66
74	209	42
75	209	30
76	209	92
78	209	71
79	209	41
82	209	25
84	209	174
89	209	38
91	209	50
92	209	55
94	209	49
96	209	74
98	209	50
99	209	41
102	209	74
104	209	34
106	209	25
113	209	88
115	209	37
116	209	54
117	209	28
120	209	34
128	209	46
137	209	53
138	209	26
148	209	89
151	209	28
155	209	51
159	209	75
163	209	2
164	209	40
165	209	51
170	209	75
174	209	48
178	209	20
184	209	64
187	209	61
190	209	56
194	209	72
197	209	18
200	209	63
201	209	51
203	209	111
211	209	46
212	209	169
213	209	50
216	209	37
217	209	91
220	209	149
223	209	78
224	209	58
227	209	79
230	209	63
231	209	61
237	209	92
238	209	24
239	209	52
10	208	89
12	208	49
13	208	85
14	208	117
15	208	126
16	208	77
17	208	97
18	208	94
19	208	93
21	208	102
22	208	154
23	208	60
24	208	93
25	208	153
29	208	14
30	208	72
33	208	38
34	208	103
35	208	231
37	208	107
38	208	33
39	208	30
40	208	92
42	208	41
44	208	288
46	208	151
49	208	276
50	208	63
51	208	78
54	208	32
55	208	57
58	208	153
60	208	47
61	208	143
62	208	87
63	208	135
64	208	67
67	208	49
68	208	160
69	208	62
71	208	73
76	208	57
78	208	65
79	208	70
81	208	19
84	208	70
85	208	30
86	208	46
88	208	54
90	208	48
91	208	49
92	208	50
94	208	44
96	208	68
98	208	20
104	208	18
111	208	25
112	208	132
114	208	19
116	208	53
120	208	48
128	208	55
133	208	69
152	208	59
153	208	105
159	208	31
163	208	37
165	208	53
167	208	29
168	208	63
169	208	39
175	208	45
177	208	5
180	208	68
187	208	49
190	208	43
192	208	19
193	208	70
195	208	27
196	208	125
199	208	57
200	208	57
201	208	51
204	208	61
205	208	56
209	208	83
210	208	148
212	208	77
214	208	16
216	208	43
217	208	87
218	208	4
219	208	92
220	208	63
221	208	54
222	208	54
223	208	62
224	208	140
225	208	121
226	208	227
230	208	20
232	208	73
233	208	124
238	208	128
239	208	36
243	208	78
245	208	14
246	208	11
9	207	34
11	207	80
13	207	65
14	207	66
15	207	29
17	207	95
20	207	118
21	207	78
22	207	65
23	207	42
24	207	61
26	207	128
27	207	91
28	207	49
29	207	12
30	207	89
31	207	134
32	207	67
33	207	93
34	207	21
36	207	42
37	207	59
38	207	34
39	207	15
40	207	22
41	207	86
43	207	31
44	207	92
45	207	83
46	207	224
47	207	240
49	207	122
50	207	79
51	207	195
52	207	69
53	207	29
54	207	22
55	207	49
57	207	32
59	207	166
60	207	48
61	207	112
63	207	122
64	207	15
67	207	43
68	207	60
69	207	98
75	207	54
76	207	51
77	207	136
78	207	114
80	207	76
85	207	69
87	207	28
89	207	68
92	207	75
93	207	116
95	207	54
99	207	11
100	207	46
102	207	35
103	207	31
104	207	72
109	207	25
110	207	57
112	207	164
115	207	77
117	207	54
142	207	43
146	207	41
153	207	86
155	207	40
158	207	51
159	207	144
163	207	96
165	207	43
168	207	28
171	207	83
172	207	32
184	207	69
185	207	105
186	207	83
187	207	36
190	207	59
192	207	55
194	207	61
195	207	50
199	207	86
200	207	168
201	207	25
203	207	109
204	207	98
205	207	244
207	207	173
208	207	90
210	207	39
212	207	133
215	207	47
219	207	184
220	207	38
221	207	26
222	207	54
223	207	66
225	207	86
226	207	82
227	207	31
228	207	219
229	207	176
230	207	101
231	207	49
233	207	89
235	207	23
237	207	115
238	207	115
239	207	20
244	207	59
246	207	50
10	206	30
12	206	61
14	206	32
17	206	82
20	206	49
23	206	46
24	206	130
25	206	50
26	206	72
27	206	60
29	206	44
30	206	31
31	206	87
32	206	53
34	206	68
36	206	107
38	206	138
39	206	80
40	206	122
41	206	72
42	206	73
44	206	56
45	206	76
46	206	230
47	206	69
50	206	12
52	206	48
53	206	79
54	206	77
55	206	62
56	206	17
57	206	103
61	206	104
62	206	84
64	206	156
66	206	55
68	206	105
71	206	52
73	206	32
74	206	72
75	206	147
77	206	40
80	206	31
82	206	57
83	206	41
89	206	29
90	206	92
91	206	40
93	206	69
96	206	58
100	206	58
105	206	85
107	206	76
109	206	44
113	206	52
116	206	57
132	206	99
133	206	38
142	206	81
148	206	47
157	206	90
158	206	30
159	206	140
167	206	58
170	206	82
175	206	36
181	206	29
188	206	18
189	206	79
191	206	131
192	206	58
194	206	105
195	206	64
198	206	50
202	206	204
203	206	35
204	206	90
207	206	91
209	206	71
210	206	182
212	206	82
213	206	31
214	206	15
216	206	34
218	206	33
221	206	19
222	206	78
223	206	63
227	206	24
228	206	40
233	206	46
238	206	31
16	205	61
21	205	26
22	205	29
23	205	62
24	205	49
25	205	25
26	205	63
27	205	45
28	205	201
30	205	118
31	205	224
32	205	122
33	205	106
34	205	38
38	205	87
40	205	87
43	205	97
44	205	74
45	205	61
46	205	122
48	205	81
49	205	176
51	205	210
54	205	102
56	205	100
57	205	36
58	205	21
60	205	87
61	205	146
65	205	34
66	205	3
69	205	137
75	205	44
76	205	79
78	205	40
81	205	16
82	205	30
83	205	60
84	205	108
86	205	60
87	205	66
91	205	37
93	205	78
95	205	80
97	205	60
99	205	42
101	205	25
102	205	31
108	205	38
110	205	29
115	205	27
127	205	29
132	205	71
133	205	42
138	205	55
143	205	52
156	205	135
157	205	94
163	205	22
168	205	63
170	205	38
172	205	76
174	205	25
178	205	110
180	205	90
181	205	41
185	205	85
186	205	69
187	205	85
188	205	18
189	205	52
191	205	42
192	205	68
193	205	23
194	205	175
195	205	83
197	205	68
198	205	92
199	205	57
201	205	54
203	205	133
205	205	158
207	205	30
210	205	38
211	205	57
212	205	33
213	205	153
216	205	62
218	205	24
222	205	26
223	205	68
225	205	22
226	205	41
230	205	73
231	205	151
232	205	44
241	205	88
9	204	43
13	204	21
14	204	67
15	204	42
16	204	105
17	204	128
18	204	31
19	204	99
24	204	188
25	204	138
26	204	71
27	204	42
28	204	188
30	204	118
31	204	98
32	204	152
33	204	12
34	204	205
35	204	30
36	204	51
37	204	56
38	204	340
39	204	250
40	204	169
42	204	146
43	204	75
44	204	133
45	204	14
46	204	134
48	204	67
49	204	145
55	204	62
56	204	20
57	204	120
61	204	74
62	204	41
65	204	42
66	204	28
67	204	62
68	204	114
69	204	147
70	204	43
71	204	34
72	204	143
73	204	96
74	204	31
75	204	30
77	204	22
79	204	25
80	204	47
85	204	67
86	204	34
87	204	35
88	204	89
90	204	22
93	204	25
94	204	43
96	204	70
98	204	54
100	204	125
101	204	22
103	204	64
105	204	24
108	204	42
109	204	57
110	204	62
113	204	62
116	204	49
117	204	51
118	204	33
120	204	63
124	204	36
125	204	143
131	204	119
133	204	37
142	204	70
149	204	81
155	204	22
160	204	36
167	204	40
170	204	97
173	204	36
178	204	94
186	204	72
191	204	47
192	204	155
193	204	78
195	204	18
196	204	42
198	204	134
200	204	18
201	204	82
203	204	75
205	204	28
207	204	79
208	204	72
210	204	87
211	204	13
212	204	62
213	204	103
214	204	151
215	204	77
216	204	38
217	204	35
218	204	65
219	204	154
222	204	180
223	204	166
224	204	79
225	204	77
228	204	54
229	204	31
230	204	78
231	204	37
233	204	126
240	204	119
246	204	92
8	203	27
10	203	16
13	203	47
15	203	70
16	203	32
19	203	55
20	203	95
21	203	127
22	203	46
23	203	37
25	203	130
27	203	46
29	203	34
30	203	27
31	203	89
32	203	108
33	203	14
34	203	52
35	203	149
36	203	57
39	203	88
40	203	76
41	203	90
42	203	114
43	203	86
45	203	37
48	203	105
49	203	44
53	203	102
54	203	323
55	203	26
56	203	72
57	203	124
58	203	34
60	203	63
62	203	128
63	203	41
66	203	40
69	203	94
70	203	144
71	203	43
78	203	66
83	203	34
86	203	15
88	203	84
94	203	72
95	203	55
96	203	42
100	203	55
102	203	22
110	203	78
113	203	87
114	203	86
116	203	78
118	203	29
119	203	52
122	203	113
124	203	157
125	203	30
126	203	13
134	203	55
136	203	33
146	203	63
155	203	61
162	203	91
166	203	112
170	203	49
171	203	110
172	203	60
179	203	65
185	203	29
186	203	57
188	203	14
192	203	109
194	203	101
195	203	16
197	203	22
198	203	57
199	203	39
203	203	132
204	203	119
205	203	45
206	203	62
207	203	70
208	203	63
209	203	60
210	203	60
213	203	112
215	203	148
216	203	24
218	203	54
219	203	140
221	203	40
222	203	181
223	203	71
224	203	38
225	203	122
227	203	96
228	203	37
229	203	7
231	203	167
235	203	86
236	203	66
242	203	18
243	203	42
244	203	73
13	202	40
17	202	60
18	202	54
19	202	340
20	202	157
21	202	140
22	202	59
23	202	92
24	202	39
27	202	75
28	202	29
29	202	49
31	202	92
32	202	50
34	202	91
37	202	33
39	202	40
40	202	108
41	202	51
42	202	57
43	202	42
44	202	79
45	202	90
47	202	73
49	202	50
50	202	141
51	202	69
52	202	19
53	202	29
54	202	136
55	202	44
58	202	199
60	202	32
62	202	52
63	202	70
64	202	53
67	202	91
68	202	73
69	202	16
71	202	55
73	202	63
74	202	94
75	202	106
79	202	23
81	202	46
82	202	49
87	202	28
88	202	22
89	202	58
92	202	40
98	202	36
99	202	94
100	202	50
101	202	50
103	202	67
104	202	98
110	202	61
114	202	52
115	202	50
117	202	39
127	202	133
128	202	39
140	202	66
144	202	34
151	202	28
156	202	66
162	202	77
168	202	66
169	202	59
170	202	60
172	202	41
175	202	88
178	202	86
180	202	70
188	202	61
189	202	51
190	202	63
192	202	143
193	202	79
197	202	108
198	202	26
199	202	116
200	202	86
201	202	142
202	202	79
203	202	52
205	202	89
206	202	70
207	202	153
208	202	128
209	202	111
210	202	98
211	202	5
212	202	50
213	202	41
214	202	49
217	202	71
218	202	101
220	202	37
223	202	147
224	202	71
225	202	91
226	202	39
230	202	57
231	202	55
232	202	62
233	202	38
234	202	147
235	202	38
236	202	25
239	202	139
240	202	18
241	202	66
245	202	77
247	202	60
9	201	34
12	201	52
15	201	69
16	201	60
17	201	71
18	201	114
21	201	58
22	201	51
23	201	19
24	201	26
25	201	40
26	201	99
27	201	21
28	201	41
29	201	28
32	201	114
34	201	11
35	201	73
36	201	65
37	201	109
39	201	54
40	201	49
43	201	26
44	201	90
45	201	114
46	201	209
47	201	300
49	201	162
50	201	122
51	201	112
52	201	25
55	201	29
56	201	38
57	201	87
58	201	9
61	201	28
62	201	84
63	201	81
67	201	13
68	201	40
69	201	50
70	201	31
71	201	96
72	201	104
73	201	59
74	201	53
75	201	39
77	201	49
78	201	43
79	201	57
80	201	140
82	201	86
84	201	76
85	201	22
87	201	156
88	201	77
90	201	16
91	201	32
93	201	80
98	201	43
99	201	97
109	201	49
114	201	23
117	201	99
119	201	48
121	201	65
125	201	84
130	201	60
131	201	50
146	201	45
156	201	40
159	201	52
165	201	69
172	201	72
190	201	9
191	201	78
193	201	54
195	201	26
197	201	33
198	201	146
200	201	178
203	201	79
204	201	162
205	201	75
207	201	51
208	201	100
209	201	76
210	201	56
211	201	94
214	201	32
217	201	92
219	201	110
221	201	125
222	201	123
223	201	50
225	201	82
226	201	56
227	201	37
231	201	53
232	201	69
233	201	69
234	201	37
235	201	95
236	201	65
241	201	134
242	201	44
243	201	25
244	201	75
245	201	13
9	200	44
11	200	143
12	200	23
13	200	103
14	200	60
18	200	68
20	200	28
21	200	55
22	200	183
23	200	188
24	200	149
29	200	32
30	200	129
31	200	270
34	200	69
35	200	37
36	200	66
37	200	199
38	200	137
39	200	54
40	200	59
41	200	125
42	200	148
44	200	78
46	200	312
47	200	47
48	200	23
49	200	137
50	200	152
52	200	169
53	200	116
54	200	66
55	200	132
59	200	29
60	200	24
61	200	52
62	200	134
64	200	42
69	200	147
72	200	74
73	200	54
74	200	61
75	200	101
78	200	6
80	200	42
81	200	79
83	200	56
84	200	19
91	200	35
94	200	88
95	200	7
96	200	33
97	200	59
104	200	229
105	200	61
109	200	13
114	200	26
119	200	83
122	200	49
124	200	41
127	200	56
131	200	52
147	200	99
154	200	47
175	200	46
181	200	42
184	200	67
190	200	78
191	200	75
192	200	90
194	200	67
197	200	18
198	200	145
200	200	77
203	200	61
204	200	103
205	200	92
206	200	27
207	200	41
208	200	65
209	200	33
211	200	51
214	200	82
215	200	27
216	200	59
219	200	69
220	200	26
222	200	110
225	200	132
227	200	130
228	200	197
229	200	54
230	200	60
235	200	115
246	200	41
10	199	67
11	199	67
12	199	105
14	199	87
19	199	33
21	199	49
22	199	126
23	199	134
24	199	82
27	199	119
30	199	43
31	199	61
32	199	124
33	199	44
34	199	99
35	199	48
36	199	99
37	199	60
38	199	275
39	199	98
40	199	147
42	199	30
44	199	42
45	199	124
46	199	143
47	199	102
48	199	17
49	199	100
50	199	27
51	199	94
52	199	69
54	199	49
55	199	161
56	199	59
57	199	54
58	199	223
61	199	64
62	199	28
63	199	124
64	199	79
65	199	38
69	199	20
74	199	96
76	199	34
78	199	120
79	199	44
86	199	125
87	199	25
89	199	29
90	199	78
92	199	96
93	199	55
94	199	35
101	199	62
104	199	60
116	199	28
118	199	68
119	199	33
121	199	51
124	199	76
137	199	34
145	199	70
146	199	149
148	199	31
159	199	39
165	199	60
174	199	43
175	199	110
176	199	48
178	199	50
187	199	64
189	199	19
191	199	123
194	199	139
195	199	11
196	199	87
201	199	36
202	199	114
203	199	298
205	199	103
206	199	107
207	199	67
208	199	37
210	199	114
211	199	35
213	199	26
214	199	11
215	199	172
218	199	117
219	199	196
220	199	115
221	199	65
222	199	41
223	199	103
224	199	49
225	199	94
226	199	47
227	199	131
228	199	270
230	199	124
231	199	158
232	199	14
233	199	141
234	199	54
242	199	39
10	198	9
12	198	125
13	198	90
15	198	66
17	198	88
18	198	130
19	198	109
20	198	61
21	198	40
22	198	57
24	198	29
25	198	91
27	198	123
28	198	100
29	198	45
30	198	21
31	198	49
32	198	34
33	198	97
36	198	48
38	198	131
39	198	56
41	198	37
42	198	82
45	198	16
46	198	107
47	198	22
48	198	225
49	198	79
50	198	37
52	198	33
58	198	36
60	198	102
61	198	62
62	198	75
63	198	49
66	198	57
68	198	91
69	198	38
70	198	48
71	198	59
73	198	103
74	198	27
75	198	58
77	198	83
78	198	49
80	198	43
84	198	78
86	198	51
89	198	60
93	198	60
95	198	132
97	198	9
98	198	159
99	198	40
101	198	51
103	198	32
112	198	43
118	198	96
121	198	98
122	198	36
123	198	94
130	198	66
139	198	66
142	198	34
145	198	28
148	198	84
149	198	71
156	198	92
158	198	42
166	198	23
168	198	91
172	198	59
176	198	60
178	198	87
179	198	27
180	198	53
181	198	70
183	198	49
193	198	79
195	198	36
197	198	52
198	198	126
199	198	77
201	198	60
202	198	120
203	198	59
205	198	154
206	198	101
207	198	121
208	198	58
209	198	34
210	198	60
211	198	75
212	198	105
213	198	26
214	198	119
215	198	7
216	198	72
217	198	34
218	198	55
219	198	73
220	198	133
221	198	166
222	198	90
223	198	97
225	198	31
226	198	145
227	198	99
228	198	60
229	198	120
230	198	46
231	198	115
232	198	93
233	198	103
234	198	51
235	198	174
237	198	83
243	198	40
11	197	137
12	197	93
13	197	150
18	197	165
20	197	63
21	197	55
22	197	44
24	197	49
25	197	70
26	197	19
27	197	105
31	197	54
32	197	52
34	197	44
36	197	18
38	197	85
39	197	15
40	197	31
43	197	103
44	197	140
48	197	68
49	197	88
50	197	57
51	197	49
52	197	73
53	197	65
55	197	27
56	197	54
60	197	163
61	197	114
63	197	64
64	197	48
66	197	145
67	197	73
69	197	43
70	197	228
71	197	77
77	197	61
80	197	101
82	197	13
87	197	55
91	197	98
100	197	59
103	197	13
104	197	51
109	197	25
115	197	41
116	197	52
117	197	60
120	197	53
127	197	54
129	197	31
146	197	31
153	197	75
159	197	36
162	197	44
165	197	99
166	197	87
170	197	48
171	197	38
172	197	58
173	197	7
176	197	66
180	197	47
181	197	45
182	197	62
183	197	36
185	197	60
188	197	1
190	197	48
191	197	67
192	197	44
193	197	135
194	197	115
198	197	116
201	197	39
203	197	72
204	197	90
205	197	97
206	197	112
207	197	43
208	197	81
209	197	76
210	197	126
213	197	115
216	197	45
217	197	95
218	197	68
219	197	28
220	197	42
221	197	19
222	197	69
224	197	73
225	197	74
226	197	43
227	197	60
228	197	55
229	197	60
230	197	166
231	197	167
232	197	75
234	197	15
235	197	23
237	197	41
240	197	79
242	197	123
245	197	79
9	196	50
10	196	21
11	196	52
12	196	111
15	196	52
16	196	118
17	196	72
18	196	151
23	196	25
24	196	125
25	196	83
26	196	108
27	196	87
28	196	226
30	196	40
31	196	70
32	196	49
33	196	77
34	196	49
35	196	150
36	196	42
37	196	54
38	196	107
40	196	181
41	196	162
42	196	51
43	196	20
44	196	38
45	196	87
48	196	19
49	196	102
51	196	57
52	196	111
53	196	15
54	196	116
57	196	21
59	196	65
60	196	121
61	196	108
62	196	42
63	196	22
66	196	150
67	196	19
71	196	57
77	196	52
78	196	147
83	196	57
91	196	60
92	196	72
94	196	86
97	196	45
100	196	25
101	196	79
113	196	23
114	196	59
124	196	36
125	196	52
129	196	52
139	196	46
147	196	57
150	196	101
151	196	38
153	196	17
155	196	14
162	196	80
165	196	100
167	196	39
168	196	18
169	196	125
171	196	44
172	196	98
173	196	77
175	196	81
176	196	34
177	196	69
179	196	78
182	196	61
183	196	55
185	196	50
188	196	19
193	196	104
195	196	79
197	196	11
199	196	106
200	196	93
201	196	83
202	196	57
203	196	115
204	196	140
205	196	89
206	196	85
207	196	239
208	196	93
209	196	98
210	196	87
211	196	90
212	196	61
213	196	106
214	196	116
217	196	114
218	196	51
219	196	88
222	196	149
223	196	48
224	196	41
225	196	64
226	196	76
230	196	150
231	196	43
232	196	21
235	196	54
236	196	44
238	196	71
239	196	50
247	196	110
9	195	71
13	195	39
16	195	34
17	195	182
20	195	30
21	195	49
22	195	104
23	195	76
25	195	85
26	195	160
27	195	63
28	195	35
29	195	10
30	195	68
31	195	42
32	195	92
33	195	82
34	195	84
35	195	60
36	195	22
38	195	137
39	195	37
40	195	65
41	195	111
42	195	45
43	195	113
44	195	22
45	195	140
46	195	82
48	195	183
49	195	196
50	195	167
51	195	27
52	195	48
54	195	83
55	195	110
56	195	40
57	195	86
58	195	62
59	195	29
60	195	54
61	195	61
64	195	37
66	195	122
67	195	55
68	195	63
69	195	63
72	195	174
79	195	154
80	195	89
81	195	45
82	195	62
88	195	21
90	195	56
91	195	37
92	195	67
95	195	36
102	195	59
105	195	51
115	195	52
118	195	49
120	195	43
123	195	83
124	195	63
126	195	41
128	195	78
132	195	100
137	195	24
138	195	34
141	195	51
142	195	27
143	195	41
144	195	66
151	195	76
152	195	93
153	195	63
154	195	28
155	195	77
160	195	88
162	195	4
163	195	31
165	195	109
167	195	7
174	195	26
175	195	26
179	195	54
182	195	64
183	195	61
185	195	29
186	195	47
188	195	133
191	195	58
193	195	36
194	195	29
196	195	41
198	195	33
202	195	68
205	195	17
206	195	71
207	195	127
209	195	57
210	195	15
212	195	89
214	195	42
215	195	33
217	195	73
218	195	174
219	195	146
222	195	41
223	195	30
224	195	134
225	195	199
226	195	61
227	195	52
229	195	54
230	195	58
231	195	92
232	195	155
233	195	94
236	195	112
237	195	126
238	195	120
239	195	77
49	246	27
93	245	72
94	245	22
107	245	47
122	245	80
55	244	46
57	244	64
70	244	70
94	244	91
109	244	44
127	244	43
184	244	45
42	243	84
62	243	49
70	243	38
89	243	37
91	243	30
94	243	14
95	243	38
96	243	62
110	243	144
124	243	44
152	243	44
171	243	21
42	242	37
45	242	22
54	242	22
58	242	46
69	242	82
70	242	70
72	242	20
83	242	62
92	242	50
102	242	55
109	242	72
110	242	34
114	242	39
121	242	80
131	242	51
158	242	22
161	242	78
163	242	22
177	242	21
181	242	56
196	242	58
23	241	60
39	241	48
41	241	68
45	241	50
49	241	47
50	241	51
53	241	41
70	241	75
79	241	42
87	241	42
93	241	67
94	241	16
96	241	127
103	241	54
104	241	90
109	241	121
115	241	34
123	241	30
160	241	115
162	241	56
166	241	53
167	241	48
170	241	67
175	241	28
180	241	48
188	241	37
200	241	57
206	241	34
207	241	59
38	240	70
51	240	30
52	240	119
60	240	20
62	240	16
71	240	40
78	240	44
80	240	45
82	240	38
92	240	59
94	240	75
98	240	34
103	240	44
104	240	71
107	240	34
117	240	66
119	240	22
128	240	53
151	240	102
155	240	51
159	240	70
160	240	33
169	240	100
172	240	74
179	240	77
180	240	68
183	240	82
184	240	50
188	240	26
189	240	105
197	240	59
24	239	39
35	239	78
37	239	106
44	239	52
47	239	45
59	239	70
63	239	20
71	239	110
77	239	60
80	239	46
81	239	25
86	239	127
91	239	63
92	239	51
94	239	40
95	239	70
96	239	67
98	239	121
102	239	40
104	239	46
105	239	43
106	239	84
112	239	68
121	239	82
135	239	69
136	239	58
137	239	68
139	239	45
157	239	42
162	239	114
168	239	95
169	239	55
170	239	44
171	239	77
172	239	32
176	239	36
185	239	110
186	239	67
188	239	55
190	239	83
193	239	55
202	239	23
210	239	36
212	239	24
223	239	81
26	238	61
53	238	44
56	238	72
61	238	95
67	238	45
68	238	58
70	238	53
72	238	48
74	238	71
78	238	151
82	238	38
85	238	26
86	238	121
94	238	96
95	238	42
98	238	29
101	238	48
103	238	15
105	238	27
106	238	76
109	238	68
113	238	66
115	238	51
131	238	45
134	238	39
157	238	96
160	238	49
168	238	79
170	238	56
171	238	8
174	238	99
180	238	26
194	238	64
210	238	6
216	238	13
28	237	104
50	237	110
51	237	37
53	237	21
54	237	45
57	237	98
59	237	100
61	237	58
62	237	67
63	237	63
65	237	68
66	237	79
67	237	108
68	237	91
70	237	19
74	237	60
76	237	61
78	237	7
85	237	56
87	237	36
91	237	46
96	237	73
104	237	58
105	237	51
106	237	61
109	237	33
117	237	36
118	237	37
121	237	22
132	237	45
151	237	53
153	237	88
155	237	56
158	237	54
160	237	47
165	237	44
167	237	73
168	237	13
180	237	86
185	237	59
187	237	59
188	237	49
194	237	20
206	237	38
29	236	40
31	236	43
38	236	27
46	236	91
47	236	14
53	236	157
57	236	73
58	236	62
60	236	36
61	236	30
62	236	37
68	236	24
69	236	129
70	236	82
72	236	47
73	236	85
75	236	63
76	236	49
79	236	63
81	236	87
83	236	33
86	236	119
90	236	149
94	236	27
102	236	85
105	236	57
106	236	82
107	236	50
112	236	34
116	236	12
117	236	45
120	236	44
134	236	110
150	236	68
154	236	31
159	236	37
160	236	95
162	236	156
163	236	104
164	236	71
165	236	69
166	236	92
167	236	40
168	236	24
171	236	67
189	236	71
196	236	52
208	236	38
210	236	65
218	236	53
41	235	90
44	235	21
45	235	110
50	235	29
51	235	66
52	235	17
55	235	16
57	235	33
60	235	137
61	235	75
62	235	134
64	235	52
65	235	51
70	235	63
71	235	96
72	235	27
75	235	45
80	235	63
86	235	54
90	235	87
92	235	41
100	235	69
113	235	51
115	235	45
120	235	41
121	235	64
123	235	41
126	235	25
133	235	49
137	235	26
148	235	82
151	235	55
153	235	86
154	235	45
155	235	73
157	235	50
158	235	51
159	235	19
160	235	65
161	235	93
162	235	63
163	235	83
166	235	55
168	235	79
170	235	56
172	235	48
179	235	22
180	235	36
181	235	39
182	235	26
185	235	8
191	235	34
192	235	17
193	235	57
198	235	45
200	235	58
207	235	60
211	235	45
213	235	81
217	235	35
19	234	70
24	234	42
28	234	136
29	234	54
40	234	62
45	234	138
47	234	44
50	234	230
51	234	79
54	234	57
56	234	44
58	234	74
59	234	56
60	234	90
61	234	14
66	234	147
68	234	96
69	234	147
74	234	54
75	234	30
76	234	45
79	234	30
85	234	75
89	234	54
90	234	7
91	234	41
93	234	106
94	234	42
100	234	128
105	234	70
107	234	34
110	234	74
111	234	70
114	234	66
118	234	37
119	234	44
120	234	45
121	234	25
122	234	35
129	234	142
137	234	25
146	234	116
147	234	24
154	234	61
155	234	92
156	234	147
157	234	23
158	234	57
160	234	38
161	234	142
162	234	97
164	234	91
166	234	16
168	234	55
170	234	57
172	234	30
179	234	68
181	234	78
184	234	44
186	234	31
189	234	65
193	234	100
196	234	41
199	234	27
200	234	113
201	234	23
202	234	74
203	234	57
205	234	13
208	234	156
210	234	48
28	233	28
29	233	49
31	233	48
33	233	47
45	233	89
46	233	48
51	233	67
54	233	73
55	233	69
59	233	33
60	233	68
61	233	32
63	233	140
66	233	87
68	233	47
70	233	48
71	233	27
75	233	5
76	233	32
85	233	124
87	233	102
88	233	27
89	233	42
93	233	70
94	233	38
98	233	49
103	233	57
105	233	44
112	233	98
114	233	51
120	233	91
130	233	99
135	233	83
146	233	44
147	233	36
150	233	37
153	233	98
154	233	44
155	233	68
156	233	47
157	233	190
159	233	91
160	233	21
162	233	69
163	233	114
165	233	36
166	233	18
168	233	25
170	233	41
171	233	48
179	233	54
180	233	41
186	233	76
189	233	82
193	233	29
200	233	41
201	233	42
207	233	40
208	233	48
215	233	67
219	233	18
12	232	87
18	232	29
19	232	10
20	232	92
25	232	48
26	232	71
29	232	14
35	232	31
44	232	65
46	232	30
49	232	65
50	232	95
51	232	67
54	232	49
55	232	59
58	232	29
59	232	25
65	232	60
67	232	33
71	232	156
72	232	130
77	232	57
81	232	29
83	232	51
84	232	34
85	232	75
90	232	40
91	232	36
97	232	70
99	232	125
102	232	46
103	232	69
106	232	50
107	232	69
108	232	46
109	232	56
111	232	40
114	232	84
118	232	58
120	232	47
130	232	129
140	232	21
144	232	15
149	232	81
151	232	31
154	232	95
156	232	48
157	232	73
158	232	28
159	232	45
161	232	112
162	232	119
163	232	91
164	232	63
165	232	77
167	232	14
171	232	56
176	232	61
178	232	45
182	232	90
183	232	44
185	232	47
187	232	76
193	232	30
195	232	27
197	232	115
198	232	54
199	232	91
201	232	63
202	232	46
204	232	71
208	232	68
218	232	48
242	232	134
245	232	27
27	231	55
38	231	86
43	231	49
46	231	137
56	231	73
58	231	16
59	231	94
62	231	55
67	231	17
73	231	34
75	231	26
78	231	145
80	231	17
82	231	38
83	231	106
85	231	23
88	231	30
89	231	68
92	231	82
97	231	126
99	231	48
103	231	137
104	231	158
108	231	92
110	231	53
111	231	34
122	231	122
127	231	81
140	231	48
143	231	51
145	231	60
149	231	45
151	231	90
152	231	60
153	231	48
154	231	83
155	231	90
156	231	26
157	231	157
158	231	113
159	231	175
160	231	121
161	231	94
162	231	66
163	231	37
168	231	47
169	231	115
170	231	47
171	231	47
172	231	46
173	231	54
174	231	79
178	231	65
179	231	21
183	231	13
184	231	47
186	231	16
191	231	32
192	231	51
193	231	153
194	231	37
195	231	22
199	231	21
201	231	40
204	231	20
209	231	43
214	231	21
215	231	48
217	231	54
225	231	57
244	231	45
19	230	51
27	230	77
29	230	26
35	230	98
36	230	95
37	230	54
38	230	55
39	230	37
43	230	85
46	230	107
47	230	47
55	230	47
57	230	38
60	230	43
62	230	79
63	230	132
64	230	165
66	230	205
68	230	131
69	230	63
70	230	57
71	230	34
73	230	81
74	230	70
75	230	83
76	230	136
79	230	14
81	230	70
82	230	113
84	230	27
85	230	54
87	230	50
88	230	54
96	230	63
113	230	123
115	230	50
127	230	47
129	230	76
141	230	42
144	230	54
148	230	55
149	230	38
155	230	59
156	230	54
157	230	66
160	230	95
161	230	90
163	230	30
166	230	20
167	230	227
168	230	44
171	230	62
174	230	45
175	230	45
182	230	51
183	230	28
184	230	120
186	230	43
187	230	79
190	230	35
193	230	137
206	230	29
207	230	94
208	230	44
211	230	30
213	230	38
214	230	50
226	230	86
233	230	99
13	229	45
16	229	51
27	229	68
37	229	64
38	229	41
40	229	74
43	229	101
44	229	72
45	229	40
47	229	150
48	229	13
49	229	19
50	229	83
56	229	27
57	229	47
59	229	85
64	229	98
67	229	34
70	229	60
74	229	143
75	229	43
76	229	143
77	229	41
81	229	85
84	229	55
86	229	35
89	229	78
93	229	49
97	229	116
98	229	49
99	229	63
102	229	72
106	229	42
108	229	79
109	229	63
110	229	56
111	229	46
112	229	115
113	229	64
114	229	40
116	229	73
117	229	25
118	229	44
126	229	43
129	229	127
137	229	50
139	229	44
143	229	13
149	229	52
152	229	70
154	229	41
155	229	57
157	229	111
158	229	67
160	229	115
164	229	97
165	229	129
166	229	19
167	229	88
169	229	69
172	229	60
174	229	54
177	229	60
178	229	45
184	229	57
188	229	31
191	229	55
192	229	93
195	229	47
196	229	42
197	229	71
206	229	53
209	229	72
210	229	60
218	229	20
228	229	119
229	229	69
232	229	59
15	228	106
29	228	46
34	228	51
37	228	54
38	228	44
44	228	27
45	228	104
47	228	49
48	228	39
49	228	67
50	228	60
51	228	43
53	228	12
57	228	37
58	228	22
59	228	86
61	228	55
63	228	32
65	228	60
66	228	62
67	228	31
70	228	24
71	228	95
72	228	52
73	228	72
74	228	59
75	228	25
76	228	85
77	228	63
79	228	29
81	228	63
82	228	62
84	228	57
86	228	45
87	228	63
88	228	24
89	228	64
93	228	54
95	228	35
98	228	63
99	228	60
103	228	84
105	228	61
106	228	98
113	228	79
124	228	35
129	228	44
131	228	36
132	228	63
134	228	65
137	228	81
141	228	59
145	228	40
148	228	68
152	228	49
153	228	57
154	228	117
156	228	63
157	228	76
158	228	181
159	228	108
160	228	75
161	228	177
162	228	91
163	228	73
164	228	124
167	228	77
168	228	12
173	228	141
178	228	55
181	228	23
182	228	89
186	228	66
191	228	69
192	228	58
193	228	41
194	228	120
195	228	31
198	228	57
207	228	67
209	228	63
225	228	36
230	228	21
237	228	68
10	227	63
13	227	47
15	227	141
16	227	24
27	227	62
34	227	39
36	227	26
39	227	43
40	227	90
41	227	50
42	227	29
43	227	19
44	227	105
45	227	49
46	227	58
49	227	49
50	227	91
51	227	27
52	227	70
54	227	36
55	227	45
57	227	94
60	227	54
61	227	54
62	227	63
64	227	110
65	227	68
67	227	62
69	227	77
70	227	114
71	227	125
74	227	68
75	227	76
76	227	25
80	227	97
81	227	61
82	227	34
85	227	50
86	227	70
87	227	72
90	227	50
91	227	19
94	227	65
98	227	47
99	227	90
100	227	80
103	227	63
104	227	110
105	227	86
106	227	20
107	227	61
108	227	46
111	227	38
122	227	54
139	227	29
141	227	32
148	227	63
149	227	90
156	227	101
157	227	64
158	227	103
159	227	192
160	227	62
161	227	80
162	227	84
163	227	105
164	227	51
166	227	44
167	227	35
170	227	29
172	227	61
175	227	40
177	227	166
181	227	35
182	227	38
190	227	57
191	227	46
200	227	99
201	227	62
202	227	98
205	227	46
232	227	89
233	227	65
11	226	61
14	226	34
15	226	34
18	226	13
19	226	59
27	226	46
35	226	80
40	226	7
43	226	104
50	226	29
51	226	53
52	226	38
53	226	51
54	226	34
55	226	80
56	226	47
57	226	143
58	226	68
59	226	16
61	226	67
63	226	91
65	226	36
67	226	21
69	226	30
70	226	52
71	226	39
73	226	57
75	226	49
80	226	23
81	226	51
83	226	41
84	226	55
85	226	24
87	226	69
89	226	50
91	226	11
95	226	52
96	226	76
98	226	98
99	226	22
100	226	33
103	226	83
109	226	37
114	226	165
126	226	36
146	226	23
155	226	90
156	226	48
157	226	122
158	226	70
160	226	170
161	226	83
162	226	60
163	226	27
167	226	18
168	226	40
173	226	80
178	226	87
180	226	6
182	226	77
186	226	65
187	226	32
188	226	37
190	226	56
196	226	155
197	226	80
207	226	31
214	226	93
12	225	36
15	225	74
23	225	41
26	225	120
31	225	80
32	225	14
35	225	66
41	225	105
42	225	56
43	225	29
47	225	96
48	225	187
50	225	108
58	225	71
60	225	29
62	225	24
63	225	82
66	225	55
68	225	78
69	225	45
70	225	44
71	225	132
72	225	48
76	225	37
77	225	12
83	225	131
85	225	65
86	225	9
88	225	56
89	225	70
91	225	85
92	225	56
93	225	144
94	225	80
96	225	64
97	225	50
98	225	166
99	225	54
102	225	64
104	225	37
113	225	56
127	225	32
135	225	103
142	225	65
143	225	58
144	225	53
149	225	39
153	225	78
155	225	42
157	225	62
158	225	35
159	225	89
162	225	94
164	225	77
165	225	29
169	225	63
173	225	88
178	225	103
180	225	75
181	225	49
182	225	58
183	225	26
184	225	37
185	225	43
186	225	68
187	225	81
188	225	82
189	225	33
191	225	49
196	225	66
202	225	63
213	225	38
221	225	15
232	225	43
9	224	63
13	224	34
14	224	21
15	224	137
21	224	28
25	224	81
26	224	135
27	224	111
30	224	37
32	224	98
34	224	59
37	224	73
41	224	54
43	224	43
44	224	29
46	224	36
49	224	85
50	224	57
53	224	29
54	224	186
57	224	80
61	224	49
62	224	86
66	224	47
68	224	49
69	224	69
71	224	76
74	224	38
75	224	62
76	224	51
77	224	119
78	224	118
79	224	32
# chipNumber: 4
# chipName:   G 10 W69
# numHits:    242
137	237	5
10	186	58
16	179	41
17	178	27
10	174	22
23	164	31
25	160	35
20	145	57
219	145	16
43	119	38
15	113	70
225	85	83
170	84	56
234	83	72
151	74	39
172	74	40
167	73	22
226	71	77
189	68	28
225	68	27
149	67	49
133	66	33
158	64	97
216	64	57
235	63	48
234	62	15
137	61	30
137	60	32
196	60	64
157	59	32
133	58	59
159	58	4
164	58	42
165	58	38
190	58	55
149	57	64
162	57	67
164	57	39
165	57	66
133	56	53
160	56	72
174	56	63
142	55	44
162	54	67
187	54	65
227	54	47
166	52	87
152	51	64
166	51	31
161	50	28
213	50	42
106	49	30
144	49	52
189	49	35
245	49	27
135	48	52
145	48	58
167	47	37
170	47	28
177	47	42
197	47	56
144	46	64
154	46	34
146	45	65
182	45	80
136	44	53
154	44	58
191	44	26
192	44	55
170	43	19
136	42	18
142	42	47
175	42	39
186	42	86
194	42	73
141	41	87
148	41	12
161	41	70
164	41	73
168	41	70
174	41	42
196	41	18
208	41	41
164	40	37
196	40	37
211	40	7
112	39	29
138	39	6
178	39	25
204	39	19
111	38	49
125	38	46
152	38	45
186	38	57
131	37	95
155	37	20
147	36	38
158	36	37
162	36	43
226	36	52
163	35	20
176	35	30
190	35	54
227	35	42
108	34	68
131	34	31
149	34	87
160	34	8
108	33	22
149	33	71
163	33	65
173	33	83
199	33	37
232	33	62
151	32	40
156	32	69
172	32	61
140	31	50
143	31	40
151	31	66
156	31	51
161	31	22
162	31	30
169	31	19
187	31	25
207	31	92
226	31	60
144	30	90
161	30	91
162	30	65
187	30	45
196	30	68
225	30	59
129	29	32
162	29	59
166	29	43
172	29	30
178	29	53
138	28	85
139	28	57
142	28	76
147	28	80
148	28	28
191	28	34
136	27	25
153	27	83
178	27	31
230	27	70
156	26	17
158	26	34
165	26	46
176	26	36
177	26	34
183	26	17
200	26	47
205	26	51
233	26	31
141	25	58
158	25	79
162	25	37
181	25	65
197	25	52
203	25	47
135	24	53
137	24	84
160	24	54
181	24	42
232	24	65
94	23	58
128	23	44
168	23	74
185	23	57
140	22	68
168	22	65
194	22	66
137	21	41
139	21	41
144	21	45
159	21	12
184	21	46
138	20	27
139	20	51
158	20	69
166	20	34
167	20	73
184	20	54
198	20	51
58	19	67
134	19	31
159	19	16
160	19	65
204	19	47
114	18	37
165	18	79
174	18	98
151	17	60
152	17	45
161	17	51
176	17	74
183	17	40
131	16	68
150	16	40
155	16	55
163	16	44
172	16	60
173	16	58
175	16	31
178	16	28
237	16	21
148	15	45
164	15	19
169	15	117
170	15	90
172	15	61
236	15	51
130	14	93
148	14	25
164	14	50
187	14	62
128	13	81
138	13	7
179	13	48
138	12	53
169	12	21
191	12	77
24	11	20
171	11	34
202	11	35
117	10	2
148	10	64
151	10	64
164	10	43
182	10	30
200	10	58
117	9	95
141	9	64
166	9	66
215	9	69
133	8	45
158	8	56
163	6	30
125	5	54
# chipNumber: 5
# chipName:   D 9 W69
# numHits:    46
199	167	23
200	158	56
220	156	14
212	152	43
232	150	17
200	146	24
208	146	5
227	146	50
228	146	29
229	145	21
230	145	37
217	144	64
237	144	23
218	143	56
222	140	18
231	138	83
214	137	99
245	137	14
242	136	47
229	132	42
214	129	28
234	129	36
215	128	25
232	125	37
238	125	54
240	125	34
203	124	43
206	124	16
226	124	17
223	122	25
238	122	17
215	120	33
217	119	22
243	119	55
229	118	25
227	117	26
245	117	35
219	115	49
230	114	39
241	112	13
218	109	31
242	109	41
192	108	27
209	103	16
222	96	21
218	89	47
# chipNumber: 6
# chipName:   L 8 W69
# numHits:    5
16	235	39
39	235	25
32	234	18
166	233	11810
234	203	11810
