## [General]
## runNumber:        241
## runTime:       	 7200
## runTimeFrames: 	 0
## pathName:         data/runs/Run_241_181022-16-16
## dateTime:         2018-10-22.16:25:24
## numChips:         7
## shutterTime:      30
## shutterMode:      verylong
## runMode:          0
## fastClock:        0
## externalTrigger:  0
## [Event]
## eventNumber:      738
## useHvFadc:    	 1
## fadcReadout:    	 1
## szint1ClockInt:	 0
## szint2ClockInt:	 0
## fadcTriggerClock: 0
# chipNumber: 0
# chipName:   E 6 W69
# numHits:    2
192	234	62
198	231	32
# chipNumber: 1
# chipName:   K 6 W69
# numHits:    0
# chipNumber: 2
# chipName:   H 9 W69
# numHits:    22
240	233	37
241	216	53
233	193	46
240	132	48
232	128	82
234	124	26
241	124	59
233	123	60
237	114	49
240	112	60
239	111	66
240	109	61
241	107	76
242	107	51
241	104	72
243	92	56
243	75	48
244	69	97
242	49	29
245	49	83
248	49	85
227	25	77
# chipNumber: 3
# chipName:   H 10 W69
# numHits:    21453
43	227	34
44	227	51
47	227	73
49	227	49
50	227	53
53	227	135
56	227	138
59	227	45
61	227	93
62	227	20
63	227	92
64	227	87
65	227	63
70	227	28
71	227	49
74	227	49
75	227	65
77	227	45
79	227	18
80	227	31
90	227	30
91	227	30
100	227	74
101	227	38
102	227	223
104	227	70
105	227	35
108	227	67
112	227	38
113	227	75
118	227	72
119	227	99
120	227	77
121	227	52
123	227	33
125	227	20
135	227	99
139	227	33
147	227	88
148	227	157
149	227	58
151	227	65
152	227	150
153	227	27
154	227	20
159	227	142
160	227	51
161	227	35
162	227	34
163	227	101
164	227	153
165	227	154
168	227	70
169	227	126
170	227	89
171	227	76
172	227	77
176	227	74
178	227	30
179	227	28
180	227	71
182	227	18
183	227	44
184	227	84
187	227	64
188	227	74
191	227	82
201	227	34
229	227	23
9	226	72
23	226	65
26	226	49
27	226	67
32	226	37
33	226	76
34	226	76
35	226	49
38	226	71
39	226	59
41	226	17
43	226	125
44	226	111
45	226	41
46	226	42
47	226	57
50	226	65
53	226	17
54	226	63
55	226	95
58	226	49
60	226	65
62	226	41
65	226	23
67	226	122
68	226	65
71	226	51
74	226	67
75	226	43
77	226	58
84	226	36
87	226	59
88	226	64
89	226	88
91	226	111
93	226	65
94	226	15
96	226	48
97	226	45
99	226	54
101	226	54
102	226	21
103	226	13
110	226	36
112	226	53
115	226	68
117	226	22
121	226	46
126	226	25
127	226	54
128	226	105
129	226	37
130	226	126
133	226	76
134	226	71
136	226	43
139	226	12
140	226	200
142	226	38
144	226	38
146	226	57
147	226	92
148	226	73
149	226	51
150	226	105
152	226	48
154	226	154
155	226	36
156	226	42
157	226	80
158	226	65
159	226	48
160	226	170
161	226	16
162	226	80
163	226	37
164	226	15
166	226	178
170	226	40
171	226	78
172	226	90
173	226	29
174	226	54
175	226	105
179	226	68
183	226	84
187	226	68
189	226	178
190	226	46
191	226	57
195	226	66
196	226	148
197	226	56
200	226	51
206	226	131
228	226	14
235	226	73
19	225	13
28	225	55
30	225	61
32	225	18
34	225	66
38	225	41
39	225	46
44	225	48
46	225	47
47	225	91
49	225	34
50	225	97
51	225	49
52	225	96
53	225	78
55	225	79
56	225	45
57	225	25
61	225	58
62	225	54
64	225	59
65	225	5
66	225	24
68	225	99
69	225	41
71	225	154
75	225	49
79	225	79
82	225	41
83	225	184
85	225	27
88	225	29
89	225	32
97	225	52
100	225	67
102	225	75
103	225	86
104	225	23
105	225	52
107	225	154
110	225	58
114	225	78
121	225	34
123	225	54
125	225	40
127	225	69
134	225	22
136	225	41
137	225	31
140	225	114
143	225	210
144	225	59
146	225	70
150	225	72
151	225	90
154	225	46
155	225	49
157	225	78
160	225	129
161	225	44
162	225	31
163	225	92
164	225	41
165	225	47
166	225	57
167	225	68
168	225	20
169	225	100
170	225	173
171	225	49
173	225	100
175	225	132
177	225	40
178	225	21
179	225	19
181	225	117
183	225	9
185	225	61
189	225	71
190	225	8
192	225	46
202	225	63
204	225	68
205	225	25
207	225	18
209	225	31
211	225	83
227	225	47
8	224	23
10	224	78
14	224	41
23	224	107
26	224	102
27	224	134
29	224	73
30	224	40
31	224	54
33	224	25
35	224	90
36	224	25
37	224	21
39	224	98
40	224	26
41	224	144
43	224	44
48	224	78
49	224	84
51	224	26
52	224	86
64	224	51
65	224	71
67	224	70
70	224	22
71	224	34
74	224	16
76	224	98
77	224	62
80	224	23
81	224	132
82	224	111
83	224	66
84	224	63
88	224	99
89	224	73
90	224	49
92	224	95
98	224	12
99	224	147
100	224	64
101	224	40
102	224	51
104	224	42
107	224	56
108	224	14
116	224	123
123	224	89
129	224	33
134	224	65
135	224	125
136	224	55
138	224	59
142	224	60
146	224	65
147	224	13
149	224	10
150	224	41
151	224	102
154	224	45
155	224	54
156	224	136
157	224	57
158	224	95
159	224	69
160	224	51
161	224	27
163	224	89
165	224	20
166	224	91
167	224	50
170	224	27
171	224	85
172	224	88
173	224	49
174	224	115
177	224	112
178	224	57
179	224	99
180	224	52
181	224	51
182	224	62
183	224	57
185	224	124
186	224	68
187	224	62
191	224	32
192	224	54
193	224	59
195	224	87
196	224	115
208	224	110
209	224	41
210	224	48
212	224	85
214	224	58
219	224	87
10	223	54
11	223	49
12	223	44
20	223	71
22	223	112
25	223	86
28	223	137
29	223	75
31	223	20
32	223	37
33	223	87
35	223	61
36	223	31
37	223	70
40	223	28
42	223	80
49	223	79
51	223	64
55	223	53
58	223	71
63	223	26
64	223	52
65	223	49
66	223	37
69	223	51
70	223	56
72	223	33
74	223	29
76	223	78
77	223	125
78	223	106
81	223	87
82	223	82
83	223	14
88	223	50
90	223	42
91	223	24
93	223	106
95	223	33
96	223	93
97	223	72
98	223	81
101	223	82
102	223	48
103	223	52
105	223	34
106	223	36
107	223	79
108	223	26
109	223	41
115	223	29
127	223	196
131	223	45
136	223	86
139	223	42
142	223	105
143	223	61
146	223	110
147	223	36
148	223	54
150	223	71
152	223	215
153	223	52
154	223	70
155	223	42
157	223	43
158	223	47
159	223	74
160	223	91
162	223	131
164	223	75
165	223	53
166	223	140
167	223	158
168	223	71
174	223	77
175	223	29
176	223	90
177	223	44
178	223	53
179	223	21
180	223	17
185	223	45
188	223	90
189	223	56
190	223	88
196	223	43
198	223	124
203	223	79
204	223	39
206	223	29
213	223	47
214	223	85
215	223	65
219	223	52
226	223	90
9	222	62
10	222	16
12	222	86
20	222	20
25	222	102
26	222	56
27	222	128
31	222	77
32	222	49
33	222	73
34	222	66
36	222	171
38	222	106
39	222	133
40	222	20
43	222	75
44	222	42
45	222	40
47	222	67
49	222	49
50	222	101
51	222	67
52	222	47
54	222	51
56	222	29
63	222	147
67	222	57
68	222	48
70	222	63
72	222	53
74	222	90
77	222	136
78	222	69
80	222	56
85	222	73
86	222	12
88	222	171
89	222	81
93	222	46
94	222	75
95	222	39
96	222	47
97	222	124
98	222	39
99	222	76
102	222	63
105	222	28
107	222	37
109	222	59
110	222	74
111	222	28
112	222	26
123	222	18
127	222	77
130	222	22
132	222	57
134	222	190
135	222	44
138	222	115
139	222	73
140	222	57
144	222	68
145	222	40
146	222	113
147	222	248
148	222	94
149	222	14
150	222	79
151	222	34
152	222	160
153	222	172
154	222	62
157	222	67
158	222	179
159	222	116
160	222	99
161	222	58
166	222	75
169	222	79
170	222	153
172	222	59
175	222	113
176	222	56
177	222	81
179	222	38
180	222	74
181	222	204
183	222	82
185	222	45
187	222	134
188	222	35
189	222	69
193	222	100
195	222	80
197	222	85
202	222	49
203	222	17
206	222	54
215	222	69
219	222	26
12	221	64
13	221	64
21	221	37
22	221	99
23	221	51
25	221	31
26	221	71
28	221	77
30	221	106
32	221	33
34	221	69
35	221	82
37	221	82
38	221	58
39	221	125
40	221	114
42	221	98
43	221	78
44	221	35
45	221	34
46	221	47
47	221	23
48	221	50
49	221	55
51	221	18
52	221	35
53	221	30
54	221	113
58	221	43
59	221	59
62	221	36
63	221	110
64	221	41
67	221	62
70	221	84
71	221	84
72	221	36
73	221	55
74	221	55
77	221	157
81	221	68
84	221	77
85	221	62
86	221	55
88	221	11
89	221	43
90	221	57
91	221	67
92	221	40
97	221	116
99	221	57
100	221	66
103	221	65
109	221	97
116	221	24
117	221	51
118	221	29
128	221	25
129	221	118
130	221	37
132	221	71
133	221	68
136	221	45
138	221	33
143	221	68
144	221	59
147	221	68
148	221	94
149	221	41
150	221	60
151	221	65
152	221	98
154	221	149
155	221	127
156	221	117
157	221	100
158	221	69
160	221	116
163	221	107
164	221	131
165	221	35
166	221	70
167	221	23
168	221	87
169	221	69
170	221	67
176	221	28
178	221	111
181	221	63
182	221	72
187	221	51
188	221	25
189	221	60
190	221	41
193	221	40
194	221	62
195	221	66
197	221	134
199	221	66
201	221	48
209	221	35
10	220	128
12	220	51
13	220	57
17	220	32
19	220	75
20	220	62
23	220	17
25	220	53
27	220	66
34	220	239
35	220	42
36	220	147
37	220	182
40	220	103
41	220	113
42	220	54
43	220	8
44	220	204
45	220	58
50	220	21
53	220	26
54	220	25
57	220	137
58	220	204
60	220	176
61	220	111
62	220	68
64	220	59
66	220	37
67	220	109
68	220	23
69	220	48
70	220	45
71	220	61
78	220	60
79	220	132
82	220	49
85	220	55
91	220	49
92	220	32
93	220	96
94	220	85
97	220	73
108	220	66
109	220	58
116	220	44
119	220	39
127	220	95
134	220	37
135	220	45
138	220	50
139	220	48
140	220	11
141	220	39
143	220	35
144	220	49
146	220	87
150	220	38
152	220	139
153	220	98
154	220	61
157	220	73
158	220	79
159	220	175
162	220	203
163	220	174
164	220	102
166	220	197
167	220	206
168	220	151
174	220	108
176	220	62
178	220	51
179	220	34
181	220	59
182	220	55
183	220	97
184	220	54
193	220	86
194	220	59
196	220	71
197	220	42
201	220	87
210	220	34
211	220	20
220	220	85
10	219	92
19	219	26
20	219	110
23	219	105
24	219	44
25	219	24
26	219	19
27	219	150
30	219	108
31	219	40
33	219	28
34	219	57
36	219	119
38	219	53
39	219	90
40	219	52
41	219	152
42	219	70
43	219	40
44	219	84
45	219	58
46	219	88
47	219	42
48	219	31
49	219	35
52	219	78
53	219	110
54	219	83
55	219	70
57	219	137
58	219	34
64	219	35
69	219	34
70	219	89
71	219	97
80	219	145
82	219	33
87	219	142
88	219	19
89	219	33
93	219	76
96	219	79
98	219	15
105	219	9
106	219	35
107	219	78
108	219	70
114	219	63
119	219	39
120	219	190
123	219	36
125	219	47
126	219	42
128	219	53
129	219	59
139	219	62
141	219	119
142	219	99
143	219	38
144	219	199
145	219	139
146	219	53
148	219	144
149	219	23
150	219	56
151	219	84
153	219	67
154	219	158
155	219	49
156	219	35
157	219	92
158	219	67
159	219	18
160	219	103
161	219	49
162	219	147
163	219	112
164	219	62
165	219	53
166	219	124
168	219	49
169	219	32
171	219	30
173	219	31
176	219	49
179	219	21
180	219	28
181	219	45
182	219	37
183	219	51
185	219	45
186	219	83
191	219	45
195	219	93
196	219	165
197	219	15
200	219	123
204	219	81
207	219	37
208	219	20
212	219	34
213	219	90
218	219	39
220	219	83
19	218	27
20	218	34
25	218	59
26	218	38
27	218	26
29	218	31
30	218	48
31	218	98
34	218	69
35	218	63
37	218	67
38	218	45
39	218	38
41	218	114
42	218	114
43	218	65
44	218	115
45	218	61
46	218	56
50	218	99
51	218	147
52	218	37
53	218	33
54	218	69
55	218	65
60	218	54
62	218	140
64	218	17
65	218	49
66	218	39
69	218	45
70	218	35
72	218	11
73	218	67
74	218	81
76	218	62
86	218	111
87	218	22
89	218	43
91	218	57
92	218	32
93	218	4
94	218	33
95	218	84
103	218	30
104	218	43
109	218	110
110	218	60
113	218	55
116	218	39
119	218	52
120	218	64
121	218	59
125	218	36
128	218	82
130	218	94
138	218	45
140	218	66
141	218	70
142	218	133
145	218	33
148	218	40
149	218	115
150	218	78
151	218	219
153	218	55
154	218	36
155	218	31
156	218	109
158	218	178
160	218	78
162	218	93
166	218	45
174	218	68
175	218	84
177	218	41
178	218	76
179	218	84
180	218	56
181	218	34
182	218	47
183	218	138
185	218	46
188	218	18
192	218	59
194	218	28
195	218	117
201	218	54
202	218	75
203	218	29
208	218	79
222	218	55
13	217	63
15	217	74
22	217	62
24	217	41
26	217	30
27	217	54
28	217	73
29	217	54
30	217	44
31	217	51
32	217	74
33	217	45
36	217	152
38	217	107
39	217	109
40	217	49
41	217	79
42	217	76
47	217	98
51	217	104
54	217	90
56	217	79
57	217	23
62	217	40
65	217	73
67	217	61
69	217	49
70	217	80
72	217	92
73	217	35
74	217	97
77	217	39
79	217	44
89	217	19
91	217	83
95	217	86
100	217	55
105	217	30
106	217	14
107	217	51
110	217	43
112	217	38
113	217	44
114	217	16
120	217	21
121	217	28
126	217	83
132	217	112
136	217	138
137	217	50
139	217	29
140	217	88
144	217	38
146	217	77
147	217	88
148	217	76
149	217	59
150	217	189
152	217	29
155	217	101
158	217	109
160	217	34
161	217	112
162	217	64
163	217	38
164	217	92
165	217	65
166	217	395
167	217	163
168	217	20
169	217	61
173	217	105
174	217	67
175	217	92
176	217	42
177	217	128
178	217	71
179	217	43
180	217	86
181	217	253
182	217	80
184	217	66
185	217	27
186	217	83
187	217	121
188	217	17
190	217	34
191	217	184
192	217	54
193	217	61
194	217	106
195	217	51
196	217	57
197	217	76
199	217	50
208	217	42
209	217	51
247	217	65
10	216	75
11	216	55
13	216	75
14	216	66
18	216	61
22	216	79
24	216	137
26	216	59
28	216	37
29	216	53
30	216	54
31	216	52
34	216	189
35	216	28
36	216	60
38	216	27
39	216	59
40	216	131
41	216	59
42	216	74
43	216	102
44	216	65
47	216	76
48	216	97
49	216	54
50	216	43
51	216	78
52	216	25
55	216	51
67	216	40
68	216	61
69	216	52
71	216	83
74	216	54
79	216	98
86	216	54
93	216	49
94	216	52
95	216	62
99	216	42
107	216	50
108	216	50
113	216	101
121	216	47
123	216	30
129	216	98
132	216	69
133	216	61
134	216	19
135	216	63
136	216	34
137	216	75
138	216	25
142	216	66
148	216	37
149	216	95
152	216	22
155	216	142
157	216	74
158	216	88
161	216	9
162	216	87
163	216	38
165	216	163
166	216	167
167	216	42
168	216	50
169	216	42
170	216	52
171	216	46
172	216	78
176	216	33
178	216	67
179	216	144
180	216	122
182	216	86
186	216	59
188	216	128
190	216	56
191	216	79
192	216	19
197	216	58
198	216	49
199	216	118
201	216	106
202	216	50
203	216	29
204	216	52
212	216	59
213	216	47
215	216	30
227	216	38
14	215	90
16	215	46
18	215	72
19	215	41
24	215	54
25	215	34
26	215	73
28	215	106
31	215	124
32	215	20
33	215	158
35	215	55
36	215	112
38	215	38
39	215	138
40	215	91
41	215	15
42	215	54
43	215	12
44	215	119
45	215	132
46	215	66
47	215	143
48	215	165
49	215	73
50	215	70
51	215	51
52	215	83
53	215	128
54	215	137
55	215	79
57	215	114
59	215	5
61	215	13
64	215	63
65	215	53
71	215	50
73	215	68
76	215	54
77	215	52
80	215	44
81	215	18
82	215	74
84	215	87
85	215	33
87	215	10
93	215	54
95	215	62
96	215	75
99	215	161
104	215	60
107	215	72
115	215	19
120	215	54
121	215	104
122	215	82
124	215	81
128	215	102
134	215	55
136	215	67
138	215	45
139	215	60
140	215	27
146	215	46
147	215	36
148	215	28
150	215	83
153	215	65
154	215	128
155	215	57
156	215	103
157	215	17
159	215	25
162	215	244
163	215	58
164	215	59
166	215	33
168	215	54
170	215	80
171	215	100
172	215	114
175	215	51
178	215	38
179	215	43
180	215	62
182	215	209
183	215	49
184	215	67
185	215	30
188	215	62
190	215	54
191	215	35
194	215	55
196	215	62
198	215	25
201	215	7
211	215	84
213	215	44
230	215	75
10	214	37
11	214	23
13	214	33
14	214	48
15	214	105
16	214	101
17	214	143
18	214	58
19	214	109
22	214	52
24	214	72
27	214	141
28	214	22
29	214	84
30	214	39
31	214	119
35	214	87
38	214	22
39	214	189
40	214	115
41	214	55
43	214	117
44	214	80
45	214	156
47	214	56
48	214	66
49	214	37
50	214	19
55	214	55
57	214	58
58	214	41
59	214	52
60	214	44
62	214	48
64	214	14
65	214	76
71	214	55
72	214	95
73	214	62
75	214	69
77	214	103
80	214	37
85	214	26
87	214	26
88	214	111
92	214	18
99	214	79
104	214	41
112	214	22
114	214	26
115	214	60
116	214	47
124	214	85
126	214	34
127	214	4
128	214	61
132	214	77
139	214	197
141	214	41
142	214	27
144	214	105
145	214	62
146	214	50
148	214	59
150	214	22
151	214	46
152	214	101
156	214	70
158	214	133
159	214	137
160	214	125
162	214	109
164	214	32
165	214	23
166	214	87
167	214	74
168	214	115
169	214	125
170	214	98
172	214	50
173	214	39
176	214	41
177	214	100
178	214	49
179	214	123
180	214	70
183	214	24
184	214	38
185	214	90
186	214	135
190	214	40
195	214	81
196	214	32
197	214	74
198	214	59
199	214	20
200	214	17
201	214	53
202	214	90
205	214	87
209	214	42
215	214	87
244	214	24
14	213	71
16	213	116
17	213	34
18	213	138
20	213	161
21	213	42
22	213	73
24	213	29
27	213	93
30	213	109
31	213	116
32	213	36
33	213	18
34	213	112
35	213	24
36	213	48
37	213	38
38	213	56
39	213	28
41	213	72
44	213	46
45	213	156
46	213	99
47	213	24
48	213	17
49	213	78
50	213	75
51	213	38
52	213	79
53	213	10
54	213	11
55	213	17
58	213	68
62	213	104
63	213	57
67	213	37
68	213	41
72	213	61
73	213	81
74	213	59
77	213	135
80	213	56
85	213	83
86	213	51
90	213	29
91	213	45
93	213	86
94	213	139
99	213	51
100	213	77
104	213	28
112	213	67
113	213	59
116	213	73
123	213	75
124	213	46
131	213	58
132	213	151
136	213	21
142	213	59
144	213	23
145	213	100
146	213	114
147	213	91
149	213	120
150	213	131
151	213	54
154	213	17
156	213	32
158	213	22
159	213	32
160	213	101
161	213	52
162	213	128
163	213	91
164	213	14
165	213	10
166	213	163
167	213	115
168	213	139
174	213	50
175	213	61
176	213	87
177	213	73
181	213	67
183	213	65
186	213	27
187	213	26
194	213	89
196	213	47
199	213	48
200	213	42
204	213	33
208	213	81
211	213	105
214	213	38
215	213	81
218	213	114
13	212	41
15	212	50
16	212	139
17	212	75
23	212	37
24	212	85
26	212	161
27	212	112
28	212	36
30	212	37
31	212	221
32	212	219
33	212	37
34	212	70
35	212	35
36	212	73
37	212	109
38	212	44
39	212	111
40	212	167
41	212	91
42	212	102
43	212	104
44	212	132
45	212	69
46	212	86
47	212	43
48	212	163
52	212	73
54	212	71
55	212	86
56	212	27
61	212	48
62	212	120
63	212	77
69	212	33
70	212	49
73	212	82
74	212	113
77	212	18
79	212	51
84	212	62
85	212	73
87	212	45
90	212	60
93	212	46
94	212	6
95	212	43
96	212	167
101	212	54
112	212	66
114	212	82
117	212	99
119	212	48
120	212	40
121	212	43
124	212	82
129	212	36
130	212	12
131	212	100
132	212	29
133	212	89
136	212	53
139	212	70
141	212	131
142	212	79
143	212	86
145	212	89
147	212	52
149	212	85
150	212	77
152	212	189
153	212	24
154	212	69
155	212	115
157	212	118
158	212	52
159	212	100
160	212	32
162	212	123
164	212	67
166	212	94
168	212	40
170	212	34
172	212	165
173	212	64
174	212	66
179	212	43
181	212	103
183	212	62
184	212	45
185	212	12
192	212	66
197	212	58
207	212	62
212	212	58
10	211	33
13	211	116
17	211	119
18	211	54
21	211	58
22	211	45
24	211	31
26	211	65
31	211	46
32	211	113
33	211	115
34	211	170
35	211	63
37	211	106
39	211	30
40	211	82
41	211	29
42	211	269
43	211	117
44	211	39
45	211	148
47	211	33
48	211	66
49	211	179
50	211	55
51	211	141
56	211	75
57	211	29
59	211	72
61	211	160
62	211	33
64	211	17
69	211	122
73	211	91
79	211	37
80	211	60
82	211	46
83	211	48
87	211	37
88	211	13
98	211	108
99	211	60
101	211	61
104	211	63
107	211	47
113	211	34
116	211	156
119	211	51
123	211	29
124	211	65
125	211	60
130	211	69
131	211	52
132	211	128
133	211	16
138	211	42
140	211	34
142	211	97
146	211	97
148	211	64
149	211	49
152	211	110
154	211	43
155	211	105
156	211	144
157	211	75
158	211	118
159	211	60
160	211	16
161	211	37
162	211	27
163	211	85
165	211	35
168	211	73
169	211	124
171	211	95
172	211	15
173	211	59
174	211	128
175	211	52
176	211	57
178	211	82
181	211	62
182	211	134
183	211	11
184	211	119
185	211	49
191	211	99
193	211	26
201	211	77
205	211	28
209	211	21
21	210	37
22	210	70
24	210	19
25	210	52
26	210	135
28	210	179
30	210	24
31	210	42
32	210	238
33	210	166
34	210	85
35	210	140
36	210	18
37	210	86
39	210	113
40	210	138
41	210	152
42	210	144
43	210	10
44	210	328
45	210	35
46	210	33
47	210	27
48	210	45
49	210	57
53	210	137
54	210	169
56	210	33
57	210	59
61	210	41
66	210	35
67	210	114
75	210	65
76	210	37
77	210	78
78	210	100
80	210	94
81	210	35
83	210	83
87	210	22
93	210	15
95	210	93
97	210	119
98	210	70
99	210	86
100	210	35
111	210	60
112	210	134
121	210	48
122	210	54
126	210	24
127	210	36
128	210	57
130	210	18
131	210	52
133	210	43
135	210	42
141	210	65
142	210	45
143	210	136
144	210	21
146	210	25
147	210	107
148	210	87
151	210	171
152	210	32
153	210	26
154	210	114
155	210	93
156	210	78
157	210	34
158	210	98
159	210	102
163	210	27
165	210	45
166	210	49
171	210	49
173	210	19
174	210	95
175	210	105
176	210	72
179	210	7
181	210	119
183	210	14
185	210	77
186	210	37
194	210	92
205	210	46
206	210	93
208	210	17
209	210	52
222	210	38
244	210	60
11	209	74
16	209	63
18	209	59
19	209	22
21	209	64
23	209	37
26	209	23
27	209	20
30	209	39
32	209	84
33	209	137
34	209	109
35	209	12
36	209	95
38	209	64
39	209	99
40	209	231
41	209	112
42	209	30
43	209	68
45	209	94
46	209	49
48	209	33
49	209	61
50	209	171
51	209	53
55	209	43
58	209	52
62	209	41
64	209	75
65	209	47
73	209	46
74	209	93
75	209	11
82	209	34
86	209	64
91	209	71
96	209	57
99	209	48
109	209	45
110	209	46
113	209	54
116	209	83
119	209	62
122	209	28
127	209	59
128	209	54
129	209	72
132	209	100
137	209	85
141	209	117
144	209	83
149	209	22
152	209	42
155	209	117
157	209	38
158	209	178
159	209	37
161	209	23
163	209	66
165	209	38
167	209	129
171	209	136
172	209	30
175	209	57
176	209	135
177	209	55
179	209	16
180	209	53
183	209	45
186	209	17
187	209	89
188	209	56
190	209	53
192	209	38
198	209	12
199	209	27
200	209	130
205	209	107
206	209	49
208	209	25
234	209	54
235	209	61
8	208	72
11	208	55
12	208	48
14	208	31
18	208	38
19	208	115
20	208	60
21	208	68
22	208	58
23	208	53
24	208	82
25	208	32
26	208	96
27	208	41
29	208	44
32	208	40
33	208	51
34	208	94
35	208	7
36	208	84
38	208	153
40	208	109
41	208	74
43	208	197
45	208	136
46	208	43
47	208	120
48	208	71
50	208	85
55	208	62
58	208	47
62	208	99
65	208	61
69	208	39
71	208	142
73	208	108
74	208	62
75	208	26
78	208	83
80	208	179
82	208	84
83	208	31
88	208	57
90	208	48
91	208	29
92	208	25
93	208	94
95	208	38
100	208	23
104	208	67
120	208	48
122	208	83
124	208	68
128	208	13
131	208	28
134	208	42
137	208	42
142	208	51
145	208	80
147	208	118
150	208	73
151	208	47
154	208	20
156	208	183
158	208	6
159	208	15
160	208	73
161	208	41
173	208	42
174	208	49
176	208	44
177	208	88
178	208	36
184	208	112
185	208	67
188	208	57
192	208	29
193	208	19
196	208	46
200	208	39
201	208	46
202	208	61
205	208	135
208	208	25
209	208	17
210	208	68
226	208	92
229	208	56
230	208	5
9	207	34
10	207	54
12	207	106
15	207	69
16	207	32
17	207	129
18	207	203
20	207	35
21	207	31
23	207	111
24	207	120
26	207	54
27	207	197
28	207	38
31	207	33
32	207	164
34	207	51
35	207	137
36	207	159
38	207	128
39	207	52
40	207	48
41	207	92
43	207	70
45	207	40
46	207	110
47	207	138
48	207	26
50	207	6
51	207	79
52	207	150
53	207	22
55	207	11
56	207	100
57	207	69
58	207	46
61	207	60
62	207	89
65	207	70
66	207	133
68	207	29
69	207	50
70	207	87
71	207	21
72	207	89
73	207	54
74	207	51
75	207	4
78	207	91
79	207	63
80	207	181
81	207	35
83	207	24
84	207	37
86	207	19
87	207	25
93	207	35
102	207	31
105	207	57
110	207	49
123	207	62
124	207	97
126	207	149
133	207	82
134	207	49
137	207	107
138	207	37
140	207	22
142	207	23
143	207	14
144	207	91
145	207	51
146	207	82
147	207	110
148	207	111
151	207	92
152	207	88
153	207	72
154	207	148
156	207	60
157	207	37
159	207	99
160	207	82
161	207	84
164	207	64
166	207	56
168	207	60
169	207	49
170	207	132
172	207	75
174	207	120
177	207	128
178	207	122
179	207	71
181	207	167
182	207	185
184	207	45
185	207	51
187	207	26
188	207	79
191	207	14
192	207	32
193	207	21
198	207	74
199	207	75
200	207	59
202	207	29
203	207	63
204	207	103
207	207	85
210	207	66
214	207	81
215	207	40
216	207	86
225	207	43
10	206	26
11	206	17
12	206	186
15	206	31
16	206	125
17	206	40
20	206	41
24	206	81
25	206	81
27	206	32
28	206	29
30	206	125
31	206	54
32	206	56
33	206	74
34	206	48
35	206	103
36	206	87
38	206	60
39	206	177
40	206	114
41	206	6
42	206	42
43	206	155
44	206	44
45	206	49
46	206	75
47	206	247
50	206	74
51	206	63
55	206	34
56	206	52
57	206	105
58	206	84
60	206	72
62	206	55
63	206	45
64	206	75
65	206	50
67	206	74
70	206	38
71	206	43
72	206	58
74	206	60
75	206	50
78	206	72
80	206	71
84	206	106
85	206	31
87	206	66
88	206	81
89	206	110
95	206	34
98	206	155
103	206	73
104	206	122
106	206	49
108	206	41
110	206	120
111	206	24
112	206	43
115	206	27
116	206	73
126	206	64
127	206	113
128	206	57
131	206	78
132	206	28
135	206	57
137	206	47
139	206	42
140	206	62
141	206	88
142	206	30
146	206	71
147	206	69
148	206	70
151	206	52
152	206	51
154	206	31
155	206	28
156	206	80
158	206	110
160	206	33
161	206	97
162	206	22
165	206	38
168	206	62
169	206	33
171	206	67
172	206	96
176	206	69
177	206	49
180	206	36
181	206	47
182	206	4
183	206	72
188	206	47
190	206	53
202	206	82
203	206	89
205	206	71
211	206	30
212	206	59
214	206	109
215	206	87
224	206	44
10	205	42
13	205	62
14	205	49
15	205	11
16	205	75
17	205	100
21	205	20
22	205	35
23	205	208
24	205	9
26	205	59
29	205	203
30	205	59
34	205	36
35	205	149
36	205	148
37	205	16
40	205	143
41	205	112
42	205	59
43	205	213
44	205	143
46	205	51
47	205	41
49	205	122
50	205	247
52	205	57
53	205	15
54	205	55
58	205	40
60	205	64
64	205	33
65	205	43
67	205	59
69	205	117
76	205	73
77	205	22
78	205	47
83	205	88
88	205	78
94	205	76
95	205	37
98	205	87
99	205	91
100	205	66
102	205	61
104	205	39
108	205	49
109	205	45
112	205	75
114	205	58
117	205	94
124	205	94
126	205	70
132	205	70
133	205	41
134	205	132
139	205	9
140	205	50
143	205	29
145	205	107
146	205	144
148	205	120
149	205	24
150	205	10
151	205	104
153	205	30
155	205	18
156	205	85
157	205	56
161	205	30
162	205	44
163	205	48
164	205	97
166	205	47
169	205	54
170	205	57
171	205	24
172	205	36
175	205	69
176	205	67
183	205	100
188	205	74
189	205	53
191	205	113
193	205	101
194	205	42
196	205	25
198	205	28
199	205	22
204	205	73
206	205	110
220	205	131
225	205	53
227	205	25
236	205	50
9	204	64
13	204	70
16	204	115
18	204	84
19	204	69
20	204	120
22	204	61
26	204	40
27	204	235
31	204	65
32	204	150
33	204	94
36	204	21
37	204	107
38	204	54
39	204	107
40	204	75
41	204	153
43	204	65
44	204	80
46	204	27
47	204	65
48	204	47
49	204	153
50	204	116
51	204	68
52	204	181
53	204	77
56	204	40
57	204	94
63	204	27
66	204	128
68	204	105
69	204	191
71	204	50
72	204	64
73	204	62
74	204	104
77	204	70
79	204	27
80	204	198
81	204	41
84	204	56
89	204	33
94	204	117
95	204	104
96	204	58
97	204	28
102	204	41
105	204	50
107	204	30
111	204	56
112	204	68
116	204	48
118	204	56
120	204	30
121	204	52
122	204	19
126	204	51
134	204	61
136	204	48
137	204	69
138	204	106
139	204	38
142	204	63
143	204	219
145	204	33
148	204	81
149	204	73
152	204	37
154	204	122
161	204	40
163	204	62
164	204	100
166	204	45
169	204	81
172	204	51
174	204	122
177	204	62
178	204	156
182	204	51
183	204	103
187	204	57
188	204	52
189	204	60
191	204	53
194	204	60
195	204	44
196	204	86
197	204	84
198	204	22
199	204	42
202	204	101
203	204	43
204	204	20
206	204	66
208	204	52
214	204	40
9	203	78
12	203	48
14	203	49
16	203	59
20	203	85
22	203	63
24	203	13
25	203	50
31	203	117
33	203	76
35	203	73
36	203	221
37	203	14
38	203	42
39	203	54
40	203	64
41	203	43
42	203	141
43	203	26
44	203	187
45	203	176
46	203	90
51	203	78
52	203	117
53	203	42
54	203	48
55	203	56
56	203	29
57	203	62
58	203	28
61	203	20
66	203	112
68	203	97
69	203	62
70	203	173
72	203	53
73	203	68
76	203	51
80	203	40
81	203	132
83	203	26
88	203	32
89	203	25
93	203	91
94	203	59
98	203	63
103	203	56
106	203	33
112	203	29
121	203	47
122	203	56
125	203	48
129	203	41
130	203	96
133	203	25
135	203	108
136	203	111
138	203	12
139	203	42
141	203	112
142	203	56
144	203	83
145	203	36
149	203	64
151	203	46
153	203	45
156	203	92
158	203	52
159	203	89
160	203	165
162	203	47
163	203	42
165	203	95
168	203	55
169	203	93
171	203	62
173	203	73
175	203	110
176	203	122
177	203	126
180	203	13
184	203	25
187	203	84
189	203	52
190	203	29
198	203	42
199	203	23
207	203	65
208	203	54
210	203	68
212	203	65
213	203	52
10	202	62
12	202	37
13	202	92
14	202	18
16	202	88
19	202	33
22	202	51
24	202	39
28	202	67
30	202	20
31	202	168
32	202	182
34	202	90
37	202	99
38	202	30
39	202	58
40	202	54
41	202	45
42	202	93
43	202	58
45	202	74
49	202	71
50	202	38
51	202	13
52	202	102
56	202	22
57	202	104
58	202	48
59	202	192
60	202	99
61	202	82
64	202	150
66	202	59
68	202	54
69	202	57
71	202	25
73	202	77
75	202	103
76	202	114
77	202	67
78	202	15
79	202	24
80	202	56
81	202	41
83	202	57
86	202	59
87	202	28
88	202	38
91	202	45
94	202	20
100	202	41
103	202	68
113	202	79
114	202	70
122	202	77
123	202	182
124	202	89
129	202	109
130	202	109
131	202	54
132	202	49
133	202	49
135	202	44
136	202	102
137	202	45
140	202	65
141	202	94
143	202	77
144	202	67
148	202	95
151	202	50
152	202	30
153	202	40
156	202	172
157	202	185
161	202	164
165	202	83
166	202	53
169	202	73
170	202	61
171	202	29
173	202	76
174	202	129
180	202	104
182	202	12
184	202	52
191	202	112
192	202	41
193	202	19
195	202	22
203	202	65
204	202	26
206	202	51
210	202	106
213	202	31
214	202	65
240	202	43
243	202	42
9	201	27
13	201	38
16	201	70
17	201	31
18	201	22
19	201	31
20	201	7
22	201	49
24	201	136
25	201	30
26	201	60
27	201	91
28	201	58
30	201	75
33	201	46
35	201	258
36	201	93
37	201	75
38	201	44
40	201	117
41	201	116
43	201	49
44	201	139
45	201	15
46	201	63
50	201	52
51	201	22
52	201	73
53	201	59
55	201	83
57	201	66
59	201	107
67	201	35
68	201	47
69	201	142
70	201	111
71	201	57
72	201	179
74	201	75
75	201	45
76	201	41
78	201	48
79	201	34
80	201	40
84	201	90
89	201	65
91	201	68
96	201	46
103	201	72
104	201	77
111	201	46
122	201	24
128	201	20
134	201	86
136	201	29
139	201	30
140	201	73
142	201	44
143	201	34
144	201	130
145	201	21
146	201	77
147	201	84
148	201	165
149	201	194
150	201	134
152	201	51
153	201	89
156	201	150
157	201	214
160	201	30
161	201	159
163	201	108
164	201	24
166	201	96
167	201	34
169	201	13
170	201	169
171	201	94
172	201	79
174	201	87
175	201	57
177	201	70
178	201	38
179	201	22
183	201	27
184	201	25
187	201	92
188	201	97
193	201	214
194	201	91
195	201	115
197	201	38
198	201	142
201	201	23
204	201	54
207	201	23
210	201	75
211	201	46
212	201	65
221	201	48
244	201	74
10	200	53
11	200	76
14	200	60
15	200	109
16	200	56
22	200	174
25	200	49
26	200	93
27	200	43
29	200	71
33	200	61
34	200	46
35	200	97
36	200	54
37	200	17
38	200	17
39	200	73
40	200	151
41	200	95
42	200	97
43	200	51
44	200	101
45	200	226
46	200	111
48	200	111
49	200	103
50	200	12
51	200	54
54	200	66
55	200	88
59	200	73
61	200	155
64	200	54
65	200	22
68	200	63
69	200	72
71	200	48
72	200	35
73	200	93
74	200	40
76	200	56
80	200	57
82	200	156
84	200	70
85	200	46
88	200	62
89	200	40
93	200	26
99	200	53
104	200	75
109	200	98
111	200	40
112	200	46
113	200	88
114	200	74
118	200	74
122	200	30
126	200	62
132	200	97
133	200	68
134	200	126
135	200	60
139	200	152
142	200	35
143	200	62
144	200	37
145	200	113
146	200	293
149	200	213
150	200	180
153	200	2
154	200	135
156	200	81
158	200	86
159	200	103
161	200	60
162	200	52
167	200	22
169	200	25
170	200	129
171	200	55
173	200	21
176	200	81
177	200	52
181	200	59
183	200	48
185	200	62
186	200	30
187	200	105
188	200	148
189	200	7
191	200	58
192	200	168
193	200	126
196	200	44
202	200	76
204	200	42
206	200	27
209	200	59
221	200	111
223	200	22
8	199	60
13	199	37
14	199	90
17	199	143
19	199	40
20	199	83
22	199	73
24	199	60
25	199	39
27	199	64
28	199	39
31	199	55
32	199	48
33	199	104
35	199	75
36	199	57
37	199	180
39	199	188
41	199	60
42	199	46
43	199	117
45	199	44
46	199	46
50	199	158
52	199	28
54	199	114
55	199	41
56	199	43
57	199	109
60	199	44
61	199	38
62	199	52
65	199	64
66	199	77
69	199	90
70	199	91
72	199	68
73	199	82
74	199	13
76	199	57
77	199	84
81	199	25
86	199	70
87	199	62
88	199	96
89	199	72
90	199	106
94	199	25
103	199	95
110	199	92
116	199	66
121	199	56
122	199	21
124	199	32
133	199	96
135	199	37
137	199	64
141	199	47
142	199	85
143	199	107
144	199	54
145	199	47
146	199	41
148	199	53
150	199	30
151	199	75
152	199	105
153	199	40
154	199	62
158	199	43
159	199	9
160	199	69
162	199	82
163	199	1
164	199	82
165	199	23
166	199	101
168	199	23
169	199	56
170	199	46
171	199	57
172	199	56
173	199	55
174	199	48
176	199	143
178	199	143
183	199	80
187	199	116
190	199	22
193	199	93
195	199	46
196	199	41
197	199	80
198	199	29
199	199	59
201	199	52
203	199	58
208	199	79
221	199	83
222	199	82
223	199	54
237	199	44
242	199	60
10	198	77
13	198	50
20	198	62
21	198	62
22	198	84
24	198	112
26	198	121
28	198	120
29	198	48
30	198	62
31	198	71
34	198	79
36	198	51
37	198	37
38	198	54
39	198	54
40	198	25
41	198	12
42	198	47
43	198	16
44	198	98
45	198	29
47	198	79
48	198	14
50	198	90
51	198	82
58	198	36
59	198	46
60	198	67
64	198	82
70	198	64
71	198	60
74	198	70
75	198	54
82	198	31
84	198	88
85	198	125
86	198	29
93	198	71
94	198	66
95	198	36
99	198	89
100	198	85
102	198	49
109	198	35
111	198	43
112	198	25
116	198	49
123	198	75
125	198	115
129	198	75
130	198	121
134	198	48
136	198	108
142	198	102
145	198	73
146	198	97
147	198	30
148	198	94
149	198	182
150	198	170
151	198	62
153	198	92
154	198	78
155	198	69
156	198	49
157	198	90
158	198	43
159	198	74
160	198	41
161	198	160
162	198	118
163	198	41
165	198	40
166	198	77
168	198	45
169	198	68
170	198	51
171	198	73
173	198	21
175	198	145
176	198	122
177	198	14
178	198	46
181	198	33
182	198	116
183	198	62
185	198	81
188	198	64
189	198	114
194	198	82
195	198	70
198	198	91
199	198	145
205	198	143
208	198	34
217	198	61
239	198	61
241	198	31
246	198	66
9	197	14
12	197	34
14	197	80
16	197	30
19	197	39
21	197	48
23	197	155
25	197	23
26	197	52
27	197	187
28	197	69
29	197	37
30	197	237
31	197	63
32	197	32
33	197	57
35	197	52
37	197	77
38	197	156
40	197	45
41	197	112
42	197	15
43	197	83
44	197	9
45	197	108
46	197	52
48	197	71
49	197	153
50	197	33
53	197	23
55	197	57
60	197	19
64	197	50
68	197	63
69	197	50
72	197	27
75	197	44
77	197	50
78	197	85
79	197	129
91	197	50
92	197	59
98	197	34
114	197	49
116	197	35
119	197	57
120	197	41
122	197	88
127	197	23
130	197	58
131	197	201
135	197	66
142	197	32
146	197	120
147	197	153
149	197	64
150	197	44
151	197	66
152	197	71
154	197	59
155	197	63
156	197	120
157	197	45
159	197	76
162	197	58
163	197	55
164	197	74
165	197	108
167	197	51
169	197	141
171	197	216
172	197	85
173	197	75
176	197	36
177	197	127
179	197	100
181	197	146
183	197	49
184	197	163
189	197	22
190	197	86
191	197	98
194	197	57
205	197	32
206	197	61
207	197	75
208	197	85
224	197	86
225	197	101
226	197	14
236	197	59
246	197	42
14	196	82
18	196	175
22	196	47
23	196	46
24	196	81
27	196	213
29	196	121
31	196	86
33	196	124
35	196	86
37	196	63
38	196	52
39	196	167
41	196	80
42	196	125
43	196	174
44	196	150
45	196	77
47	196	122
48	196	57
50	196	137
51	196	55
53	196	54
56	196	51
59	196	27
60	196	45
61	196	54
63	196	56
64	196	48
72	196	31
79	196	52
82	196	62
87	196	17
88	196	18
100	196	153
101	196	87
122	196	26
124	196	27
126	196	46
128	196	29
129	196	57
130	196	91
132	196	59
133	196	49
136	196	163
139	196	60
140	196	117
143	196	68
146	196	123
147	196	128
148	196	59
149	196	134
150	196	52
151	196	142
152	196	86
153	196	78
155	196	94
157	196	77
159	196	17
161	196	82
162	196	14
163	196	99
165	196	121
166	196	39
171	196	46
177	196	49
180	196	53
181	196	98
183	196	107
185	196	146
186	196	33
187	196	8
191	196	72
192	196	20
197	196	47
198	196	160
199	196	90
209	196	2
219	196	95
230	196	23
235	196	47
239	196	55
243	196	82
11	195	65
15	195	94
17	195	20
21	195	77
23	195	28
24	195	69
27	195	64
28	195	36
29	195	34
32	195	146
35	195	60
36	195	85
37	195	31
38	195	17
40	195	108
41	195	254
44	195	152
45	195	49
46	195	78
48	195	50
49	195	38
51	195	94
52	195	35
54	195	33
67	195	45
68	195	65
69	195	56
71	195	127
72	195	77
77	195	23
79	195	103
80	195	51
82	195	90
87	195	84
95	195	14
110	195	65
120	195	64
121	195	69
123	195	48
126	195	81
128	195	70
129	195	131
131	195	31
134	195	74
142	195	57
143	195	62
145	195	31
147	195	48
148	195	68
149	195	126
153	195	145
154	195	62
155	195	121
157	195	133
159	195	50
160	195	70
161	195	58
164	195	60
165	195	157
166	195	70
167	195	139
168	195	69
171	195	72
181	246	84
28	245	74
29	245	87
52	245	80
84	245	63
109	245	66
127	245	63
150	245	19
179	245	108
180	245	46
29	244	67
30	244	32
65	244	95
80	244	30
119	244	67
121	244	57
122	244	21
135	244	63
136	244	137
144	244	13
146	244	45
147	244	2
159	244	42
160	244	21
162	244	59
200	244	71
26	243	22
43	243	33
83	243	38
85	243	35
87	243	82
98	243	70
111	243	49
129	243	42
138	243	37
153	243	55
172	243	90
173	243	48
194	243	20
22	242	30
25	242	68
65	242	55
69	242	58
71	242	56
73	242	43
78	242	35
79	242	25
82	242	39
84	242	46
85	242	60
96	242	78
107	242	31
113	242	42
116	242	49
121	242	33
125	242	100
127	242	42
134	242	90
135	242	34
137	242	84
141	242	92
142	242	67
144	242	51
148	242	22
154	242	54
160	242	111
164	242	116
166	242	89
174	242	62
178	242	44
181	242	44
186	242	41
34	241	33
39	241	35
47	241	42
50	241	23
54	241	41
55	241	14
58	241	36
67	241	85
70	241	21
77	241	53
78	241	89
79	241	57
82	241	84
84	241	73
91	241	26
98	241	24
111	241	72
115	241	57
122	241	40
123	241	40
124	241	61
125	241	70
129	241	47
132	241	46
140	241	129
149	241	73
152	241	20
155	241	14
160	241	26
162	241	38
164	241	77
167	241	60
172	241	33
173	241	63
176	241	45
192	241	151
193	241	152
194	241	11
195	241	16
21	240	61
31	240	35
41	240	29
44	240	32
45	240	38
50	240	84
52	240	82
54	240	28
60	240	90
74	240	53
77	240	70
84	240	57
90	240	45
100	240	48
103	240	129
108	240	72
109	240	29
112	240	139
114	240	34
117	240	66
122	240	43
123	240	45
124	240	100
125	240	71
126	240	70
129	240	51
131	240	25
134	240	43
135	240	31
137	240	61
143	240	76
146	240	24
148	240	17
150	240	33
152	240	49
153	240	67
155	240	75
157	240	135
161	240	33
168	240	65
169	240	49
171	240	113
184	240	41
186	240	60
191	240	48
194	240	123
199	240	48
15	239	21
19	239	46
20	239	38
24	239	46
32	239	89
33	239	87
38	239	57
42	239	98
54	239	21
60	239	83
67	239	47
68	239	33
69	239	42
70	239	25
71	239	22
77	239	57
83	239	60
91	239	47
92	239	66
98	239	26
109	239	24
111	239	53
112	239	90
114	239	42
118	239	79
119	239	43
120	239	15
123	239	71
124	239	82
125	239	196
126	239	136
129	239	95
130	239	84
134	239	73
135	239	49
143	239	40
148	239	28
152	239	58
153	239	69
156	239	30
160	239	35
161	239	109
162	239	139
164	239	64
165	239	19
166	239	42
170	239	22
171	239	11
183	239	48
186	239	45
187	239	30
194	239	66
200	239	75
201	239	66
202	239	43
208	239	51
209	239	23
25	238	51
40	238	55
43	238	40
44	238	79
45	238	62
46	238	57
47	238	92
49	238	48
53	238	22
54	238	114
65	238	79
71	238	126
72	238	83
73	238	67
74	238	97
75	238	93
82	238	56
86	238	71
87	238	38
91	238	56
92	238	45
95	238	51
96	238	93
105	238	59
109	238	49
113	238	84
118	238	156
133	238	25
135	238	45
136	238	45
137	238	44
139	238	110
141	238	80
145	238	146
147	238	71
148	238	86
152	238	69
153	238	22
155	238	65
158	238	56
160	238	61
163	238	63
165	238	65
169	238	30
170	238	209
171	238	116
172	238	63
173	238	77
175	238	94
177	238	57
178	238	52
179	238	46
180	238	49
188	238	42
189	238	17
191	238	107
194	238	56
195	238	72
207	238	17
21	237	40
30	237	22
33	237	54
39	237	70
40	237	52
41	237	133
43	237	46
48	237	63
50	237	64
51	237	60
62	237	28
63	237	53
66	237	44
67	237	48
68	237	51
70	237	65
71	237	58
75	237	46
76	237	45
82	237	49
83	237	39
85	237	41
89	237	39
90	237	49
91	237	49
92	237	34
97	237	32
99	237	22
100	237	115
105	237	54
112	237	41
116	237	33
119	237	26
120	237	58
121	237	46
129	237	71
131	237	35
138	237	71
139	237	46
140	237	82
141	237	43
148	237	47
150	237	52
153	237	28
159	237	52
161	237	39
162	237	74
163	237	109
164	237	55
165	237	131
166	237	71
168	237	50
170	237	47
171	237	30
172	237	101
173	237	107
175	237	42
177	237	55
181	237	60
182	237	121
188	237	34
190	237	70
191	237	167
192	237	37
196	237	61
198	237	58
202	237	20
207	237	71
22	236	32
32	236	36
33	236	48
34	236	64
36	236	16
39	236	139
42	236	69
47	236	29
49	236	85
50	236	60
52	236	61
53	236	62
54	236	47
55	236	18
57	236	79
62	236	54
65	236	77
66	236	75
67	236	66
70	236	48
73	236	71
74	236	108
75	236	99
78	236	34
88	236	158
90	236	49
96	236	46
109	236	99
124	236	19
129	236	49
135	236	32
136	236	60
139	236	49
148	236	43
155	236	30
157	236	18
158	236	87
160	236	43
161	236	100
163	236	167
165	236	28
166	236	53
169	236	100
170	236	34
171	236	32
172	236	106
173	236	60
174	236	51
179	236	22
181	236	51
182	236	7
183	236	79
184	236	64
190	236	131
191	236	60
194	236	13
196	236	97
205	236	72
209	236	53
29	235	10
30	235	71
35	235	44
36	235	79
42	235	23
47	235	27
52	235	40
56	235	235
60	235	104
61	235	60
66	235	37
67	235	35
73	235	29
74	235	87
75	235	94
76	235	43
77	235	55
83	235	38
84	235	69
85	235	60
86	235	86
90	235	51
95	235	60
98	235	46
107	235	46
109	235	75
119	235	14
120	235	48
126	235	40
127	235	51
128	235	101
130	235	51
131	235	56
139	235	116
141	235	103
143	235	57
144	235	44
146	235	51
148	235	38
149	235	100
156	235	89
157	235	48
158	235	27
160	235	68
161	235	13
162	235	42
164	235	15
165	235	71
166	235	67
170	235	70
172	235	55
176	235	58
178	235	35
181	235	69
183	235	84
185	235	48
186	235	28
187	235	63
188	235	206
190	235	95
191	235	40
192	235	68
197	235	69
206	235	88
22	234	50
30	234	49
34	234	67
43	234	69
57	234	64
58	234	62
61	234	69
62	234	41
63	234	51
67	234	34
69	234	25
71	234	53
72	234	60
75	234	38
77	234	19
84	234	81
85	234	34
88	234	157
89	234	65
92	234	102
95	234	44
105	234	82
109	234	79
114	234	6
118	234	45
125	234	25
127	234	30
128	234	77
130	234	12
139	234	94
142	234	70
152	234	64
156	234	231
157	234	63
159	234	12
160	234	10
161	234	186
162	234	83
163	234	212
164	234	124
166	234	83
167	234	62
172	234	248
175	234	52
178	234	30
179	234	57
180	234	78
182	234	18
184	234	12
188	234	53
191	234	70
211	234	40
18	233	23
19	233	38
24	233	59
25	233	44
37	233	49
49	233	72
51	233	63
52	233	77
53	233	98
58	233	45
62	233	105
64	233	37
65	233	15
66	233	62
76	233	133
78	233	38
79	233	57
86	233	80
87	233	48
91	233	54
106	233	25
108	233	54
115	233	49
116	233	57
119	233	81
120	233	68
124	233	47
125	233	115
126	233	54
135	233	85
136	233	124
140	233	128
144	233	166
146	233	74
147	233	71
148	233	56
149	233	30
150	233	44
151	233	41
152	233	81
153	233	84
154	233	71
157	233	70
158	233	19
161	233	25
162	233	36
163	233	125
164	233	85
166	233	176
167	233	190
169	233	118
171	233	68
172	233	30
175	233	67
176	233	15
178	233	44
179	233	38
183	233	60
187	233	68
189	233	83
191	233	55
200	233	49
15	232	25
17	232	49
24	232	48
27	232	26
28	232	25
31	232	27
33	232	21
39	232	36
41	232	28
42	232	48
45	232	60
47	232	35
51	232	60
53	232	51
54	232	65
55	232	17
58	232	52
60	232	58
64	232	30
65	232	30
67	232	13
71	232	34
74	232	87
78	232	56
81	232	14
83	232	23
91	232	85
92	232	82
93	232	81
94	232	46
97	232	43
98	232	17
103	232	50
106	232	26
107	232	83
110	232	38
112	232	11
113	232	27
115	232	133
118	232	76
123	232	102
124	232	124
125	232	21
127	232	57
128	232	126
129	232	137
132	232	69
135	232	57
136	232	193
137	232	112
138	232	77
139	232	67
144	232	57
147	232	91
149	232	43
153	232	21
154	232	38
156	232	41
158	232	80
159	232	86
162	232	55
163	232	16
164	232	67
165	232	99
168	232	4
169	232	56
171	232	61
172	232	26
173	232	65
183	232	48
184	232	100
187	232	65
190	232	86
193	232	28
198	232	47
201	232	36
213	232	38
17	231	53
29	231	42
31	231	62
40	231	59
42	231	121
43	231	62
45	231	52
49	231	60
52	231	20
57	231	56
58	231	104
59	231	47
60	231	83
64	231	69
69	231	32
70	231	34
75	231	24
77	231	113
81	231	55
85	231	31
88	231	19
90	231	65
91	231	62
92	231	4
93	231	80
94	231	90
95	231	95
100	231	62
105	231	101
108	231	146
109	231	120
112	231	38
113	231	108
115	231	76
119	231	51
120	231	54
121	231	29
123	231	54
124	231	73
126	231	18
127	231	113
128	231	41
129	231	68
130	231	75
132	231	89
136	231	61
138	231	57
146	231	66
148	231	51
149	231	48
152	231	49
153	231	118
156	231	57
160	231	353
161	231	5
162	231	95
163	231	63
164	231	118
165	231	120
166	231	82
169	231	13
170	231	79
171	231	22
178	231	30
181	231	55
182	231	14
183	231	56
185	231	22
188	231	45
192	231	10
195	231	59
198	231	20
204	231	27
222	231	36
24	230	45
25	230	37
28	230	62
30	230	19
34	230	40
37	230	60
38	230	102
40	230	21
44	230	23
45	230	57
46	230	25
47	230	34
48	230	20
49	230	48
52	230	54
55	230	48
59	230	41
61	230	99
63	230	52
64	230	87
68	230	61
72	230	37
73	230	27
74	230	82
76	230	7
77	230	80
83	230	61
87	230	84
90	230	155
91	230	37
97	230	31
100	230	34
104	230	69
105	230	164
108	230	50
109	230	30
126	230	75
130	230	63
131	230	79
134	230	24
135	230	42
144	230	62
145	230	64
149	230	28
150	230	62
151	230	125
152	230	79
153	230	52
154	230	34
155	230	151
156	230	73
157	230	156
158	230	81
160	230	131
162	230	73
163	230	80
164	230	46
165	230	79
167	230	42
168	230	68
171	230	56
172	230	161
173	230	101
174	230	89
175	230	97
177	230	88
180	230	26
182	230	88
183	230	131
187	230	131
194	230	84
195	230	55
201	230	78
203	230	51
208	230	35
13	229	34
23	229	47
25	229	62
27	229	59
28	229	38
29	229	95
30	229	90
32	229	115
35	229	65
40	229	14
45	229	33
46	229	123
47	229	13
49	229	35
55	229	68
58	229	49
60	229	134
65	229	70
69	229	150
72	229	31
74	229	62
76	229	120
77	229	85
79	229	56
81	229	41
83	229	17
85	229	46
86	229	54
87	229	116
89	229	61
91	229	98
105	229	51
106	229	42
109	229	64
111	229	126
112	229	99
114	229	41
117	229	91
120	229	101
121	229	64
123	229	66
124	229	65
127	229	74
128	229	60
136	229	44
149	229	30
150	229	68
153	229	50
154	229	45
156	229	80
157	229	35
158	229	57
159	229	94
160	229	42
161	229	73
162	229	27
164	229	154
165	229	79
167	229	41
168	229	73
169	229	3
170	229	51
171	229	71
172	229	66
173	229	16
174	229	23
176	229	114
177	229	29
178	229	147
179	229	87
180	229	39
181	229	88
182	229	18
183	229	59
184	229	59
185	229	57
187	229	38
190	229	58
191	229	52
199	229	33
204	229	98
208	229	70
221	229	91
8	228	48
9	228	18
22	228	159
23	228	34
24	228	70
25	228	38
26	228	78
27	228	45
31	228	65
33	228	74
40	228	58
41	228	109
45	228	36
46	228	48
49	228	53
52	228	154
53	228	78
55	228	45
60	228	84
61	228	20
62	228	97
66	228	40
68	228	51
69	228	91
70	228	84
71	228	42
74	228	77
78	228	52
81	228	77
87	228	17
88	228	16
90	228	16
92	228	96
96	228	56
97	228	117
102	228	80
104	228	104
113	228	16
114	228	34
119	228	61
132	228	33
136	228	123
141	228	117
142	228	47
144	228	107
147	228	134
150	228	23
151	228	28
152	228	23
153	228	118
155	228	57
157	228	69
158	228	115
159	228	42
160	228	224
161	228	42
163	228	91
164	228	51
166	228	17
170	228	106
171	228	58
172	228	45
173	228	40
174	228	51
178	228	44
179	228	57
180	228	136
184	228	58
192	228	108
193	228	40
197	228	80
198	228	76
202	228	79
221	228	31
19	227	62
20	227	55
23	227	23
25	227	45
29	227	77
31	227	89
33	227	65
36	227	76
38	227	58
39	227	73
40	227	111
# chipNumber: 4
# chipName:   G 10 W69
# numHits:    314
56	242	70
139	242	70
57	241	104
30	240	59
45	240	49
46	240	65
57	239	74
26	238	30
36	238	83
44	238	25
143	238	70
17	237	58
22	237	26
40	236	78
60	236	53
14	235	45
36	235	51
38	235	57
136	234	51
14	233	92
31	233	89
34	233	78
35	233	86
14	232	79
19	231	30
33	230	35
31	226	77
52	226	40
147	226	77
31	225	46
116	225	73
23	224	62
122	224	28
132	223	20
136	222	62
104	221	65
105	221	31
136	221	63
138	221	37
139	221	34
33	220	39
101	219	63
47	218	71
90	218	14
91	216	32
123	216	50
156	215	35
90	214	32
91	214	64
136	214	65
51	213	63
104	213	40
31	212	54
87	212	66
85	211	84
121	211	22
124	211	37
127	211	42
168	211	32
142	210	35
150	210	14
27	209	44
57	209	78
60	209	44
107	209	33
150	209	62
49	206	32
124	205	25
140	205	43
155	204	37
118	203	30
119	203	62
125	203	24
132	203	40
155	203	69
87	202	78
132	202	75
85	201	52
108	201	50
127	200	93
146	200	72
159	200	4
114	198	37
148	198	33
121	197	26
149	197	71
111	196	40
128	196	19
139	196	76
142	196	62
114	195	21
121	195	81
152	195	45
177	195	52
121	194	74
138	194	67
150	194	85
117	193	34
126	193	77
138	193	54
113	192	61
146	192	67
148	192	60
161	192	46
166	192	77
134	191	42
113	189	57
116	189	37
133	189	56
143	189	71
123	188	36
110	187	53
133	187	37
110	186	48
124	186	68
136	186	28
106	185	40
114	185	51
125	185	54
127	185	49
138	185	52
145	185	27
130	184	21
135	184	61
139	184	32
148	184	26
114	183	59
121	183	82
130	183	46
135	183	58
150	183	20
151	183	56
94	182	79
121	182	35
125	181	27
128	181	73
105	180	17
109	180	47
120	180	75
121	180	76
126	180	18
153	180	49
154	180	83
157	180	64
85	179	57
114	179	33
117	179	18
100	178	18
142	178	70
142	177	37
96	176	15
116	176	34
140	176	44
128	175	60
120	173	37
122	172	36
129	172	23
122	169	51
143	168	53
119	167	66
156	167	56
153	165	32
127	163	83
152	163	67
147	161	34
110	160	13
111	159	60
19	147	71
116	140	41
116	130	57
35	115	77
50	111	26
15	110	46
32	99	59
33	97	68
48	97	59
33	96	33
43	95	28
38	94	31
38	92	32
46	91	59
28	89	75
49	89	102
61	89	56
36	88	29
7	87	57
55	87	50
20	86	34
24	86	78
49	86	47
57	86	58
13	85	29
16	85	49
19	85	69
28	85	45
63	85	31
74	85	47
59	84	65
61	84	54
31	83	48
46	83	90
44	82	39
48	82	39
59	82	125
20	81	95
26	81	68
44	80	71
17	79	46
18	79	66
30	79	31
22	78	82
24	78	46
36	78	58
42	78	50
44	78	56
23	77	65
48	77	84
73	77	36
23	76	41
31	76	11
27	75	47
29	75	43
42	75	122
19	74	32
24	74	73
25	74	18
56	74	106
65	74	47
19	73	20
30	73	3
69	73	51
34	72	11
51	72	40
17	71	23
24	71	22
25	71	87
34	71	75
40	71	92
50	71	56
51	71	78
24	70	20
25	70	65
26	70	60
27	69	41
41	69	25
42	69	91
19	68	81
26	68	95
40	68	75
41	68	30
23	67	77
25	67	52
26	67	24
27	67	94
36	67	60
48	67	64
27	66	64
41	66	32
49	66	91
54	66	34
27	65	89
50	65	89
17	64	54
24	64	91
28	64	78
37	64	47
44	64	71
27	63	38
44	63	78
16	62	25
28	62	86
38	61	40
53	61	37
13	60	61
37	60	56
39	60	26
56	60	96
47	58	86
77	58	40
39	54	40
42	54	76
83	54	44
84	54	56
31	53	50
32	53	45
84	53	60
31	52	48
31	51	33
19	50	46
23	50	43
41	50	77
59	50	48
37	49	63
42	48	60
50	48	81
58	47	37
14	46	47
22	46	57
41	46	89
56	46	42
62	46	71
15	45	84
43	45	78
16	44	59
49	44	86
42	43	49
25	42	123
26	41	27
59	41	41
57	38	101
17	32	34
23	32	69
48	32	38
55	32	52
# chipNumber: 5
# chipName:   D 9 W69
# numHits:    0
# chipNumber: 6
# chipName:   L 8 W69
# numHits:    7
77	239	25
49	236	30
55	234	23
43	233	37
166	233	11810
35	229	53
234	203	11810
