## [General]
## runNumber:        241
## runTime:       	 7200
## runTimeFrames: 	 0
## pathName:         data/runs/Run_241_181022-16-16
## dateTime:         2018-10-22.16:28:10
## numChips:         7
## shutterTime:      30
## shutterMode:      verylong
## runMode:          0
## fastClock:        0
## externalTrigger:  0
## [Event]
## eventNumber:      949
## useHvFadc:    	 1
## fadcReadout:    	 1
## szint1ClockInt:	 0
## szint2ClockInt:	 0
## fadcTriggerClock: 0
# chipNumber: 0
# chipName:   E 6 W69
# numHits:    213
63	242	51
54	230	35
65	216	72
21	214	71
58	209	26
38	208	57
51	208	48
112	200	73
45	199	51
11	197	38
45	196	57
48	196	11
24	195	26
54	194	28
60	194	54
107	194	43
114	194	26
33	193	10
87	193	34
164	193	36
16	192	55
27	192	33
72	192	52
14	191	38
16	191	65
114	191	30
188	191	60
14	190	11
59	190	9
159	190	16
8	189	57
40	189	43
59	189	43
101	189	60
99	188	14
39	187	33
99	187	34
173	187	23
35	186	30
38	186	28
68	186	45
85	186	8
118	186	53
160	186	27
31	185	36
48	185	30
101	185	29
127	185	33
35	184	45
43	184	56
45	184	52
86	184	37
192	184	43
63	183	41
187	183	57
83	182	41
104	182	34
192	182	36
49	181	22
81	181	17
93	181	70
117	181	24
48	180	92
49	180	43
116	180	52
47	179	51
48	179	37
49	179	19
50	179	75
83	179	65
98	179	28
102	179	34
108	179	24
146	179	61
156	179	42
30	178	84
71	178	49
73	178	33
92	178	62
96	178	51
101	178	16
72	177	55
90	177	4
140	177	29
210	177	11
134	176	23
166	176	60
37	175	24
50	175	11
59	175	24
97	175	34
42	174	76
45	174	75
128	174	65
181	174	83
199	174	38
37	173	62
38	173	23
51	173	27
109	173	40
140	173	62
204	173	57
17	172	50
44	172	50
45	172	9
48	172	65
51	172	60
63	172	32
140	172	38
170	172	48
219	172	35
11	171	48
107	171	28
141	171	53
184	171	25
190	171	46
8	170	76
16	170	36
39	170	32
48	170	56
82	170	48
110	170	73
129	170	61
148	170	42
157	170	65
161	170	52
197	170	43
201	170	17
205	170	34
210	170	55
211	170	54
222	170	46
27	169	30
50	169	27
202	169	52
211	169	23
212	169	74
222	169	22
27	168	37
36	168	33
38	168	45
39	168	35
85	168	54
125	168	40
161	168	49
182	168	52
203	168	25
37	167	50
99	167	38
104	167	39
120	167	42
152	167	33
197	167	24
34	166	24
49	166	79
97	166	29
134	166	43
150	166	68
176	166	11
205	166	45
212	166	67
31	165	52
103	165	58
177	165	33
55	164	62
62	164	70
65	164	40
92	164	79
104	164	43
151	164	33
93	163	66
98	163	9
212	163	61
46	162	76
58	162	70
81	162	25
129	162	30
138	162	54
153	162	39
161	162	66
138	161	18
139	161	61
151	161	67
157	161	33
159	161	63
52	160	31
65	160	19
85	160	50
109	160	37
20	159	35
39	159	53
47	159	40
106	159	27
107	159	77
163	159	45
174	159	67
183	159	40
78	158	99
125	158	55
96	157	31
41	156	87
90	156	38
167	156	18
30	155	37
40	155	62
97	155	33
17	154	38
19	154	42
44	152	82
109	151	15
99	143	43
38	141	95
40	141	47
# chipNumber: 1
# chipName:   K 6 W69
# numHits:    1
184	7	61
# chipNumber: 2
# chipName:   H 9 W69
# numHits:    43
242	164	145
242	162	67
243	161	92
242	160	5
244	152	83
232	149	82
245	145	25
197	144	41
234	133	78
235	132	82
236	132	31
245	131	41
242	128	67
236	124	47
242	123	65
243	123	64
244	123	55
240	122	116
239	121	46
237	120	61
241	120	32
246	118	57
231	116	56
233	114	41
236	113	31
228	110	75
233	108	90
234	108	13
233	106	115
237	106	87
242	106	28
235	105	58
231	104	21
237	102	49
243	102	89
238	101	46
232	100	42
235	98	49
234	97	29
233	94	32
234	94	54
247	91	12
245	80	80
# chipNumber: 3
# chipName:   H 10 W69
# numHits:    20272
118	190	44
120	190	62
121	190	59
123	190	78
125	190	67
130	190	41
132	190	38
133	190	60
134	190	85
137	190	51
138	190	36
141	190	48
146	190	14
154	190	53
155	190	47
166	190	42
169	190	115
170	190	11
174	190	37
178	190	32
183	190	85
186	190	91
187	190	28
190	190	85
191	190	20
193	190	30
194	190	79
195	190	120
196	190	27
199	190	33
200	190	15
201	190	16
203	190	51
205	190	45
209	190	59
211	190	43
212	190	21
214	190	137
215	190	44
217	190	140
219	190	26
220	190	60
222	190	88
229	190	62
230	190	47
242	190	70
247	190	34
248	190	109
14	189	80
19	189	67
23	189	73
25	189	7
26	189	64
30	189	71
33	189	33
35	189	56
39	189	58
43	189	91
45	189	50
56	189	93
58	189	10
62	189	75
64	189	48
69	189	75
71	189	81
72	189	135
73	189	5
74	189	89
76	189	134
77	189	34
78	189	174
80	189	39
88	189	44
89	189	47
92	189	148
93	189	31
95	189	67
97	189	63
98	189	43
100	189	46
101	189	21
105	189	32
106	189	35
109	189	46
111	189	62
115	189	116
118	189	27
122	189	89
123	189	65
124	189	41
127	189	89
130	189	7
133	189	32
137	189	72
139	189	43
140	189	58
153	189	90
155	189	62
157	189	75
158	189	41
159	189	24
161	189	31
169	189	56
170	189	66
173	189	74
177	189	114
178	189	30
181	189	47
184	189	73
185	189	117
186	189	54
187	189	90
188	189	98
189	189	101
190	189	15
191	189	73
192	189	46
193	189	68
196	189	57
200	189	67
201	189	106
202	189	79
203	189	22
207	189	77
208	189	24
209	189	145
211	189	109
215	189	80
216	189	52
217	189	192
221	189	39
222	189	84
225	189	45
227	189	38
228	189	50
229	189	84
238	189	22
239	189	55
241	189	53
14	188	57
19	188	115
20	188	33
21	188	49
22	188	126
23	188	51
29	188	96
30	188	22
38	188	41
39	188	127
42	188	51
43	188	54
44	188	78
45	188	25
46	188	88
54	188	65
56	188	78
57	188	33
59	188	46
63	188	121
66	188	51
67	188	140
69	188	36
70	188	94
73	188	26
75	188	123
76	188	69
78	188	68
87	188	29
88	188	18
90	188	38
97	188	52
102	188	30
120	188	37
121	188	42
122	188	69
125	188	42
127	188	50
131	188	46
132	188	24
133	188	54
134	188	148
136	188	78
143	188	183
159	188	33
160	188	55
168	188	36
174	188	77
176	188	73
181	188	75
183	188	67
190	188	69
191	188	44
193	188	43
194	188	101
196	188	144
201	188	22
203	188	53
205	188	96
206	188	76
207	188	79
210	188	14
211	188	64
213	188	45
214	188	90
215	188	59
217	188	67
218	188	90
219	188	79
65	246	76
17	245	53
18	245	75
53	245	54
71	245	44
85	245	68
34	244	59
61	244	50
111	244	55
122	244	79
157	244	47
176	244	20
197	244	79
27	243	73
30	243	123
46	243	30
47	243	42
48	243	46
51	243	43
55	243	60
56	243	25
63	243	31
68	243	32
72	243	27
87	243	31
90	243	36
93	243	50
94	243	77
122	243	57
175	243	17
176	243	44
189	243	80
196	243	74
31	242	31
52	242	67
53	242	67
57	242	40
67	242	48
72	242	49
79	242	56
81	242	77
82	242	19
86	242	58
88	242	33
95	242	33
96	242	33
99	242	25
100	242	26
101	242	58
112	242	62
125	242	42
155	242	33
157	242	52
162	242	81
163	242	68
172	242	17
173	242	74
177	242	34
185	242	79
188	242	74
22	241	78
30	241	64
33	241	28
37	241	42
45	241	51
49	241	25
60	241	59
62	241	39
66	241	60
69	241	55
79	241	7
80	241	69
94	241	64
98	241	45
151	241	59
152	241	70
156	241	54
157	241	87
163	241	50
166	241	67
174	241	42
175	241	40
186	241	59
196	241	69
197	241	16
198	241	70
200	241	33
207	241	50
212	241	52
240	241	34
17	240	54
33	240	58
45	240	30
46	240	54
66	240	24
69	240	130
78	240	104
80	240	86
84	240	44
100	240	64
103	240	44
105	240	47
107	240	36
119	240	51
157	240	58
167	240	18
188	240	57
196	240	73
199	240	110
200	240	15
205	240	34
208	240	41
212	240	59
216	240	138
26	239	6
34	239	31
39	239	108
42	239	33
48	239	131
54	239	134
55	239	45
58	239	52
65	239	26
68	239	124
72	239	75
74	239	83
77	239	19
84	239	25
88	239	24
103	239	74
107	239	90
108	239	35
114	239	32
115	239	23
131	239	41
142	239	34
144	239	12
157	239	65
162	239	37
169	239	60
173	239	69
185	239	13
186	239	38
188	239	51
194	239	49
197	239	66
201	239	71
205	239	22
210	239	81
211	239	79
212	239	88
28	238	44
31	238	53
33	238	70
38	238	77
40	238	41
48	238	119
52	238	62
53	238	70
54	238	60
55	238	56
56	238	67
58	238	116
62	238	34
63	238	30
64	238	70
66	238	36
68	238	23
69	238	66
71	238	33
72	238	122
73	238	22
82	238	49
83	238	49
88	238	44
91	238	69
92	238	73
96	238	41
97	238	59
98	238	73
103	238	68
110	238	60
125	238	33
164	238	32
179	238	41
185	238	75
186	238	122
188	238	77
192	238	39
195	238	106
196	238	147
199	238	59
200	238	37
220	238	60
26	237	69
27	237	19
36	237	89
37	237	45
54	237	38
55	237	32
57	237	26
58	237	16
59	237	93
62	237	29
64	237	52
68	237	135
73	237	84
79	237	190
84	237	26
88	237	45
90	237	141
95	237	58
97	237	54
103	237	57
113	237	98
128	237	78
130	237	78
142	237	65
162	237	15
169	237	83
171	237	43
174	237	66
195	237	67
196	237	76
199	237	62
207	237	46
211	237	49
44	236	43
47	236	35
49	236	41
50	236	78
52	236	51
57	236	54
63	236	62
64	236	31
65	236	19
68	236	70
69	236	119
71	236	109
72	236	18
73	236	137
76	236	87
79	236	28
80	236	98
81	236	32
82	236	73
84	236	57
96	236	82
105	236	41
106	236	95
108	236	98
109	236	36
141	236	18
152	236	49
159	236	49
161	236	56
168	236	59
175	236	79
177	236	33
178	236	99
183	236	48
189	236	117
191	236	105
194	236	68
195	236	95
202	236	92
203	236	2
206	236	54
233	236	24
33	235	56
44	235	68
49	235	103
51	235	14
52	235	22
53	235	59
54	235	57
55	235	49
57	235	96
62	235	55
68	235	38
71	235	46
74	235	87
76	235	57
78	235	107
82	235	72
94	235	64
98	235	39
100	235	47
104	235	49
108	235	30
119	235	52
125	235	61
130	235	61
131	235	50
138	235	73
150	235	30
153	235	47
157	235	26
159	235	35
161	235	30
177	235	22
179	235	111
183	235	46
184	235	29
185	235	40
187	235	16
188	235	52
189	235	46
192	235	34
194	235	49
198	235	47
200	235	41
223	235	33
238	235	37
18	234	24
22	234	70
45	234	36
46	234	87
49	234	87
57	234	78
60	234	51
68	234	62
69	234	52
73	234	114
75	234	36
78	234	55
79	234	47
93	234	43
95	234	145
96	234	30
97	234	10
99	234	54
125	234	72
126	234	75
132	234	55
136	234	45
157	234	53
173	234	118
177	234	60
178	234	53
179	234	29
191	234	32
195	234	29
196	234	32
198	234	45
199	234	27
200	234	66
206	234	63
228	234	91
16	233	18
21	233	43
23	233	87
24	233	125
41	233	34
43	233	51
47	233	46
48	233	23
49	233	137
52	233	95
57	233	72
58	233	205
59	233	38
65	233	69
66	233	130
68	233	61
69	233	66
70	233	100
71	233	80
73	233	60
74	233	37
79	233	88
80	233	33
82	233	57
83	233	38
84	233	172
85	233	54
89	233	81
91	233	29
92	233	19
93	233	60
95	233	18
100	233	46
102	233	38
103	233	34
105	233	120
121	233	27
137	233	55
146	233	51
147	233	21
148	233	52
149	233	53
154	233	26
157	233	81
158	233	48
161	233	27
166	233	42
167	233	55
178	233	82
186	233	56
189	233	74
191	233	146
195	233	144
196	233	165
198	233	48
199	233	71
204	233	87
205	233	70
228	233	34
238	233	128
25	232	69
31	232	52
34	232	74
40	232	151
42	232	34
47	232	41
50	232	35
53	232	59
57	232	58
59	232	66
62	232	17
63	232	48
67	232	29
69	232	24
70	232	43
72	232	15
73	232	62
74	232	86
75	232	52
76	232	50
77	232	38
78	232	26
80	232	39
82	232	61
84	232	65
89	232	47
90	232	47
94	232	110
101	232	5
107	232	80
122	232	57
126	232	54
143	232	75
147	232	70
148	232	43
151	232	50
170	232	88
176	232	30
178	232	41
179	232	26
180	232	65
182	232	24
188	232	55
192	232	68
194	232	111
211	232	55
213	232	26
27	231	68
33	231	46
39	231	36
42	231	73
43	231	24
46	231	75
48	231	57
52	231	36
55	231	25
59	231	25
60	231	118
61	231	108
62	231	115
65	231	111
66	231	20
68	231	131
70	231	102
72	231	45
77	231	71
79	231	33
80	231	96
84	231	54
85	231	29
87	231	55
96	231	67
102	231	69
104	231	57
108	231	26
114	231	69
115	231	41
122	231	44
128	231	50
130	231	34
140	231	43
141	231	112
143	231	62
145	231	12
146	231	41
151	231	77
152	231	61
153	231	49
156	231	50
160	231	46
161	231	67
177	231	68
179	231	130
180	231	89
183	231	100
185	231	14
186	231	30
190	231	70
191	231	117
193	231	70
194	231	29
197	231	82
198	231	41
199	231	52
226	231	12
27	230	45
37	230	131
38	230	60
44	230	14
46	230	75
49	230	83
50	230	8
52	230	110
53	230	69
56	230	67
57	230	26
60	230	176
61	230	22
63	230	106
64	230	48
65	230	125
66	230	73
70	230	23
72	230	58
73	230	55
76	230	24
77	230	62
80	230	107
81	230	56
85	230	42
86	230	82
87	230	29
89	230	170
91	230	40
92	230	58
94	230	18
101	230	17
102	230	65
103	230	92
104	230	26
107	230	44
109	230	58
111	230	46
118	230	75
119	230	100
121	230	55
126	230	37
128	230	86
135	230	37
140	230	73
141	230	71
142	230	86
145	230	73
146	230	73
156	230	11
160	230	63
163	230	93
164	230	79
166	230	113
169	230	56
172	230	32
174	230	135
176	230	42
177	230	23
181	230	54
184	230	53
186	230	94
189	230	100
190	230	50
191	230	12
193	230	109
195	230	83
196	230	117
197	230	67
213	230	32
214	230	28
224	230	60
234	230	19
32	229	68
42	229	40
47	229	44
48	229	81
51	229	42
54	229	24
57	229	52
59	229	45
61	229	87
62	229	58
73	229	48
74	229	26
75	229	112
76	229	83
77	229	96
78	229	89
79	229	28
80	229	28
93	229	139
94	229	93
97	229	30
101	229	17
108	229	83
116	229	39
118	229	42
126	229	72
138	229	43
156	229	23
157	229	46
161	229	69
164	229	30
165	229	95
166	229	64
173	229	58
182	229	49
188	229	51
189	229	194
190	229	70
194	229	49
196	229	78
197	229	69
200	229	150
201	229	121
208	229	19
211	229	50
214	229	18
229	229	73
232	229	109
15	228	32
29	228	26
32	228	26
33	228	74
34	228	20
37	228	35
44	228	56
45	228	15
52	228	101
53	228	31
56	228	44
57	228	81
58	228	34
59	228	72
60	228	44
64	228	44
66	228	63
67	228	27
68	228	141
69	228	102
70	228	71
71	228	29
72	228	37
73	228	26
75	228	24
76	228	84
78	228	59
79	228	80
80	228	164
81	228	60
84	228	48
85	228	39
88	228	28
93	228	87
96	228	46
107	228	41
108	228	33
114	228	32
132	228	41
135	228	49
136	228	52
142	228	69
145	228	91
146	228	48
153	228	68
154	228	89
157	228	30
158	228	73
159	228	49
160	228	49
173	228	26
174	228	136
182	228	68
183	228	52
186	228	82
188	228	32
191	228	69
193	228	121
194	228	39
196	228	78
203	228	49
208	228	23
212	228	38
229	228	88
237	228	72
240	228	73
25	227	45
37	227	62
41	227	36
42	227	41
54	227	116
55	227	155
56	227	151
57	227	49
58	227	77
59	227	36
66	227	110
67	227	80
68	227	101
69	227	18
70	227	34
71	227	46
73	227	24
79	227	19
80	227	81
92	227	94
99	227	110
116	227	25
136	227	67
140	227	77
146	227	85
152	227	119
156	227	87
157	227	65
158	227	87
165	227	18
170	227	32
171	227	50
173	227	23
176	227	60
177	227	57
178	227	54
187	227	16
188	227	59
191	227	45
195	227	60
196	227	93
197	227	34
199	227	55
200	227	19
201	227	93
209	227	86
229	227	38
230	227	40
17	226	69
23	226	16
24	226	51
28	226	55
35	226	87
37	226	46
39	226	70
40	226	56
44	226	33
45	226	25
47	226	91
48	226	84
52	226	49
53	226	69
54	226	236
55	226	23
56	226	77
59	226	36
61	226	24
62	226	58
63	226	128
64	226	70
66	226	180
67	226	104
71	226	50
72	226	74
73	226	101
74	226	31
76	226	24
77	226	43
78	226	43
79	226	40
80	226	112
85	226	87
87	226	38
88	226	17
91	226	26
93	226	38
94	226	85
101	226	55
102	226	13
132	226	96
136	226	69
137	226	16
145	226	27
146	226	56
150	226	44
151	226	96
153	226	54
157	226	68
159	226	84
160	226	115
163	226	32
164	226	53
169	226	69
175	226	71
176	226	39
181	226	37
184	226	32
187	226	69
188	226	101
193	226	175
194	226	45
196	226	62
198	226	31
203	226	49
207	226	76
210	226	32
213	226	33
219	226	68
222	226	36
227	226	20
232	226	49
23	225	30
26	225	48
30	225	18
33	225	60
35	225	40
40	225	40
46	225	57
50	225	58
51	225	94
56	225	62
57	225	160
58	225	67
59	225	65
60	225	67
61	225	56
63	225	46
64	225	78
66	225	79
68	225	83
69	225	41
70	225	9
71	225	134
72	225	35
74	225	58
76	225	9
78	225	91
79	225	120
80	225	158
81	225	91
83	225	84
88	225	60
90	225	42
91	225	37
92	225	98
93	225	49
96	225	61
100	225	87
106	225	51
108	225	53
114	225	51
123	225	73
134	225	72
139	225	46
145	225	70
146	225	97
147	225	73
161	225	8
164	225	50
169	225	56
172	225	98
173	225	49
174	225	115
175	225	91
177	225	5
179	225	70
180	225	73
181	225	53
184	225	16
185	225	33
191	225	98
192	225	149
193	225	77
198	225	26
199	225	60
200	225	30
203	225	44
206	225	78
207	225	76
208	225	10
212	225	45
17	224	87
18	224	64
20	224	54
31	224	50
32	224	58
38	224	110
40	224	87
44	224	143
45	224	31
50	224	24
52	224	29
53	224	58
55	224	46
56	224	94
58	224	73
59	224	82
60	224	81
61	224	103
62	224	121
63	224	127
64	224	58
65	224	124
66	224	92
67	224	49
68	224	218
69	224	34
71	224	56
73	224	180
75	224	50
79	224	31
82	224	35
83	224	135
84	224	26
85	224	65
86	224	28
87	224	64
88	224	75
89	224	76
90	224	171
91	224	37
96	224	82
99	224	50
100	224	17
102	224	112
114	224	66
133	224	66
135	224	45
136	224	60
139	224	75
146	224	79
150	224	67
151	224	109
154	224	44
160	224	70
161	224	126
168	224	78
171	224	15
173	224	105
174	224	92
177	224	29
179	224	37
185	224	65
190	224	115
191	224	62
192	224	48
193	224	46
204	224	13
207	224	33
208	224	25
210	224	48
212	224	82
219	224	61
220	224	75
221	224	35
223	224	59
14	223	34
17	223	63
21	223	31
22	223	70
25	223	63
27	223	24
31	223	76
32	223	75
34	223	52
40	223	65
41	223	58
44	223	88
47	223	18
49	223	84
50	223	33
52	223	61
53	223	90
54	223	128
56	223	41
57	223	68
58	223	74
59	223	142
60	223	103
61	223	54
62	223	32
63	223	63
64	223	113
67	223	226
68	223	135
69	223	121
72	223	239
80	223	28
83	223	31
84	223	87
85	223	105
86	223	154
87	223	51
88	223	51
89	223	41
97	223	43
103	223	43
107	223	36
108	223	88
113	223	40
114	223	82
124	223	36
128	223	75
134	223	44
135	223	49
143	223	56
146	223	37
148	223	164
151	223	31
157	223	58
159	223	96
160	223	23
165	223	51
167	223	37
168	223	72
170	223	63
171	223	23
173	223	38
180	223	33
181	223	57
185	223	112
189	223	67
190	223	74
196	223	35
198	223	34
208	223	140
211	223	42
214	223	19
215	223	145
222	223	78
233	223	28
236	223	55
239	223	30
14	222	52
18	222	84
19	222	35
32	222	69
34	222	62
37	222	40
39	222	56
40	222	55
41	222	90
45	222	50
48	222	51
49	222	105
50	222	20
52	222	75
53	222	37
54	222	123
55	222	64
56	222	103
58	222	83
59	222	138
60	222	184
61	222	79
62	222	108
63	222	119
64	222	307
65	222	64
66	222	166
67	222	184
68	222	44
69	222	211
71	222	42
72	222	50
77	222	52
79	222	70
80	222	106
82	222	18
83	222	54
84	222	206
85	222	31
86	222	171
87	222	34
97	222	38
101	222	60
104	222	77
105	222	23
106	222	49
113	222	20
127	222	84
128	222	47
129	222	51
142	222	50
143	222	55
145	222	74
146	222	22
150	222	66
156	222	66
157	222	37
158	222	97
167	222	106
168	222	128
169	222	77
170	222	99
171	222	90
174	222	73
175	222	57
176	222	51
178	222	82
183	222	29
187	222	65
188	222	95
192	222	38
193	222	127
197	222	81
199	222	74
201	222	36
205	222	76
207	222	94
214	222	55
219	222	27
220	222	7
222	222	62
225	222	90
234	222	41
19	221	23
25	221	43
35	221	10
41	221	105
43	221	24
44	221	166
45	221	31
48	221	137
49	221	70
50	221	55
51	221	15
52	221	77
54	221	68
55	221	49
56	221	79
57	221	33
58	221	48
59	221	104
60	221	90
61	221	93
62	221	24
63	221	108
64	221	161
65	221	126
66	221	20
68	221	23
71	221	61
72	221	99
74	221	57
77	221	46
78	221	98
79	221	59
81	221	67
82	221	68
84	221	103
85	221	77
86	221	19
87	221	58
89	221	43
96	221	57
100	221	45
111	221	24
113	221	51
120	221	44
136	221	49
142	221	29
145	221	44
148	221	101
149	221	51
155	221	11
156	221	21
159	221	80
167	221	55
168	221	41
169	221	87
170	221	73
171	221	77
173	221	53
175	221	44
176	221	89
179	221	120
183	221	70
184	221	53
186	221	18
187	221	74
188	221	62
195	221	55
198	221	26
200	221	89
201	221	87
205	221	34
16	220	56
20	220	93
28	220	77
29	220	45
30	220	51
33	220	43
34	220	123
36	220	12
42	220	98
45	220	63
51	220	21
53	220	81
54	220	120
55	220	204
56	220	132
57	220	172
58	220	93
59	220	109
60	220	68
61	220	132
62	220	61
63	220	120
64	220	188
65	220	98
67	220	150
69	220	108
71	220	63
72	220	93
73	220	113
77	220	100
79	220	61
83	220	21
84	220	52
85	220	39
86	220	318
87	220	62
88	220	47
91	220	46
93	220	59
95	220	86
98	220	42
101	220	52
107	220	63
115	220	115
116	220	58
121	220	33
130	220	66
135	220	68
137	220	16
140	220	39
142	220	74
147	220	38
150	220	46
151	220	45
153	220	55
156	220	51
157	220	53
164	220	64
168	220	24
169	220	27
171	220	98
172	220	94
174	220	26
176	220	126
179	220	47
184	220	76
185	220	45
187	220	46
190	220	74
191	220	20
197	220	146
200	220	140
202	220	57
207	220	60
209	220	29
215	220	54
217	220	161
225	220	62
242	220	58
244	220	33
13	219	60
21	219	92
26	219	39
27	219	31
35	219	64
39	219	93
43	219	76
50	219	51
52	219	159
53	219	86
54	219	158
55	219	87
56	219	30
57	219	197
58	219	91
59	219	167
60	219	142
61	219	44
62	219	156
63	219	62
64	219	52
65	219	169
66	219	131
67	219	98
68	219	87
69	219	17
72	219	43
73	219	44
74	219	34
79	219	59
81	219	98
83	219	120
85	219	16
86	219	84
87	219	96
89	219	51
91	219	69
94	219	55
97	219	67
99	219	14
101	219	44
106	219	85
107	219	30
113	219	39
118	219	62
122	219	31
124	219	39
128	219	83
129	219	32
133	219	26
134	219	79
139	219	59
142	219	61
143	219	91
145	219	12
146	219	130
148	219	30
156	219	67
157	219	70
159	219	66
160	219	17
162	219	31
168	219	79
173	219	102
175	219	13
176	219	113
181	219	62
182	219	97
188	219	38
189	219	64
192	219	78
194	219	74
197	219	47
198	219	27
203	219	26
204	219	118
209	219	90
211	219	57
214	219	42
215	219	57
216	219	26
217	219	45
219	219	82
238	219	27
242	219	58
243	219	46
245	219	50
25	218	38
27	218	106
29	218	42
31	218	100
32	218	44
33	218	35
34	218	64
42	218	47
43	218	26
45	218	47
46	218	91
48	218	36
50	218	60
51	218	41
52	218	167
53	218	86
54	218	46
56	218	22
58	218	159
59	218	190
60	218	121
61	218	128
62	218	116
63	218	146
64	218	103
65	218	72
66	218	51
67	218	47
69	218	45
70	218	59
72	218	30
73	218	65
74	218	137
75	218	126
76	218	61
77	218	129
78	218	87
79	218	27
80	218	38
81	218	52
83	218	60
84	218	95
85	218	48
86	218	83
87	218	63
88	218	25
89	218	80
91	218	39
93	218	9
94	218	65
95	218	67
99	218	64
107	218	35
117	218	26
128	218	68
138	218	38
140	218	64
141	218	63
148	218	48
149	218	26
150	218	87
160	218	54
162	218	36
164	218	67
169	218	31
173	218	91
174	218	48
175	218	16
176	218	96
177	218	37
179	218	51
180	218	51
186	218	43
188	218	122
196	218	79
197	218	44
198	218	47
205	218	30
215	218	77
216	218	60
220	218	18
221	218	17
224	218	41
225	218	60
226	218	44
235	218	23
237	218	77
12	217	49
18	217	97
21	217	80
22	217	33
24	217	49
27	217	66
29	217	19
44	217	12
45	217	52
47	217	56
50	217	38
51	217	73
52	217	80
53	217	112
54	217	60
56	217	262
57	217	161
58	217	232
59	217	77
60	217	138
61	217	124
62	217	120
63	217	113
64	217	136
65	217	233
66	217	63
67	217	106
68	217	42
69	217	94
73	217	185
74	217	142
76	217	71
78	217	112
79	217	100
82	217	80
85	217	143
86	217	83
89	217	52
91	217	94
97	217	95
100	217	82
106	217	76
129	217	27
135	217	59
136	217	115
140	217	41
142	217	51
145	217	40
147	217	44
150	217	29
165	217	63
168	217	61
169	217	77
170	217	18
175	217	51
176	217	86
177	217	86
180	217	46
182	217	44
184	217	48
185	217	38
198	217	95
199	217	10
200	217	28
204	217	41
205	217	59
215	217	143
217	217	58
225	217	75
226	217	19
227	217	49
238	217	23
18	216	54
19	216	79
23	216	44
24	216	143
28	216	112
29	216	61
30	216	57
31	216	37
32	216	57
33	216	66
34	216	63
35	216	62
38	216	17
41	216	48
44	216	28
47	216	33
50	216	33
53	216	133
54	216	99
56	216	108
57	216	79
59	216	256
60	216	322
61	216	217
62	216	134
63	216	106
64	216	138
65	216	174
66	216	61
67	216	41
68	216	51
69	216	29
71	216	41
72	216	63
74	216	120
75	216	37
76	216	109
77	216	36
78	216	29
79	216	34
81	216	31
82	216	64
83	216	44
84	216	60
85	216	42
86	216	94
87	216	73
88	216	48
89	216	105
91	216	69
92	216	75
93	216	39
94	216	54
99	216	37
100	216	63
105	216	62
111	216	81
119	216	26
120	216	43
121	216	67
126	216	67
135	216	20
151	216	92
155	216	30
156	216	44
159	216	49
161	216	39
162	216	60
164	216	45
165	216	66
166	216	74
167	216	107
172	216	70
173	216	137
174	216	68
175	216	23
177	216	25
179	216	94
181	216	10
193	216	55
197	216	82
207	216	76
209	216	20
210	216	30
212	216	77
214	216	53
217	216	68
219	216	14
228	216	57
229	216	101
236	216	59
12	215	59
13	215	48
19	215	66
28	215	66
32	215	93
36	215	61
42	215	51
45	215	63
46	215	109
47	215	57
48	215	36
49	215	82
52	215	80
54	215	17
56	215	103
57	215	208
58	215	56
59	215	101
60	215	99
61	215	135
62	215	135
63	215	150
64	215	65
65	215	32
66	215	106
67	215	30
73	215	73
76	215	122
77	215	83
78	215	45
80	215	147
82	215	46
86	215	41
89	215	30
92	215	125
95	215	100
96	215	24
99	215	31
101	215	54
105	215	33
112	215	54
119	215	55
120	215	34
129	215	70
137	215	23
141	215	8
153	215	19
155	215	31
157	215	68
158	215	95
159	215	32
164	215	86
167	215	25
169	215	71
170	215	42
175	215	65
176	215	27
177	215	87
178	215	46
179	215	76
181	215	44
187	215	14
188	215	17
192	215	71
194	215	60
195	215	57
196	215	50
203	215	54
204	215	32
206	215	40
208	215	64
210	215	45
211	215	45
221	215	72
222	215	76
236	215	69
238	215	89
241	215	73
16	214	43
18	214	62
21	214	44
23	214	31
27	214	54
28	214	144
29	214	82
36	214	33
39	214	61
40	214	63
43	214	125
44	214	105
46	214	41
50	214	50
52	214	70
53	214	29
55	214	100
56	214	116
59	214	116
60	214	85
61	214	77
62	214	81
63	214	118
64	214	118
65	214	113
66	214	20
67	214	111
70	214	29
71	214	83
72	214	60
74	214	19
75	214	21
79	214	43
80	214	47
82	214	101
83	214	40
86	214	23
87	214	88
89	214	53
98	214	47
101	214	38
102	214	49
104	214	62
105	214	37
106	214	73
116	214	49
136	214	17
137	214	61
150	214	77
154	214	46
155	214	109
156	214	114
157	214	58
162	214	38
163	214	100
164	214	71
166	214	50
167	214	93
171	214	40
177	214	29
178	214	34
186	214	59
187	214	99
193	214	46
197	214	40
200	214	20
207	214	15
208	214	64
210	214	117
214	214	36
216	214	40
222	214	11
223	214	47
224	214	62
227	214	68
230	214	76
231	214	45
233	214	41
242	214	53
22	213	62
30	213	18
32	213	49
35	213	60
38	213	47
44	213	41
46	213	57
49	213	118
50	213	42
54	213	71
57	213	223
58	213	202
60	213	52
61	213	118
62	213	131
63	213	143
64	213	74
65	213	85
66	213	41
67	213	76
68	213	54
71	213	104
72	213	56
76	213	74
77	213	184
78	213	71
79	213	99
80	213	200
82	213	62
85	213	164
91	213	6
93	213	87
95	213	29
97	213	88
98	213	48
100	213	78
103	213	62
111	213	48
112	213	50
117	213	112
126	213	19
140	213	73
147	213	33
149	213	24
150	213	21
154	213	34
155	213	45
156	213	127
158	213	90
159	213	47
161	213	75
166	213	10
167	213	110
173	213	68
176	213	157
179	213	63
181	213	20
187	213	109
190	213	53
193	213	43
194	213	45
198	213	35
201	213	4
204	213	74
205	213	45
210	213	31
211	213	45
214	213	81
215	213	70
216	213	48
217	213	109
219	213	20
220	213	30
227	213	70
228	213	75
233	213	48
241	213	48
242	213	63
10	212	51
17	212	52
19	212	27
21	212	38
23	212	42
25	212	41
27	212	130
33	212	43
35	212	46
36	212	54
37	212	22
39	212	52
40	212	15
43	212	44
45	212	29
53	212	77
55	212	37
57	212	60
58	212	84
59	212	116
61	212	88
62	212	100
63	212	76
64	212	122
65	212	52
66	212	80
67	212	3
68	212	167
69	212	34
70	212	139
74	212	21
75	212	83
76	212	49
78	212	67
79	212	83
80	212	55
82	212	137
83	212	149
84	212	95
85	212	122
86	212	68
88	212	76
94	212	45
96	212	49
105	212	30
111	212	60
114	212	28
124	212	69
127	212	115
136	212	56
137	212	38
140	212	77
141	212	76
143	212	79
144	212	98
146	212	21
147	212	95
152	212	147
153	212	52
155	212	77
156	212	25
162	212	136
164	212	54
169	212	69
170	212	25
172	212	110
173	212	73
175	212	55
177	212	128
179	212	44
180	212	86
184	212	106
190	212	33
195	212	70
196	212	58
197	212	67
205	212	70
206	212	49
208	212	36
209	212	27
210	212	91
218	212	73
219	212	69
220	212	100
230	212	43
16	211	77
18	211	14
19	211	29
25	211	21
26	211	39
27	211	97
29	211	104
32	211	76
35	211	50
36	211	71
39	211	42
40	211	88
44	211	44
45	211	47
46	211	22
49	211	51
54	211	148
56	211	58
57	211	36
59	211	44
61	211	44
63	211	45
64	211	54
65	211	37
66	211	112
69	211	5
71	211	156
73	211	119
74	211	128
77	211	54
78	211	41
79	211	98
84	211	179
85	211	22
88	211	116
89	211	54
92	211	101
94	211	75
95	211	41
98	211	73
99	211	52
104	211	30
106	211	20
109	211	47
110	211	18
131	211	14
137	211	46
146	211	40
149	211	112
150	211	84
153	211	74
154	211	75
157	211	68
158	211	37
159	211	59
164	211	21
165	211	65
167	211	124
168	211	161
169	211	91
170	211	90
171	211	139
172	211	136
176	211	103
177	211	37
178	211	86
180	211	64
181	211	72
183	211	58
184	211	262
185	211	116
187	211	61
191	211	70
193	211	74
194	211	132
195	211	133
203	211	75
206	211	42
207	211	71
208	211	55
209	211	82
213	211	13
217	211	90
228	211	68
230	211	94
13	210	76
17	210	65
22	210	77
27	210	47
28	210	74
29	210	80
32	210	54
33	210	70
34	210	49
36	210	59
41	210	35
42	210	20
45	210	43
49	210	65
51	210	104
53	210	58
56	210	59
57	210	47
60	210	46
62	210	92
63	210	78
64	210	33
65	210	16
66	210	141
67	210	23
68	210	60
70	210	124
71	210	26
73	210	140
76	210	51
78	210	79
79	210	203
80	210	27
81	210	58
82	210	128
85	210	70
88	210	59
91	210	33
101	210	42
105	210	28
133	210	48
142	210	68
145	210	27
148	210	66
151	210	71
152	210	68
154	210	60
157	210	124
160	210	79
165	210	46
166	210	32
168	210	76
169	210	49
170	210	137
172	210	3
173	210	73
175	210	43
176	210	50
177	210	70
182	210	58
184	210	19
185	210	34
186	210	65
190	210	67
193	210	40
194	210	122
195	210	58
196	210	32
198	210	85
202	210	124
203	210	171
208	210	92
214	210	80
220	210	67
222	210	71
230	210	45
234	210	64
238	210	69
239	210	79
11	209	54
17	209	72
21	209	9
23	209	41
26	209	74
27	209	63
28	209	126
36	209	49
38	209	54
41	209	78
49	209	29
50	209	45
51	209	47
52	209	95
53	209	127
57	209	22
59	209	108
60	209	44
61	209	33
62	209	87
64	209	114
65	209	79
66	209	41
67	209	11
68	209	33
69	209	72
71	209	17
72	209	51
76	209	35
77	209	17
78	209	45
79	209	105
80	209	64
81	209	100
83	209	85
85	209	36
86	209	41
87	209	42
90	209	82
93	209	52
95	209	26
104	209	88
107	209	75
110	209	46
117	209	64
129	209	25
131	209	56
135	209	80
140	209	65
141	209	12
142	209	79
149	209	81
150	209	75
151	209	41
152	209	66
154	209	82
156	209	28
157	209	43
159	209	31
160	209	49
163	209	33
164	209	82
166	209	88
168	209	27
170	209	49
172	209	49
174	209	30
175	209	58
176	209	11
177	209	26
179	209	46
180	209	52
181	209	68
182	209	105
185	209	56
188	209	135
190	209	119
191	209	70
200	209	17
202	209	51
203	209	36
207	209	137
211	209	37
212	209	72
215	209	68
217	209	22
219	209	54
221	209	49
222	209	47
231	209	72
237	209	22
19	208	65
21	208	117
22	208	32
29	208	21
30	208	98
31	208	50
32	208	124
33	208	98
40	208	93
41	208	37
42	208	65
46	208	131
47	208	34
50	208	110
51	208	55
52	208	68
55	208	65
57	208	104
58	208	44
59	208	83
63	208	70
65	208	92
66	208	95
68	208	279
69	208	71
70	208	76
71	208	38
74	208	14
76	208	82
77	208	48
79	208	130
80	208	100
83	208	45
87	208	62
88	208	68
90	208	103
92	208	77
93	208	41
94	208	71
97	208	46
99	208	65
101	208	81
105	208	44
107	208	34
108	208	94
110	208	125
120	208	70
123	208	66
124	208	31
125	208	75
134	208	48
148	208	53
149	208	61
151	208	29
154	208	44
157	208	69
160	208	61
161	208	23
162	208	103
166	208	96
170	208	45
171	208	87
174	208	57
176	208	20
178	208	114
181	208	58
188	208	99
190	208	79
191	208	99
192	208	51
193	208	58
196	208	84
197	208	80
200	208	97
202	208	177
207	208	30
208	208	88
210	208	74
216	208	62
223	208	62
225	208	31
236	208	71
244	208	89
9	207	108
17	207	15
19	207	45
20	207	57
22	207	86
24	207	73
26	207	47
27	207	92
28	207	19
30	207	160
31	207	29
34	207	67
35	207	31
36	207	88
38	207	92
40	207	38
42	207	66
44	207	48
45	207	62
46	207	65
47	207	188
52	207	104
56	207	26
59	207	29
60	207	26
61	207	62
62	207	69
66	207	49
70	207	48
71	207	95
72	207	37
73	207	29
74	207	40
75	207	111
76	207	99
77	207	74
78	207	84
79	207	79
84	207	39
85	207	14
91	207	44
93	207	60
94	207	20
103	207	34
109	207	84
116	207	65
130	207	49
140	207	82
146	207	119
147	207	77
148	207	124
150	207	16
151	207	50
153	207	47
159	207	51
163	207	45
164	207	37
165	207	229
166	207	33
167	207	134
174	207	122
176	207	35
178	207	37
179	207	33
190	207	45
191	207	49
197	207	78
198	207	80
200	207	74
202	207	41
204	207	90
205	207	73
206	207	50
211	207	44
212	207	48
216	207	68
220	207	58
231	207	54
14	206	70
16	206	117
17	206	137
21	206	63
23	206	15
25	206	87
26	206	164
28	206	35
32	206	22
34	206	63
36	206	92
38	206	96
39	206	76
40	206	52
41	206	117
42	206	61
44	206	40
45	206	38
46	206	17
49	206	74
50	206	49
52	206	54
53	206	103
54	206	68
55	206	187
57	206	123
60	206	144
61	206	87
67	206	108
68	206	25
70	206	13
71	206	81
72	206	25
74	206	206
75	206	122
77	206	39
79	206	41
86	206	48
87	206	27
92	206	60
95	206	30
99	206	38
101	206	25
102	206	97
114	206	105
118	206	65
121	206	78
126	206	53
132	206	56
133	206	104
136	206	38
137	206	79
140	206	76
143	206	22
145	206	96
146	206	14
147	206	51
148	206	110
149	206	52
150	206	47
152	206	52
153	206	17
157	206	51
158	206	124
159	206	122
163	206	47
165	206	16
166	206	31
167	206	75
169	206	46
171	206	67
174	206	38
175	206	127
177	206	37
178	206	93
187	206	49
189	206	17
192	206	49
193	206	9
194	206	87
196	206	73
202	206	108
203	206	54
204	206	60
207	206	48
208	206	53
210	206	59
214	206	93
215	206	71
217	206	140
220	206	34
224	206	62
226	206	53
227	206	50
234	206	155
241	206	124
20	205	67
21	205	19
22	205	28
23	205	91
24	205	50
25	205	38
26	205	60
27	205	56
31	205	100
32	205	57
35	205	36
36	205	46
38	205	37
39	205	160
40	205	80
42	205	79
43	205	62
45	205	217
46	205	25
47	205	20
48	205	62
49	205	28
51	205	91
52	205	20
58	205	25
59	205	29
60	205	36
61	205	57
62	205	40
63	205	134
64	205	43
71	205	49
72	205	38
73	205	98
74	205	37
80	205	128
81	205	65
84	205	47
85	205	42
87	205	22
88	205	67
92	205	83
95	205	61
96	205	66
98	205	46
99	205	17
100	205	127
102	205	23
112	205	32
115	205	63
124	205	88
140	205	59
143	205	97
145	205	75
146	205	95
152	205	22
153	205	30
163	205	52
164	205	96
166	205	84
168	205	113
169	205	66
175	205	45
178	205	96
179	205	21
180	205	111
181	205	26
182	205	106
184	205	54
190	205	55
192	205	105
196	205	58
197	205	33
198	205	36
205	205	99
206	205	33
207	205	65
209	205	22
210	205	127
212	205	43
214	205	40
215	205	54
216	205	70
218	205	70
219	205	65
222	205	38
224	205	97
225	205	117
227	205	162
233	205	70
241	205	48
14	204	70
15	204	126
20	204	84
21	204	44
22	204	116
23	204	39
24	204	122
27	204	19
28	204	53
29	204	53
31	204	13
33	204	21
35	204	105
36	204	100
37	204	34
38	204	40
41	204	69
43	204	74
44	204	55
45	204	66
49	204	31
50	204	86
53	204	82
54	204	20
57	204	74
62	204	30
63	204	65
64	204	25
66	204	59
67	204	89
69	204	45
71	204	33
74	204	49
77	204	52
78	204	51
79	204	90
83	204	39
89	204	73
90	204	76
91	204	126
95	204	63
101	204	25
105	204	79
110	204	56
112	204	51
116	204	68
123	204	46
125	204	21
135	204	34
139	204	43
140	204	13
141	204	67
147	204	44
150	204	26
151	204	89
153	204	44
154	204	75
156	204	53
158	204	66
159	204	56
160	204	33
163	204	27
164	204	31
165	204	50
166	204	66
167	204	57
168	204	57
170	204	49
177	204	64
180	204	49
182	204	51
183	204	52
185	204	76
186	204	123
189	204	67
192	204	61
195	204	43
196	204	14
199	204	123
201	204	37
202	204	74
203	204	52
206	204	52
210	204	58
214	204	112
215	204	87
222	204	17
223	204	31
224	204	72
227	204	115
235	204	98
10	203	57
15	203	105
16	203	80
22	203	34
27	203	59
30	203	46
31	203	61
32	203	55
33	203	35
34	203	39
36	203	35
37	203	31
38	203	29
39	203	24
43	203	20
44	203	38
45	203	34
46	203	141
48	203	77
49	203	42
53	203	125
55	203	47
57	203	89
62	203	44
63	203	40
65	203	89
67	203	35
68	203	51
69	203	7
70	203	28
71	203	123
72	203	150
75	203	26
78	203	106
81	203	42
82	203	55
85	203	125
86	203	117
88	203	73
89	203	52
92	203	105
93	203	35
95	203	36
105	203	24
112	203	119
128	203	49
129	203	22
132	203	17
135	203	27
145	203	45
146	203	62
148	203	24
149	203	113
151	203	47
154	203	94
155	203	87
156	203	42
157	203	76
160	203	51
164	203	52
165	203	78
167	203	107
168	203	33
170	203	36
172	203	120
173	203	61
175	203	54
177	203	125
184	203	54
185	203	51
186	203	62
188	203	53
190	203	77
194	203	142
195	203	32
197	203	119
198	203	82
199	203	61
200	203	80
205	203	99
206	203	99
207	203	73
209	203	169
215	203	92
218	203	8
221	203	41
222	203	47
223	203	81
227	203	43
231	203	101
235	203	52
12	202	112
20	202	59
23	202	112
24	202	10
28	202	55
30	202	119
32	202	168
33	202	105
34	202	8
35	202	120
36	202	106
38	202	59
39	202	50
40	202	128
41	202	85
43	202	38
45	202	72
46	202	53
47	202	66
48	202	150
49	202	52
50	202	65
54	202	80
57	202	131
59	202	55
64	202	81
70	202	51
71	202	24
73	202	9
74	202	56
77	202	20
78	202	54
81	202	75
82	202	156
83	202	54
85	202	75
86	202	36
91	202	49
92	202	95
93	202	90
95	202	51
97	202	121
98	202	17
106	202	78
107	202	73
113	202	67
114	202	87
122	202	22
125	202	33
129	202	61
131	202	46
135	202	57
138	202	125
139	202	58
140	202	56
145	202	66
150	202	21
154	202	84
156	202	86
159	202	27
162	202	70
163	202	41
167	202	89
169	202	54
170	202	55
172	202	173
173	202	51
175	202	135
179	202	14
183	202	56
186	202	16
188	202	30
189	202	67
191	202	44
192	202	26
193	202	46
194	202	16
198	202	65
199	202	122
200	202	63
201	202	61
206	202	108
209	202	121
210	202	127
211	202	27
213	202	82
214	202	95
215	202	74
219	202	104
222	202	70
230	202	199
231	202	117
232	202	109
234	202	57
235	202	48
10	201	74
12	201	33
20	201	54
21	201	148
22	201	38
24	201	100
25	201	11
26	201	72
27	201	74
29	201	60
31	201	82
34	201	77
35	201	63
37	201	79
39	201	28
40	201	37
43	201	80
44	201	62
45	201	24
46	201	180
47	201	20
48	201	62
49	201	107
51	201	60
52	201	165
55	201	75
57	201	34
64	201	22
65	201	25
69	201	74
70	201	25
71	201	32
73	201	46
74	201	15
75	201	44
77	201	68
78	201	44
79	201	46
80	201	51
82	201	96
85	201	90
86	201	81
88	201	161
94	201	132
97	201	83
99	201	102
102	201	76
111	201	97
119	201	126
120	201	103
125	201	44
128	201	21
136	201	35
144	201	38
145	201	75
146	201	18
148	201	56
152	201	50
156	201	45
160	201	33
162	201	69
163	201	75
166	201	73
168	201	76
169	201	14
172	201	86
177	201	107
178	201	74
179	201	22
180	201	91
183	201	58
184	201	52
186	201	63
187	201	109
188	201	60
190	201	59
191	201	74
197	201	60
198	201	87
199	201	73
200	201	64
204	201	79
206	201	70
207	201	82
208	201	73
209	201	66
211	201	128
212	201	31
214	201	26
215	201	66
216	201	15
217	201	28
222	201	23
226	201	51
228	201	86
230	201	105
232	201	57
234	201	60
235	201	45
240	201	57
12	200	78
13	200	54
15	200	39
18	200	51
19	200	19
20	200	38
21	200	54
22	200	149
23	200	59
25	200	22
26	200	91
27	200	68
28	200	26
30	200	22
32	200	70
37	200	23
38	200	23
39	200	42
40	200	108
41	200	63
42	200	30
43	200	34
46	200	59
49	200	63
50	200	125
51	200	63
52	200	44
54	200	19
57	200	117
58	200	21
59	200	35
60	200	36
65	200	33
68	200	22
69	200	79
73	200	6
74	200	50
75	200	79
76	200	17
78	200	136
79	200	71
80	200	41
81	200	20
83	200	142
88	200	68
89	200	71
90	200	14
96	200	25
103	200	46
107	200	46
111	200	85
112	200	76
113	200	53
114	200	70
116	200	28
117	200	31
119	200	28
126	200	66
128	200	88
136	200	86
139	200	88
140	200	71
145	200	91
151	200	144
152	200	21
153	200	64
158	200	84
160	200	26
161	200	56
165	200	35
166	200	30
167	200	33
168	200	24
169	200	151
170	200	91
171	200	102
174	200	90
177	200	172
178	200	95
180	200	44
181	200	87
183	200	32
187	200	59
188	200	104
189	200	13
190	200	108
191	200	114
193	200	60
194	200	96
195	200	108
196	200	15
198	200	32
199	200	52
200	200	70
205	200	74
208	200	45
211	200	191
213	200	75
214	200	64
216	200	106
218	200	154
219	200	75
222	200	55
223	200	15
229	200	45
235	200	36
239	200	85
11	199	54
20	199	141
22	199	48
23	199	60
26	199	112
27	199	123
29	199	132
30	199	60
33	199	50
37	199	50
38	199	78
39	199	94
40	199	28
42	199	66
43	199	52
44	199	73
45	199	18
47	199	31
48	199	92
49	199	50
51	199	37
52	199	90
54	199	19
56	199	101
59	199	87
60	199	39
63	199	69
64	199	17
65	199	42
66	199	29
69	199	54
70	199	12
71	199	51
73	199	70
75	199	70
76	199	35
77	199	77
79	199	94
80	199	181
81	199	22
82	199	133
85	199	21
88	199	52
89	199	32
94	199	50
99	199	43
100	199	78
111	199	34
114	199	59
116	199	69
119	199	62
125	199	61
129	199	116
132	199	36
133	199	70
137	199	55
140	199	73
142	199	36
143	199	89
150	199	24
151	199	90
153	199	32
154	199	71
156	199	19
157	199	28
158	199	77
160	199	24
163	199	31
165	199	33
166	199	163
168	199	57
169	199	77
170	199	55
171	199	114
172	199	25
173	199	38
175	199	57
177	199	8
178	199	103
180	199	28
182	199	29
187	199	40
188	199	40
190	199	49
191	199	76
192	199	140
193	199	98
195	199	43
200	199	40
201	199	68
203	199	46
204	199	70
205	199	105
206	199	51
213	199	49
214	199	69
215	199	118
216	199	40
217	199	16
218	199	69
232	199	39
10	198	68
14	198	48
15	198	112
23	198	92
25	198	48
26	198	31
30	198	100
31	198	31
32	198	33
33	198	51
35	198	36
36	198	148
38	198	112
41	198	66
45	198	84
46	198	77
47	198	179
49	198	26
50	198	79
51	198	134
52	198	58
53	198	112
55	198	44
56	198	36
58	198	28
60	198	14
64	198	77
65	198	42
70	198	59
71	198	140
72	198	24
73	198	22
78	198	31
79	198	44
81	198	51
82	198	84
83	198	113
88	198	48
89	198	67
90	198	87
92	198	68
94	198	189
96	198	52
102	198	57
107	198	57
110	198	31
111	198	25
113	198	72
115	198	60
125	198	151
126	198	105
128	198	40
130	198	38
133	198	56
136	198	66
143	198	60
150	198	112
153	198	61
155	198	88
160	198	66
162	198	22
164	198	14
166	198	54
167	198	40
171	198	87
174	198	92
182	198	52
185	198	62
186	198	87
189	198	23
190	198	77
193	198	100
195	198	9
200	198	23
201	198	72
203	198	65
205	198	18
207	198	43
210	198	82
211	198	44
212	198	114
215	198	35
216	198	128
217	198	92
219	198	148
220	198	22
221	198	60
223	198	88
227	198	66
241	198	40
246	198	69
13	197	106
15	197	36
17	197	62
19	197	28
21	197	71
22	197	28
23	197	71
25	197	34
27	197	25
28	197	74
30	197	18
32	197	57
33	197	122
34	197	32
35	197	127
36	197	140
39	197	36
40	197	25
41	197	78
43	197	53
44	197	57
46	197	152
51	197	91
55	197	24
59	197	50
66	197	37
68	197	110
73	197	58
74	197	99
79	197	37
80	197	71
82	197	94
83	197	27
84	197	34
85	197	59
86	197	48
87	197	77
91	197	14
92	197	78
93	197	121
95	197	8
99	197	26
101	197	75
102	197	129
107	197	39
111	197	37
112	197	49
114	197	29
117	197	94
122	197	21
136	197	56
137	197	75
141	197	35
143	197	66
151	197	82
163	197	45
164	197	100
167	197	13
174	197	166
175	197	62
181	197	63
184	197	60
187	197	59
192	197	89
193	197	63
195	197	58
196	197	68
197	197	44
199	197	302
201	197	36
204	197	34
205	197	73
207	197	82
212	197	24
213	197	45
214	197	23
215	197	90
216	197	155
218	197	62
221	197	44
226	197	67
237	197	91
9	196	25
16	196	71
18	196	83
20	196	103
21	196	18
22	196	54
24	196	81
25	196	18
27	196	71
28	196	27
30	196	70
31	196	45
35	196	106
36	196	139
37	196	77
38	196	109
39	196	48
41	196	90
44	196	138
45	196	73
46	196	60
48	196	36
49	196	44
50	196	49
51	196	64
53	196	19
54	196	44
55	196	100
61	196	83
65	196	52
67	196	46
69	196	55
72	196	31
74	196	41
75	196	22
78	196	63
80	196	132
81	196	106
83	196	140
84	196	26
85	196	24
94	196	54
96	196	49
101	196	23
107	196	59
112	196	88
116	196	84
121	196	56
130	196	39
135	196	52
138	196	62
139	196	22
144	196	43
145	196	51
150	196	18
157	196	69
158	196	74
159	196	27
165	196	103
166	196	74
168	196	93
174	196	237
175	196	91
178	196	52
180	196	14
182	196	37
186	196	37
187	196	87
188	196	81
192	196	99
193	196	101
194	196	101
196	196	60
201	196	46
203	196	36
206	196	106
207	196	78
208	196	59
210	196	49
213	196	47
214	196	60
216	196	49
217	196	23
224	196	70
228	196	55
231	196	26
237	196	55
239	196	52
245	196	135
246	196	61
16	195	79
17	195	44
20	195	13
22	195	89
23	195	46
27	195	69
29	195	78
33	195	49
35	195	52
36	195	172
37	195	53
38	195	33
43	195	52
44	195	35
45	195	41
49	195	47
50	195	42
51	195	16
52	195	77
54	195	24
56	195	25
57	195	55
58	195	74
61	195	88
62	195	34
63	195	16
65	195	46
66	195	74
67	195	92
73	195	57
74	195	84
80	195	45
81	195	39
82	195	20
83	195	61
87	195	19
88	195	35
93	195	130
95	195	47
96	195	81
103	195	32
124	195	38
129	195	82
134	195	43
135	195	146
138	195	32
142	195	68
144	195	104
149	195	71
162	195	30
165	195	54
166	195	59
167	195	65
168	195	167
169	195	99
175	195	47
181	195	74
183	195	58
187	195	160
188	195	87
190	195	90
192	195	213
193	195	119
197	195	55
199	195	82
200	195	59
201	195	69
202	195	60
204	195	41
205	195	30
206	195	98
207	195	87
208	195	37
210	195	132
212	195	49
213	195	84
216	195	120
218	195	51
219	195	119
222	195	46
223	195	45
224	195	63
225	195	165
226	195	64
231	195	23
238	195	109
240	195	24
17	194	110
20	194	16
22	194	44
25	194	81
26	194	51
28	194	59
32	194	41
33	194	46
34	194	40
36	194	42
37	194	114
40	194	60
41	194	26
42	194	21
44	194	57
51	194	78
52	194	31
53	194	46
55	194	54
56	194	50
58	194	241
59	194	97
61	194	144
67	194	23
68	194	16
71	194	79
72	194	48
75	194	35
76	194	26
81	194	61
82	194	70
90	194	60
91	194	41
92	194	41
96	194	32
98	194	54
99	194	44
104	194	85
114	194	59
115	194	49
125	194	43
130	194	63
134	194	63
136	194	54
138	194	19
150	194	28
152	194	97
154	194	95
161	194	22
162	194	72
165	194	135
166	194	65
167	194	96
168	194	44
169	194	45
172	194	102
176	194	80
177	194	105
179	194	20
180	194	30
181	194	57
183	194	63
189	194	105
191	194	53
192	194	62
196	194	90
197	194	44
199	194	160
202	194	30
203	194	191
204	194	175
205	194	108
206	194	53
207	194	115
209	194	164
210	194	72
211	194	75
212	194	55
213	194	48
214	194	105
215	194	35
216	194	71
217	194	73
219	194	119
220	194	25
221	194	99
222	194	63
224	194	35
232	194	120
235	194	26
237	194	62
242	194	9
13	193	44
20	193	45
22	193	76
24	193	69
25	193	68
27	193	26
32	193	33
33	193	63
35	193	30
36	193	43
37	193	57
38	193	18
39	193	66
40	193	13
42	193	60
43	193	84
44	193	107
46	193	87
48	193	74
50	193	83
53	193	43
55	193	76
57	193	51
58	193	100
61	193	34
62	193	69
63	193	21
64	193	70
66	193	42
70	193	81
77	193	43
79	193	35
81	193	44
82	193	48
84	193	100
88	193	71
96	193	51
98	193	30
101	193	48
106	193	44
113	193	64
115	193	14
127	193	26
128	193	54
134	193	22
135	193	94
137	193	55
145	193	20
146	193	164
147	193	104
154	193	49
159	193	97
162	193	49
163	193	67
168	193	78
170	193	52
178	193	69
180	193	71
181	193	50
185	193	23
187	193	113
188	193	81
193	193	20
194	193	49
195	193	94
196	193	40
197	193	21
198	193	68
199	193	42
200	193	179
201	193	39
202	193	106
206	193	113
207	193	35
209	193	11
210	193	44
212	193	67
213	193	34
215	193	49
216	193	90
217	193	65
218	193	62
219	193	89
220	193	138
227	193	53
228	193	13
229	193	89
231	193	56
233	193	36
234	193	40
238	193	65
240	193	83
10	192	91
14	192	153
16	192	122
21	192	84
23	192	34
25	192	141
28	192	91
30	192	56
34	192	51
38	192	46
45	192	29
46	192	58
47	192	30
48	192	57
54	192	29
57	192	90
58	192	42
61	192	86
66	192	41
67	192	57
69	192	74
70	192	26
72	192	99
74	192	36
77	192	54
79	192	68
80	192	27
83	192	66
94	192	125
95	192	118
97	192	56
101	192	28
102	192	59
104	192	62
106	192	27
107	192	89
109	192	65
112	192	52
115	192	47
116	192	82
120	192	19
121	192	46
124	192	26
125	192	21
126	192	194
136	192	77
138	192	43
140	192	45
142	192	74
144	192	65
145	192	62
146	192	60
147	192	39
150	192	22
151	192	71
152	192	51
162	192	103
166	192	93
169	192	102
171	192	74
172	192	54
173	192	64
177	192	30
179	192	42
180	192	56
183	192	59
185	192	115
186	192	20
187	192	22
190	192	50
194	192	63
196	192	108
197	192	75
198	192	20
202	192	100
204	192	62
206	192	103
207	192	56
209	192	13
211	192	32
215	192	124
216	192	46
217	192	51
218	192	32
219	192	40
220	192	14
222	192	52
224	192	72
226	192	90
230	192	93
232	192	66
233	192	59
234	192	122
235	192	85
237	192	24
238	192	70
241	192	80
12	191	47
27	191	14
29	191	28
30	191	122
31	191	21
34	191	45
36	191	161
37	191	27
39	191	59
40	191	51
41	191	52
42	191	71
46	191	49
49	191	9
50	191	20
51	191	53
54	191	61
55	191	96
57	191	58
58	191	98
59	191	107
60	191	30
62	191	66
63	191	72
69	191	41
72	191	59
75	191	115
78	191	67
79	191	150
80	191	122
81	191	37
83	191	13
84	191	83
86	191	39
91	191	26
92	191	68
93	191	47
97	191	63
105	191	37
110	191	99
113	191	54
119	191	39
121	191	57
122	191	73
128	191	37
131	191	37
144	191	63
146	191	34
149	191	24
150	191	92
151	191	102
153	191	73
156	191	36
159	191	56
164	191	27
168	191	46
169	191	55
175	191	58
177	191	29
178	191	72
179	191	120
182	191	14
184	191	87
185	191	67
186	191	63
189	191	112
191	191	59
194	191	105
197	191	45
198	191	18
199	191	46
201	191	31
202	191	49
203	191	59
205	191	79
206	191	104
210	191	56
212	191	15
213	191	193
215	191	88
217	191	22
218	191	61
222	191	50
224	191	88
226	191	48
227	191	88
231	191	62
236	191	32
239	191	32
241	191	73
245	191	71
10	190	35
19	190	54
20	190	44
22	190	73
25	190	62
26	190	33
28	190	79
29	190	50
30	190	46
31	190	60
32	190	63
34	190	49
35	190	79
36	190	54
37	190	75
38	190	57
42	190	54
43	190	107
46	190	69
50	190	49
55	190	132
58	190	34
60	190	73
61	190	101
62	190	44
63	190	67
64	190	56
70	190	112
72	190	123
73	190	86
74	190	56
75	190	23
77	190	59
78	190	56
80	190	135
89	190	17
97	190	29
101	190	77
102	190	70
103	190	67
107	190	20
114	190	86
116	190	32
# chipNumber: 4
# chipName:   G 10 W69
# numHits:    16
18	149	71
14	147	55
10	137	66
27	137	39
26	136	78
26	135	71
25	130	71
25	125	51
10	124	71
26	121	83
8	116	90
8	115	58
20	105	73
28	71	63
69	59	8
75	25	9
# chipNumber: 5
# chipName:   D 9 W69
# numHits:    0
# chipNumber: 6
# chipName:   L 8 W69
# numHits:    2
166	233	11810
234	203	11810
