## [General]
## runNumber:        241
## runTime:       	 7200
## runTimeFrames: 	 0
## pathName:         data/runs/Run_241_181022-16-16
## dateTime:         2018-10-22.16:21:15
## numChips:         7
## shutterTime:      30
## shutterMode:      verylong
## runMode:          0
## fastClock:        0
## externalTrigger:  0
## [Event]
## eventNumber:      393
## useHvFadc:    	 1
## fadcReadout:    	 1
## szint1ClockInt:	 0
## szint2ClockInt:	 0
## fadcTriggerClock: 0
# chipNumber: 0
# chipName:   E 6 W69
# numHits:    0
# chipNumber: 1
# chipName:   K 6 W69
# numHits:    64
83	240	53
61	239	24
87	239	42
102	239	55
73	238	65
87	238	101
113	238	84
88	236	55
69	235	53
80	234	28
95	234	47
99	234	42
77	233	54
76	232	34
97	232	33
103	232	40
78	231	52
87	231	10
100	231	77
77	229	33
66	226	47
71	226	20
102	226	47
85	225	44
102	225	34
67	224	44
83	224	37
87	224	18
103	224	49
79	222	70
92	222	27
108	222	95
81	221	22
102	221	34
94	220	101
95	220	16
135	220	30
61	219	73
85	219	73
94	219	87
67	218	49
83	218	35
95	218	70
103	217	37
104	217	28
110	216	63
91	214	67
96	214	106
98	214	74
100	208	71
72	205	26
78	204	38
76	203	74
71	197	57
95	191	59
215	37	56
217	37	7
230	31	46
239	30	43
234	22	85
240	22	12
209	21	52
135	16	57
235	12	54
# chipNumber: 2
# chipName:   H 9 W69
# numHits:    85
229	163	24
237	163	42
222	159	39
231	159	35
215	153	50
236	152	52
237	152	73
238	152	54
210	149	47
212	149	46
224	148	71
225	148	34
227	148	7
225	147	83
221	142	62
230	142	52
233	141	49
247	141	41
244	140	39
237	139	13
244	139	69
245	139	30
236	138	67
230	136	36
232	135	57
239	134	88
241	133	47
231	132	25
244	132	117
227	131	83
229	131	51
223	130	31
233	130	66
236	130	100
246	130	64
237	129	69
243	127	57
234	126	30
238	126	74
243	126	46
233	125	44
231	124	44
242	124	96
234	123	84
242	123	36
245	123	30
234	122	40
244	122	57
228	121	70
237	121	59
239	119	32
238	118	92
243	118	69
244	118	61
242	117	63
244	116	68
247	116	41
248	116	80
244	114	125
248	114	53
224	113	51
233	113	50
244	113	78
230	112	85
245	112	15
247	109	68
248	109	87
229	107	64
233	106	66
196	105	40
245	105	48
223	104	95
222	103	36
226	103	52
243	99	40
237	98	62
228	97	27
238	96	38
231	94	44
238	89	43
229	88	127
230	87	38
232	74	16
238	67	20
244	63	21
# chipNumber: 3
# chipName:   H 10 W69
# numHits:    22387
21	209	62
32	209	37
33	209	37
35	209	40
36	209	97
37	209	18
38	209	248
39	209	62
40	209	51
41	209	60
42	209	37
43	209	26
47	209	86
48	209	69
53	209	43
56	209	27
57	209	51
58	209	54
59	209	71
60	209	15
62	209	51
67	209	103
69	209	59
74	209	30
77	209	41
79	209	45
82	209	57
90	209	35
92	209	49
97	209	43
107	209	33
111	209	104
112	209	101
113	209	53
115	209	86
121	209	38
125	209	166
129	209	43
130	209	98
131	209	46
132	209	41
133	209	45
135	209	59
136	209	158
137	209	34
138	209	71
139	209	157
140	209	98
142	209	78
144	209	65
147	209	70
148	209	100
149	209	70
150	209	59
154	209	37
155	209	56
157	209	176
159	209	62
160	209	174
161	209	52
162	209	141
164	209	39
167	209	25
172	209	46
174	209	51
176	209	49
179	209	70
180	209	46
181	209	19
182	209	36
183	209	51
186	209	28
188	209	50
189	209	119
192	209	111
207	209	60
216	209	25
218	209	77
231	209	142
232	209	47
240	209	31
17	208	92
20	208	132
22	208	49
28	208	84
29	208	27
30	208	17
32	208	64
33	208	16
34	208	70
35	208	29
36	208	62
38	208	47
39	208	42
42	208	37
43	208	70
45	208	15
47	208	65
48	208	55
49	208	106
51	208	51
52	208	33
55	208	37
56	208	107
57	208	94
58	208	110
63	208	70
64	208	33
65	208	67
69	208	54
71	208	64
72	208	82
75	208	76
76	208	41
78	208	35
80	208	26
81	208	92
89	208	35
93	208	105
99	208	40
100	208	94
110	208	55
113	208	101
115	208	29
118	208	53
119	208	38
120	208	34
121	208	81
124	208	52
128	208	81
130	208	185
131	208	48
132	208	79
133	208	109
134	208	142
135	208	145
136	208	172
137	208	91
138	208	120
139	208	122
140	208	42
141	208	16
143	208	59
144	208	67
147	208	79
150	208	31
152	208	74
154	208	43
155	208	39
156	208	107
157	208	83
158	208	36
160	208	62
161	208	63
165	208	27
171	208	36
175	208	77
176	208	90
179	208	141
180	208	42
181	208	48
184	208	34
186	208	55
188	208	24
190	208	26
195	208	60
196	208	70
199	208	53
207	208	42
211	208	52
218	208	66
226	208	30
230	208	76
231	208	94
232	208	36
233	208	52
242	208	29
243	208	38
14	207	48
17	207	52
18	207	78
19	207	42
20	207	40
21	207	56
23	207	54
25	207	51
32	207	33
34	207	42
35	207	22
38	207	42
39	207	46
40	207	31
42	207	86
46	207	25
47	207	77
51	207	34
53	207	41
54	207	55
55	207	26
56	207	12
60	207	65
61	207	58
63	207	21
67	207	47
68	207	106
74	207	107
78	207	33
79	207	38
81	207	119
83	207	21
84	207	46
85	207	46
86	207	28
88	207	38
91	207	33
95	207	39
96	207	26
99	207	80
100	207	109
106	207	77
107	207	45
112	207	79
117	207	77
119	207	59
123	207	73
125	207	67
126	207	27
128	207	60
129	207	68
130	207	41
131	207	33
132	207	33
133	207	119
134	207	145
135	207	95
136	207	33
137	207	123
138	207	59
139	207	148
140	207	75
141	207	60
143	207	95
144	207	46
145	207	78
146	207	64
147	207	42
148	207	54
150	207	208
151	207	12
152	207	121
153	207	47
155	207	99
157	207	45
158	207	87
159	207	13
160	207	48
167	207	63
172	207	145
174	207	29
177	207	40
179	207	76
181	207	59
182	207	34
184	207	80
186	207	116
188	207	48
193	207	32
205	207	67
221	207	59
224	207	10
225	207	49
246	207	22
11	206	20
15	206	31
16	206	63
20	206	109
27	206	39
29	206	52
31	206	58
32	206	67
33	206	104
35	206	83
36	206	66
40	206	36
41	206	72
42	206	53
44	206	24
45	206	78
47	206	44
51	206	60
53	206	76
55	206	80
58	206	56
61	206	104
62	206	16
64	206	75
65	206	107
66	206	57
67	206	54
68	206	65
69	206	59
72	206	79
74	206	107
75	206	47
78	206	41
85	206	17
86	206	62
87	206	106
89	206	63
90	206	77
98	206	48
104	206	173
105	206	62
108	206	69
113	206	58
115	206	24
117	206	27
120	206	47
126	206	67
128	206	14
129	206	83
130	206	145
131	206	74
132	206	49
133	206	149
134	206	107
135	206	121
136	206	86
137	206	142
138	206	91
139	206	94
140	206	98
141	206	223
142	206	170
143	206	47
150	206	51
151	206	9
152	206	71
153	206	54
154	206	52
156	206	61
160	206	63
165	206	43
166	206	37
169	206	58
171	206	62
173	206	67
175	206	34
176	206	44
177	206	39
180	206	27
185	206	102
187	206	63
191	206	57
192	206	29
200	206	29
202	206	24
203	206	80
210	206	23
221	206	78
231	206	54
238	206	30
13	205	78
18	205	19
21	205	117
23	205	55
25	205	70
26	205	32
30	205	55
31	205	13
32	205	98
33	205	134
34	205	114
35	205	131
36	205	50
38	205	61
41	205	17
45	205	45
48	205	20
50	205	101
53	205	84
55	205	110
57	205	118
59	205	131
60	205	94
61	205	68
68	205	42
69	205	76
70	205	37
71	205	46
72	205	84
74	205	56
81	205	27
82	205	18
83	205	118
84	205	111
87	205	52
88	205	54
93	205	22
101	205	46
106	205	62
110	205	20
111	205	51
116	205	76
117	205	59
119	205	45
122	205	48
123	205	66
124	205	34
125	205	86
127	205	55
129	205	36
131	205	99
132	205	56
133	205	64
134	205	108
135	205	68
136	205	96
137	205	51
138	205	20
139	205	69
140	205	81
141	205	50
142	205	60
143	205	148
144	205	38
146	205	84
150	205	78
152	205	15
153	205	65
157	205	122
158	205	85
160	205	109
163	205	69
166	205	80
168	205	43
169	205	11
170	205	45
171	205	33
172	205	72
174	205	48
175	205	44
182	205	75
190	205	50
192	205	57
214	205	60
216	205	70
217	205	49
228	205	51
240	205	49
246	205	16
15	204	140
18	204	68
21	204	85
22	204	40
24	204	57
25	204	47
28	204	88
30	204	97
31	204	32
32	204	75
33	204	45
34	204	124
35	204	60
36	204	48
38	204	59
40	204	73
41	204	68
42	204	75
43	204	147
44	204	61
45	204	118
49	204	115
50	204	61
57	204	11
59	204	63
60	204	69
64	204	48
65	204	80
66	204	42
68	204	31
69	204	55
70	204	85
71	204	52
75	204	87
76	204	53
77	204	64
83	204	38
86	204	57
87	204	42
89	204	91
91	204	46
93	204	19
97	204	118
104	204	36
106	204	63
107	204	85
108	204	82
109	204	69
114	204	72
117	204	39
120	204	48
125	204	54
126	204	78
127	204	57
130	204	33
131	204	110
132	204	91
133	204	111
134	204	266
135	204	264
136	204	102
137	204	143
138	204	106
139	204	247
142	204	110
143	204	146
144	204	190
145	204	69
146	204	164
147	204	149
148	204	65
149	204	84
150	204	47
152	204	114
154	204	122
156	204	25
158	204	92
159	204	45
160	204	76
161	204	13
163	204	39
166	204	68
169	204	76
179	204	33
181	204	14
183	204	69
186	204	7
187	204	65
189	204	76
195	204	57
196	204	34
199	204	80
219	204	76
223	204	46
228	204	104
229	204	22
230	204	72
240	204	101
12	203	50
19	203	44
22	203	192
24	203	55
29	203	69
30	203	72
33	203	40
35	203	76
36	203	61
39	203	40
40	203	55
42	203	150
43	203	45
44	203	11
45	203	84
46	203	136
47	203	214
48	203	54
49	203	60
50	203	67
51	203	157
52	203	57
55	203	176
56	203	93
58	203	87
59	203	42
60	203	78
65	203	54
66	203	11
67	203	60
69	203	34
72	203	131
85	203	74
88	203	46
90	203	119
91	203	57
93	203	21
98	203	56
100	203	70
107	203	37
111	203	24
112	203	24
113	203	32
117	203	37
120	203	34
121	203	62
124	203	91
126	203	26
131	203	153
132	203	62
133	203	28
134	203	15
135	203	153
136	203	185
137	203	295
138	203	173
139	203	85
140	203	68
141	203	67
144	203	93
145	203	20
146	203	72
147	203	121
148	203	36
151	203	54
153	203	117
154	203	73
157	203	37
161	203	20
170	203	54
171	203	37
172	203	96
177	203	54
179	203	85
182	203	73
183	203	91
186	203	79
187	203	52
188	203	39
192	203	2
194	203	77
195	203	7
206	203	45
215	203	26
216	203	57
219	203	41
226	203	76
233	203	41
240	203	56
242	203	35
17	202	117
20	202	61
22	202	89
27	202	59
31	202	45
34	202	120
36	202	116
37	202	31
39	202	85
40	202	122
41	202	125
42	202	47
47	202	188
48	202	49
49	202	78
50	202	163
51	202	163
52	202	163
53	202	74
54	202	96
55	202	112
56	202	114
58	202	116
60	202	36
63	202	65
64	202	63
65	202	48
66	202	122
68	202	45
70	202	61
74	202	79
81	202	19
86	202	21
88	202	62
89	202	45
90	202	38
99	202	76
107	202	106
109	202	39
110	202	76
112	202	72
115	202	33
117	202	89
118	202	41
119	202	128
122	202	38
126	202	71
127	202	66
130	202	128
132	202	70
133	202	95
134	202	175
135	202	135
136	202	199
137	202	129
138	202	216
139	202	336
140	202	68
141	202	158
142	202	82
143	202	116
144	202	82
147	202	79
148	202	150
149	202	31
150	202	9
151	202	60
153	202	158
154	202	15
155	202	72
156	202	43
162	202	93
172	202	159
173	202	26
174	202	147
175	202	16
183	202	11
185	202	102
188	202	100
195	202	71
202	202	94
203	202	78
206	202	16
211	202	38
222	202	71
234	202	16
236	202	78
239	202	112
240	202	32
244	202	62
11	201	59
23	201	60
24	201	17
31	201	115
33	201	68
34	201	94
35	201	118
38	201	44
41	201	35
42	201	52
44	201	127
46	201	84
47	201	141
48	201	153
49	201	169
50	201	163
51	201	50
54	201	95
55	201	51
56	201	51
58	201	98
65	201	56
67	201	32
70	201	19
72	201	59
81	201	67
82	201	15
91	201	68
92	201	32
94	201	45
97	201	50
100	201	100
102	201	76
103	201	163
107	201	78
108	201	89
109	201	60
111	201	82
112	201	51
114	201	32
127	201	113
129	201	60
130	201	81
133	201	148
134	201	93
135	201	21
136	201	108
137	201	12
138	201	61
139	201	34
140	201	49
142	201	69
143	201	75
145	201	42
148	201	78
149	201	41
152	201	92
153	201	120
160	201	59
162	201	125
163	201	65
165	201	46
166	201	98
172	201	21
173	201	139
174	201	70
177	201	42
190	201	39
191	201	49
195	201	103
196	201	82
198	201	52
200	201	27
213	201	16
214	201	56
218	201	96
221	201	44
230	201	66
235	201	36
236	201	99
237	201	15
240	201	29
11	200	104
26	200	39
27	200	140
29	200	57
31	200	44
32	200	58
34	200	95
35	200	26
37	200	59
39	200	10
41	200	106
43	200	18
44	200	23
47	200	76
48	200	8
50	200	173
55	200	54
58	200	40
60	200	143
62	200	48
64	200	91
65	200	45
67	200	62
69	200	176
70	200	90
71	200	77
72	200	66
76	200	56
80	200	64
83	200	63
84	200	96
89	200	45
90	200	42
92	200	14
93	200	40
95	200	83
97	200	59
102	200	54
103	200	47
104	200	69
108	200	29
112	200	46
113	200	29
116	200	43
123	200	47
124	200	66
126	200	50
127	200	32
130	200	21
131	200	105
133	200	67
134	200	176
135	200	56
136	200	200
137	200	73
139	200	110
140	200	61
141	200	78
142	200	28
146	200	46
147	200	58
149	200	210
153	200	46
154	200	108
157	200	64
158	200	89
161	200	76
164	200	41
170	200	77
172	200	97
177	200	51
181	200	75
183	200	55
186	200	83
188	200	6
191	200	94
193	200	17
195	200	35
196	200	110
198	200	167
202	200	48
208	200	15
212	200	86
214	200	94
226	200	62
227	200	34
232	200	68
233	200	36
234	200	22
236	200	50
237	200	57
16	199	30
20	199	35
27	199	5
28	199	124
29	199	69
30	199	52
31	199	41
32	199	56
34	199	66
37	199	121
38	199	56
39	199	31
40	199	49
41	199	143
45	199	218
46	199	174
48	199	44
50	199	64
52	199	42
53	199	32
54	199	107
55	199	58
56	199	59
57	199	52
58	199	41
59	199	126
60	199	12
61	199	82
63	199	14
64	199	77
65	199	77
69	199	32
72	199	106
80	199	21
81	199	152
85	199	49
87	199	33
89	199	37
93	199	40
97	199	84
98	199	30
99	199	23
100	199	75
101	199	53
102	199	182
103	199	64
104	199	38
107	199	34
116	199	30
119	199	32
120	199	54
122	199	66
124	199	73
125	199	55
128	199	34
130	199	129
131	199	100
132	199	19
133	199	48
134	199	61
135	199	135
136	199	43
137	199	34
138	199	157
139	199	21
140	199	75
141	199	197
142	199	68
143	199	64
144	199	69
145	199	37
147	199	58
148	199	124
149	199	60
158	199	105
162	199	47
166	199	117
167	199	67
168	199	38
169	199	54
170	199	61
171	199	25
187	199	21
192	199	120
193	199	36
199	199	63
200	199	25
202	199	41
203	199	32
204	199	37
214	199	34
215	199	18
217	199	62
218	199	38
220	199	51
225	199	23
229	199	66
231	199	69
232	199	72
235	199	65
15	198	25
20	198	67
25	198	95
26	198	193
28	198	22
29	198	143
33	198	26
34	198	156
35	198	95
37	198	34
38	198	39
40	198	77
41	198	25
43	198	25
45	198	121
46	198	151
47	198	33
49	198	115
50	198	39
51	198	163
53	198	87
56	198	25
57	198	204
58	198	85
59	198	50
60	198	48
61	198	62
62	198	74
63	198	20
64	198	46
65	198	26
66	198	34
70	198	19
71	198	87
77	198	22
79	198	48
81	198	80
84	198	70
86	198	40
90	198	59
93	198	57
96	198	74
100	198	44
101	198	83
102	198	46
104	198	71
106	198	33
109	198	38
111	198	47
113	198	38
115	198	89
116	198	171
117	198	38
120	198	71
121	198	51
122	198	63
126	198	49
127	198	57
128	198	40
131	198	193
132	198	80
133	198	225
134	198	115
135	198	66
136	198	104
137	198	202
138	198	65
139	198	199
140	198	88
141	198	56
143	198	62
145	198	92
146	198	65
147	198	77
148	198	172
149	198	29
150	198	73
152	198	81
157	198	95
158	198	30
159	198	77
160	198	128
165	198	95
166	198	43
170	198	47
175	198	87
178	198	109
180	198	40
191	198	133
192	198	42
193	198	34
199	198	52
205	198	46
206	198	59
222	198	62
223	198	107
232	198	41
233	198	54
235	198	26
237	198	59
241	198	66
244	198	76
19	197	17
23	197	38
26	197	80
27	197	52
29	197	55
31	197	77
33	197	120
34	197	93
35	197	106
36	197	41
37	197	68
38	197	5
39	197	75
40	197	34
42	197	59
43	197	152
44	197	30
45	197	137
48	197	151
49	197	46
50	197	43
51	197	49
52	197	105
53	197	179
54	197	89
55	197	98
56	197	89
57	197	94
59	197	28
60	197	167
61	197	55
62	197	61
64	197	113
66	197	44
67	197	109
68	197	65
71	197	25
72	197	47
74	197	51
77	197	17
79	197	70
85	197	58
90	197	44
91	197	65
92	197	158
93	197	24
98	197	65
100	197	111
101	197	15
102	197	26
105	197	18
110	197	54
112	197	83
113	197	27
118	197	62
120	197	9
127	197	93
129	197	29
131	197	65
133	197	33
134	197	55
135	197	56
137	197	64
138	197	52
139	197	47
140	197	54
141	197	37
146	197	100
147	197	130
148	197	97
149	197	70
150	197	114
151	197	59
154	197	62
157	197	33
158	197	57
161	197	117
163	197	71
165	197	141
167	197	13
169	197	88
172	197	34
178	197	11
192	197	29
193	197	17
194	197	26
196	197	48
197	197	124
202	197	41
204	197	31
212	197	50
213	197	29
217	197	25
222	197	38
236	197	43
238	197	46
240	197	65
18	196	90
19	196	67
20	196	81
25	196	123
31	196	76
32	196	105
34	196	38
35	196	55
37	196	52
38	196	124
39	196	145
41	196	48
42	196	67
43	196	132
44	196	175
45	196	118
46	196	62
47	196	145
50	196	140
51	196	104
52	196	93
53	196	150
54	196	50
55	196	73
56	196	12
57	196	95
58	196	73
59	196	35
60	196	81
61	196	80
62	196	75
64	196	89
68	196	57
72	196	57
73	196	105
78	196	43
79	196	81
81	196	40
91	196	102
92	196	34
96	196	39
103	196	41
104	196	59
109	196	12
112	196	43
117	196	48
118	196	121
123	196	32
125	196	82
126	196	100
128	196	62
130	196	115
133	196	52
134	196	61
135	196	67
138	196	112
140	196	154
141	196	44
143	196	6
146	196	105
147	196	82
148	196	94
149	196	50
152	196	92
159	196	58
162	196	68
165	196	103
171	196	54
179	196	38
185	196	51
188	196	44
195	196	52
197	196	87
199	196	82
200	196	89
201	196	33
204	196	121
207	196	122
211	196	30
212	196	34
213	196	65
216	196	77
218	196	28
219	196	65
223	196	139
225	196	62
226	196	52
227	196	54
228	196	51
233	196	76
239	196	38
241	196	157
243	196	75
245	196	63
14	195	35
23	195	42
26	195	88
27	195	147
30	195	8
31	195	66
32	195	25
33	195	135
34	195	89
36	195	48
39	195	39
40	195	65
42	195	20
43	195	77
44	195	71
45	195	73
47	195	92
48	195	27
49	195	40
51	195	129
52	195	389
53	195	98
54	195	120
55	195	70
56	195	130
58	195	101
59	195	45
61	195	65
65	195	80
67	195	21
71	195	54
74	195	47
76	195	73
77	195	55
78	195	39
80	195	41
81	195	61
83	195	43
85	195	82
92	195	49
93	195	91
99	195	70
102	195	84
103	195	56
104	195	15
105	195	29
107	195	73
109	195	48
113	195	16
114	195	22
115	195	9
116	195	35
117	195	50
120	195	74
121	195	86
122	195	33
126	195	80
130	195	28
133	195	47
135	195	49
136	195	100
138	195	85
140	195	23
141	195	140
144	195	64
147	195	25
149	195	47
151	195	37
153	195	48
154	195	175
155	195	92
156	195	55
157	195	37
158	195	165
159	195	68
160	195	63
162	195	53
163	195	45
164	195	81
166	195	60
170	195	89
172	195	120
177	195	48
182	195	63
187	195	56
188	195	93
192	195	120
193	195	44
194	195	16
196	195	25
200	195	45
201	195	43
202	195	35
210	195	50
213	195	49
214	195	42
215	195	83
218	195	73
224	195	101
228	195	53
232	195	69
19	194	54
21	194	44
24	194	56
25	194	49
30	194	63
32	194	31
35	194	92
37	194	32
42	194	43
43	194	97
44	194	90
45	194	65
47	194	175
48	194	152
49	194	24
50	194	106
51	194	40
52	194	138
53	194	98
54	194	74
55	194	36
56	194	83
57	194	88
59	194	41
60	194	79
61	194	37
63	194	54
64	194	130
65	194	70
67	194	115
68	194	67
70	194	116
71	194	76
72	194	58
73	194	34
74	194	49
77	194	131
81	194	16
85	194	15
91	194	56
92	194	107
99	194	143
104	194	109
105	194	56
112	194	69
116	194	79
120	194	50
124	194	75
126	194	57
129	194	36
131	194	51
135	194	38
139	194	55
140	194	79
141	194	81
142	194	54
143	194	89
144	194	101
145	194	114
147	194	113
153	194	16
157	194	38
161	194	60
175	194	33
176	194	65
178	194	45
180	194	52
189	194	65
201	194	70
206	194	10
207	194	32
215	194	82
222	194	77
228	194	61
236	194	61
237	194	15
243	194	31
246	194	48
14	193	85
18	193	70
20	193	47
22	193	59
23	193	38
24	193	53
26	193	81
28	193	105
31	193	15
34	193	197
35	193	74
36	193	140
37	193	87
38	193	34
39	193	14
40	193	67
41	193	89
45	193	17
46	193	62
48	193	137
49	193	70
50	193	115
51	193	43
52	193	77
53	193	37
54	193	45
56	193	74
57	193	73
58	193	56
59	193	105
60	193	151
61	193	43
62	193	30
63	193	42
65	193	32
67	193	29
70	193	52
72	193	89
73	193	76
75	193	21
76	193	18
80	193	146
83	193	69
84	193	62
87	193	55
93	193	25
103	193	82
104	193	79
106	193	26
107	193	69
110	193	59
114	193	67
118	193	71
119	193	59
120	193	61
122	193	46
124	193	21
125	193	46
126	193	48
127	193	41
128	193	110
134	193	198
135	193	84
136	193	29
139	193	125
140	193	68
141	193	109
142	193	64
144	193	69
147	193	52
152	193	54
156	193	46
157	193	74
162	193	55
164	193	76
166	193	54
172	193	22
176	193	19
180	193	64
182	193	57
187	193	26
194	193	27
207	193	109
208	193	129
211	193	113
212	193	36
219	193	81
221	193	96
229	193	65
230	193	60
235	193	23
236	193	39
239	193	31
241	193	34
17	192	54
18	192	69
22	192	53
24	192	39
29	192	67
33	192	10
35	192	69
36	192	34
37	192	74
38	192	43
39	192	13
40	192	33
41	192	110
42	192	138
43	192	38
44	192	116
45	192	149
46	192	56
49	192	15
50	192	82
51	192	150
52	192	69
53	192	107
54	192	40
55	192	68
56	192	100
57	192	174
58	192	158
59	192	95
60	192	100
62	192	63
64	192	62
65	192	51
66	192	185
67	192	27
68	192	97
71	192	70
72	192	59
81	192	73
85	192	131
92	192	57
93	192	49
94	192	14
95	192	52
96	192	73
99	192	23
101	192	64
102	192	81
108	192	70
114	192	39
117	192	54
118	192	80
119	192	63
121	192	103
123	192	17
124	192	46
125	192	51
126	192	23
127	192	33
130	192	58
131	192	44
132	192	44
133	192	61
134	192	78
135	192	52
140	192	55
141	192	56
143	192	64
144	192	125
145	192	56
146	192	54
148	192	23
150	192	77
151	192	45
153	192	18
154	192	47
156	192	87
157	192	51
159	192	130
162	192	39
163	192	33
164	192	34
166	192	45
167	192	64
170	192	68
179	192	40
183	192	76
185	192	72
186	192	55
192	192	60
195	192	72
196	192	56
198	192	57
199	192	19
204	192	135
205	192	150
206	192	127
207	192	29
208	192	130
210	192	48
212	192	19
214	192	35
216	192	133
220	192	83
222	192	45
230	192	11
234	192	81
237	192	54
243	192	56
245	192	58
16	191	48
18	191	83
26	191	85
28	191	127
29	191	174
30	191	73
31	191	38
34	191	55
35	191	60
36	191	45
37	191	22
38	191	70
39	191	62
40	191	59
42	191	74
43	191	134
45	191	67
47	191	62
49	191	79
51	191	119
52	191	82
55	191	49
56	191	46
58	191	23
59	191	101
60	191	159
63	191	32
65	191	60
66	191	90
68	191	57
72	191	133
73	191	32
77	191	45
78	191	29
81	191	51
84	191	73
89	191	36
92	191	100
94	191	47
96	191	27
98	191	93
100	191	77
101	191	61
103	191	60
105	191	54
107	191	83
108	191	82
111	191	71
117	191	93
130	191	100
131	191	45
133	191	70
136	191	37
138	191	59
139	191	188
141	191	53
142	191	176
147	191	51
149	191	116
150	191	19
151	191	63
153	191	65
157	191	61
160	191	83
163	191	73
164	191	85
165	191	61
167	191	81
169	191	58
170	191	79
173	191	43
180	191	23
191	191	18
195	191	102
205	191	65
208	191	49
209	191	51
210	191	43
211	191	23
215	191	29
217	191	55
220	191	84
221	191	23
222	191	53
230	191	49
231	191	52
236	191	157
241	191	111
242	191	29
245	191	177
14	190	37
15	190	45
16	190	97
17	190	80
25	190	166
27	190	52
29	190	60
31	190	225
33	190	114
35	190	48
38	190	50
39	190	82
41	190	141
42	190	75
43	190	114
44	190	186
45	190	95
48	190	149
51	190	47
55	190	56
56	190	77
61	190	19
62	190	42
63	190	41
64	190	57
69	190	45
70	190	118
71	190	105
72	190	87
73	190	115
74	190	70
75	190	43
76	190	49
77	190	100
80	190	52
83	190	40
84	190	48
85	190	47
88	190	54
89	190	37
90	190	110
99	190	46
106	190	144
107	190	29
108	190	51
109	190	68
111	190	37
112	190	133
115	190	21
116	190	84
118	190	76
119	190	23
123	190	59
124	190	65
129	190	61
136	190	49
137	190	87
140	190	58
141	190	45
142	190	39
143	190	59
144	190	43
148	190	137
149	190	50
151	190	94
154	190	20
156	190	50
159	190	70
161	190	57
162	190	91
165	190	161
166	190	44
167	190	43
171	190	108
176	190	36
185	190	16
187	190	59
189	190	54
195	190	60
206	190	63
211	190	20
212	190	107
213	190	151
214	190	38
216	190	27
218	190	17
219	190	22
226	190	69
227	190	67
230	190	120
236	190	161
240	190	73
244	190	60
14	189	1
21	189	73
27	189	55
28	189	8
29	189	54
30	189	43
31	189	74
33	189	110
41	189	36
45	189	108
46	189	134
47	189	64
48	189	63
50	189	74
51	189	145
53	189	102
54	189	16
55	189	52
56	189	60
59	189	22
61	189	88
62	189	79
64	189	94
66	189	37
68	189	54
69	189	51
70	189	38
71	189	72
72	189	163
73	189	66
75	189	47
77	189	65
78	189	82
79	189	88
80	189	5
90	189	155
91	189	37
95	189	65
97	189	56
100	189	99
111	189	70
113	189	58
114	189	104
115	189	93
116	189	76
117	189	41
124	189	34
125	189	78
126	189	33
131	189	112
132	189	34
134	189	47
135	189	31
137	189	66
138	189	35
140	189	69
141	189	126
143	189	107
144	189	105
146	189	100
148	189	115
149	189	53
150	189	40
152	189	114
155	189	48
159	189	60
160	189	44
161	189	68
171	189	67
173	189	76
174	189	48
180	189	34
183	189	81
184	189	41
195	189	39
208	189	73
213	189	70
218	189	77
220	189	50
221	189	14
227	189	80
228	189	70
229	189	104
238	189	19
241	189	39
243	189	54
15	188	62
17	188	43
18	188	37
19	188	65
20	188	137
21	188	22
23	188	63
30	188	43
32	188	15
33	188	14
34	188	24
36	188	110
39	188	113
42	188	139
43	188	252
44	188	124
45	188	28
47	188	64
49	188	107
50	188	90
53	188	78
54	188	105
55	188	100
59	188	34
61	188	134
65	188	59
69	188	66
70	188	129
71	188	57
73	188	61
74	188	57
80	188	30
84	188	77
86	188	126
89	188	44
92	188	72
94	188	49
95	188	57
96	188	25
97	188	46
100	188	77
102	188	29
106	188	27
111	188	43
112	188	116
113	188	30
116	188	209
118	188	43
119	188	69
121	188	46
123	188	15
124	188	69
130	188	200
134	188	40
136	188	54
141	188	37
143	188	120
145	188	15
146	188	40
149	188	30
150	188	146
155	188	139
156	188	15
159	188	41
162	188	43
168	188	52
169	188	34
170	188	78
171	188	32
173	188	60
178	188	35
183	188	38
189	188	87
190	188	44
191	188	99
199	188	17
202	188	101
203	188	33
205	188	72
207	188	24
208	188	41
211	188	39
215	188	41
216	188	64
224	188	84
229	188	103
233	188	52
235	188	36
237	188	89
241	188	25
247	188	18
20	187	45
21	187	44
28	187	169
29	187	59
31	187	71
35	187	58
38	187	84
40	187	16
41	187	162
43	187	71
48	187	70
49	187	128
50	187	94
51	187	85
52	187	37
54	187	29
56	187	17
57	187	29
58	187	66
59	187	61
62	187	81
64	187	6
65	187	41
67	187	36
68	187	18
69	187	105
70	187	49
73	187	118
75	187	92
77	187	63
79	187	102
82	187	17
83	187	77
84	187	96
85	187	75
87	187	111
90	187	105
91	187	40
92	187	117
93	187	50
95	187	72
98	187	111
101	187	60
103	187	70
110	187	80
111	187	150
112	187	78
113	187	32
116	187	50
118	187	37
119	187	38
121	187	63
123	187	73
127	187	61
128	187	21
129	187	64
133	187	83
136	187	62
138	187	26
139	187	59
143	187	40
147	187	119
148	187	18
151	187	65
152	187	20
156	187	30
159	187	42
162	187	73
163	187	97
168	187	117
170	187	91
171	187	19
188	187	91
189	187	27
197	187	51
199	187	60
201	187	21
203	187	13
209	187	13
211	187	16
214	187	82
215	187	49
216	187	169
217	187	79
220	187	24
222	187	59
223	187	76
224	187	110
227	187	55
228	187	66
229	187	77
235	187	22
237	187	117
238	187	79
241	187	28
243	187	42
12	186	91
15	186	72
18	186	75
19	186	28
20	186	63
21	186	30
26	186	93
27	186	69
28	186	113
29	186	47
33	186	103
36	186	43
37	186	23
40	186	34
41	186	58
43	186	23
44	186	33
46	186	60
47	186	104
48	186	46
49	186	128
50	186	216
51	186	74
53	186	240
55	186	71
57	186	59
58	186	145
59	186	64
60	186	54
61	186	63
62	186	41
63	186	62
64	186	52
67	186	55
68	186	82
69	186	103
70	186	31
73	186	52
78	186	47
85	186	103
91	186	112
95	186	31
96	186	85
97	186	17
99	186	44
101	186	120
102	186	31
107	186	44
111	186	22
115	186	18
116	186	91
118	186	54
120	186	36
123	186	80
127	186	52
161	246	35
120	245	118
128	245	55
130	245	19
135	245	53
153	245	33
169	245	12
127	244	36
129	244	45
131	244	101
137	244	41
168	244	79
65	243	12
74	243	81
91	243	65
108	243	29
116	243	38
118	243	11
120	243	46
122	243	36
123	243	53
126	243	63
127	243	28
128	243	43
140	243	56
146	243	19
154	243	92
165	243	47
26	242	85
50	242	51
90	242	41
96	242	28
113	242	16
116	242	58
120	242	43
121	242	44
126	242	20
128	242	90
132	242	44
134	242	6
138	242	30
148	242	45
155	242	25
156	242	74
176	242	15
178	242	14
186	242	98
22	241	65
24	241	62
79	241	28
88	241	62
99	241	38
104	241	50
113	241	61
114	241	149
126	241	90
127	241	28
130	241	71
134	241	11
142	241	26
153	241	77
156	241	83
160	241	91
176	241	69
179	241	39
201	241	63
205	241	28
37	240	75
67	240	105
74	240	70
75	240	25
79	240	65
88	240	65
96	240	60
101	240	21
104	240	93
105	240	55
109	240	38
115	240	59
120	240	88
121	240	52
122	240	61
129	240	27
131	240	41
136	240	32
139	240	92
142	240	40
143	240	132
161	240	55
177	240	73
179	240	82
186	240	52
187	240	62
189	240	97
190	240	93
196	240	23
40	239	49
68	239	32
74	239	71
83	239	99
91	239	24
98	239	50
101	239	19
107	239	32
110	239	59
120	239	46
126	239	67
127	239	45
128	239	44
129	239	122
130	239	77
131	239	60
140	239	40
141	239	73
145	239	38
168	239	38
174	239	96
177	239	65
187	239	89
18	238	95
46	238	44
48	238	43
82	238	33
83	238	34
91	238	51
92	238	21
93	238	17
102	238	100
105	238	83
113	238	88
114	238	84
115	238	44
121	238	49
127	238	60
136	238	26
139	238	61
141	238	59
145	238	75
156	238	101
160	238	67
166	238	66
172	238	74
173	238	41
186	238	65
187	238	28
189	238	75
193	238	38
207	238	60
16	237	35
33	237	69
38	237	79
48	237	37
54	237	49
65	237	42
75	237	59
76	237	53
78	237	54
81	237	61
92	237	42
97	237	49
102	237	67
112	237	57
116	237	47
117	237	40
119	237	62
120	237	71
123	237	25
124	237	87
126	237	49
127	237	69
129	237	52
130	237	54
132	237	44
136	237	70
137	237	58
143	237	18
154	237	49
160	237	35
166	237	125
167	237	43
168	237	64
170	237	21
171	237	54
172	237	52
173	237	67
176	237	11
177	237	40
186	237	77
202	237	88
205	237	62
226	237	66
30	236	45
75	236	48
92	236	90
94	236	48
108	236	35
109	236	61
110	236	18
111	236	26
115	236	31
116	236	19
117	236	84
118	236	49
119	236	29
120	236	23
122	236	32
124	236	18
125	236	51
131	236	54
133	236	55
138	236	22
140	236	131
141	236	50
144	236	47
150	236	50
159	236	93
163	236	20
170	236	20
171	236	79
177	236	84
190	236	51
191	236	51
201	236	29
217	236	29
40	235	62
41	235	41
42	235	35
60	235	58
67	235	57
68	235	52
72	235	54
93	235	34
96	235	68
97	235	137
99	235	43
104	235	16
107	235	16
109	235	54
112	235	104
114	235	62
117	235	30
118	235	119
119	235	31
120	235	21
123	235	59
124	235	70
125	235	41
127	235	69
130	235	133
132	235	133
133	235	118
134	235	58
136	235	73
137	235	55
142	235	47
144	235	160
146	235	59
150	235	64
162	235	18
166	235	10
170	235	29
174	235	89
181	235	73
184	235	35
186	235	22
190	235	128
191	235	32
194	235	24
199	235	54
209	235	49
211	235	21
221	235	77
239	235	82
39	234	83
41	234	50
42	234	51
45	234	48
46	234	37
48	234	66
68	234	29
74	234	56
82	234	48
85	234	28
99	234	44
107	234	10
108	234	34
112	234	53
119	234	85
120	234	57
124	234	21
125	234	98
128	234	76
133	234	40
138	234	62
140	234	33
141	234	115
142	234	68
143	234	57
144	234	47
146	234	38
181	234	69
189	234	58
190	234	92
231	234	71
232	234	50
37	233	70
52	233	27
67	233	53
68	233	80
69	233	15
70	233	24
74	233	10
79	233	11
84	233	86
86	233	21
87	233	73
101	233	62
109	233	73
116	233	121
117	233	94
118	233	66
119	233	78
124	233	68
125	233	128
126	233	59
127	233	41
131	233	29
132	233	43
133	233	44
135	233	20
139	233	39
143	233	68
144	233	62
145	233	88
146	233	57
147	233	42
150	233	79
153	233	41
155	233	24
167	233	64
172	233	66
178	233	65
183	233	49
186	233	39
189	233	92
190	233	55
203	233	46
204	233	38
205	233	85
27	232	74
34	232	56
48	232	20
51	232	30
52	232	79
53	232	97
57	232	90
59	232	53
83	232	9
87	232	9
93	232	21
97	232	47
99	232	179
101	232	24
107	232	90
108	232	53
110	232	28
111	232	90
122	232	164
123	232	71
127	232	85
128	232	44
129	232	35
130	232	60
131	232	182
145	232	51
146	232	115
147	232	79
148	232	28
152	232	108
157	232	50
159	232	33
161	232	106
162	232	28
168	232	44
172	232	40
176	232	96
182	232	45
183	232	69
187	232	59
190	232	46
194	232	44
202	232	55
242	232	25
26	231	36
27	231	94
36	231	124
45	231	46
46	231	24
58	231	52
65	231	36
67	231	20
73	231	45
78	231	37
87	231	63
89	231	38
92	231	34
95	231	33
96	231	36
110	231	43
112	231	37
114	231	41
115	231	73
116	231	53
118	231	69
120	231	11
124	231	72
126	231	24
127	231	122
129	231	64
130	231	66
131	231	22
132	231	39
133	231	70
134	231	45
135	231	100
136	231	12
137	231	16
140	231	59
141	231	69
142	231	27
145	231	112
148	231	70
149	231	63
153	231	30
154	231	33
155	231	100
157	231	22
165	231	82
166	231	78
176	231	37
177	231	63
179	231	51
180	231	56
182	231	50
183	231	74
184	231	55
185	231	59
190	231	93
191	231	77
232	231	59
234	231	105
241	231	37
9	230	51
16	230	53
26	230	54
28	230	41
33	230	104
34	230	95
38	230	69
40	230	67
44	230	24
45	230	83
51	230	49
54	230	51
58	230	63
78	230	48
82	230	27
83	230	25
89	230	51
92	230	75
99	230	13
103	230	65
104	230	67
108	230	46
109	230	50
111	230	39
112	230	47
114	230	37
116	230	41
118	230	47
120	230	76
121	230	79
123	230	58
125	230	54
126	230	52
127	230	74
129	230	74
132	230	105
133	230	91
135	230	64
141	230	69
142	230	99
143	230	82
144	230	66
146	230	64
148	230	137
149	230	99
150	230	50
152	230	73
153	230	52
160	230	83
162	230	88
168	230	58
174	230	39
177	230	67
178	230	68
180	230	99
183	230	69
202	230	69
211	230	56
228	230	99
236	230	39
28	229	110
33	229	34
36	229	46
40	229	69
41	229	57
42	229	32
43	229	15
45	229	79
46	229	41
52	229	77
77	229	40
100	229	119
101	229	68
102	229	23
104	229	134
108	229	21
111	229	59
112	229	51
114	229	43
115	229	83
120	229	36
121	229	36
124	229	22
125	229	66
126	229	60
127	229	168
128	229	66
130	229	52
132	229	54
136	229	42
137	229	70
141	229	35
142	229	47
143	229	153
148	229	198
149	229	45
151	229	59
153	229	93
157	229	72
160	229	50
161	229	37
169	229	49
171	229	51
177	229	41
188	229	22
195	229	52
197	229	78
202	229	69
204	229	61
205	229	86
225	229	48
243	229	75
244	229	72
246	229	34
9	228	57
34	228	79
37	228	20
41	228	43
47	228	71
72	228	30
75	228	27
78	228	101
84	228	28
87	228	93
88	228	54
89	228	44
106	228	67
110	228	26
113	228	166
117	228	140
119	228	27
123	228	25
132	228	86
133	228	99
134	228	106
135	228	27
141	228	37
143	228	59
146	228	26
147	228	24
148	228	49
149	228	120
150	228	62
152	228	19
159	228	52
161	228	30
166	228	132
169	228	44
170	228	90
171	228	90
172	228	40
174	228	55
176	228	42
177	228	75
179	228	55
181	228	119
183	228	74
185	228	91
186	228	34
193	228	124
208	228	43
211	228	42
243	228	66
23	227	35
30	227	89
32	227	30
33	227	126
34	227	60
37	227	42
51	227	82
56	227	39
57	227	42
62	227	59
75	227	45
83	227	23
87	227	71
88	227	30
92	227	72
95	227	57
97	227	38
101	227	18
102	227	31
104	227	61
108	227	48
113	227	35
114	227	24
122	227	30
123	227	175
124	227	35
125	227	53
126	227	64
128	227	80
129	227	87
134	227	73
137	227	89
138	227	37
139	227	43
145	227	34
160	227	40
165	227	149
166	227	43
168	227	92
172	227	48
173	227	103
174	227	67
175	227	38
181	227	45
182	227	112
185	227	75
193	227	3
197	227	69
199	227	44
212	227	54
213	227	88
18	226	62
32	226	77
33	226	88
41	226	69
49	226	32
51	226	55
53	226	91
55	226	81
56	226	55
72	226	43
74	226	24
75	226	85
76	226	10
78	226	73
95	226	37
98	226	50
100	226	55
102	226	62
104	226	80
107	226	77
108	226	54
109	226	41
111	226	140
115	226	39
116	226	124
123	226	62
124	226	21
129	226	10
131	226	35
132	226	84
134	226	51
136	226	47
137	226	135
138	226	76
139	226	112
141	226	118
142	226	150
144	226	63
145	226	110
151	226	175
153	226	34
157	226	46
159	226	92
161	226	63
163	226	14
166	226	50
167	226	93
168	226	65
173	226	51
179	226	55
182	226	6
183	226	17
184	226	85
187	226	48
190	226	35
191	226	93
192	226	58
196	226	101
201	226	16
220	226	47
233	226	16
28	225	49
30	225	76
33	225	24
36	225	39
38	225	17
39	225	78
45	225	38
46	225	36
48	225	51
49	225	22
51	225	48
54	225	139
56	225	46
60	225	10
64	225	38
72	225	18
74	225	101
78	225	57
86	225	35
89	225	35
93	225	45
104	225	70
110	225	66
111	225	60
115	225	50
122	225	79
125	225	67
126	225	111
130	225	57
134	225	35
135	225	101
136	225	95
137	225	59
140	225	96
141	225	150
142	225	110
143	225	80
144	225	48
152	225	42
154	225	44
156	225	52
157	225	71
159	225	34
160	225	44
161	225	82
162	225	64
163	225	27
166	225	92
170	225	40
172	225	44
174	225	73
175	225	73
179	225	165
180	225	50
185	225	121
201	225	42
216	225	80
231	225	76
30	224	76
31	224	5
32	224	57
35	224	45
36	224	41
38	224	2
39	224	34
44	224	94
45	224	64
50	224	50
58	224	71
59	224	24
60	224	47
62	224	52
67	224	45
68	224	79
75	224	42
86	224	56
93	224	16
110	224	58
112	224	72
122	224	73
124	224	72
128	224	78
130	224	42
131	224	80
133	224	46
135	224	43
136	224	57
137	224	88
138	224	42
139	224	71
140	224	51
141	224	128
142	224	45
143	224	92
145	224	36
149	224	92
150	224	156
151	224	54
153	224	64
154	224	71
155	224	91
156	224	31
157	224	49
158	224	80
159	224	51
161	224	136
163	224	52
164	224	27
166	224	68
167	224	20
170	224	70
173	224	56
178	224	110
182	224	63
183	224	87
187	224	155
189	224	46
192	224	61
193	224	61
208	224	44
13	223	52
21	223	64
27	223	58
28	223	38
35	223	34
42	223	77
44	223	19
46	223	54
47	223	48
53	223	67
55	223	29
59	223	144
61	223	72
83	223	83
95	223	68
98	223	27
102	223	62
105	223	82
106	223	116
110	223	87
111	223	57
115	223	74
116	223	75
118	223	16
120	223	106
121	223	105
122	223	29
124	223	97
128	223	17
129	223	51
131	223	47
133	223	37
137	223	14
138	223	50
141	223	83
143	223	24
145	223	52
146	223	49
148	223	31
150	223	46
152	223	17
153	223	38
155	223	62
164	223	182
165	223	67
166	223	54
168	223	45
169	223	46
174	223	75
175	223	20
177	223	26
178	223	71
181	223	43
182	223	37
183	223	61
184	223	61
185	223	63
190	223	96
191	223	14
201	223	33
202	223	58
207	223	54
211	223	87
215	223	25
216	223	26
219	223	47
12	222	55
20	222	58
38	222	35
41	222	23
44	222	59
47	222	63
52	222	55
54	222	23
60	222	21
63	222	58
64	222	52
79	222	49
92	222	31
95	222	64
97	222	58
98	222	53
107	222	165
111	222	91
112	222	40
116	222	102
120	222	60
122	222	80
123	222	97
124	222	153
126	222	57
128	222	39
129	222	41
130	222	87
134	222	148
139	222	64
142	222	152
147	222	79
148	222	63
149	222	166
150	222	59
153	222	49
154	222	61
155	222	30
156	222	85
157	222	55
158	222	77
159	222	93
161	222	63
164	222	85
165	222	83
167	222	65
170	222	49
177	222	21
178	222	70
179	222	99
180	222	74
181	222	97
188	222	67
189	222	84
190	222	57
191	222	67
196	222	128
227	222	97
233	222	52
237	222	74
243	222	51
17	221	46
26	221	61
48	221	36
50	221	49
61	221	74
71	221	40
81	221	41
82	221	155
87	221	24
96	221	16
98	221	34
102	221	74
103	221	68
106	221	112
108	221	67
110	221	53
111	221	61
112	221	87
116	221	27
118	221	29
124	221	29
125	221	25
126	221	118
130	221	35
132	221	108
140	221	53
141	221	74
142	221	47
145	221	54
146	221	95
147	221	54
148	221	108
149	221	44
150	221	25
153	221	62
154	221	38
155	221	66
157	221	51
159	221	150
164	221	58
167	221	106
168	221	37
171	221	96
174	221	72
176	221	36
179	221	86
182	221	27
185	221	60
187	221	32
188	221	133
191	221	66
193	221	69
217	221	121
220	221	29
229	221	81
240	221	62
16	220	15
17	220	35
31	220	69
34	220	74
35	220	25
40	220	54
46	220	44
47	220	140
51	220	67
58	220	75
59	220	54
63	220	70
64	220	70
67	220	32
72	220	67
75	220	83
78	220	33
88	220	180
90	220	45
93	220	68
96	220	57
97	220	88
98	220	29
104	220	47
108	220	45
109	220	57
113	220	52
115	220	14
117	220	60
118	220	47
120	220	68
122	220	16
124	220	64
125	220	95
126	220	82
128	220	56
130	220	29
131	220	65
133	220	74
134	220	80
136	220	36
140	220	42
141	220	35
142	220	124
143	220	198
144	220	29
146	220	178
154	220	92
158	220	33
161	220	21
165	220	49
166	220	79
168	220	105
171	220	20
173	220	20
176	220	135
178	220	21
179	220	62
180	220	108
182	220	100
183	220	105
187	220	29
189	220	169
190	220	73
193	220	121
194	220	53
195	220	70
199	220	16
225	220	77
227	220	28
244	220	51
11	219	68
17	219	19
38	219	68
48	219	44
49	219	29
50	219	69
52	219	26
55	219	54
57	219	73
61	219	65
62	219	14
69	219	53
79	219	60
88	219	96
89	219	56
91	219	21
92	219	51
93	219	15
94	219	113
97	219	23
101	219	70
102	219	48
105	219	34
113	219	43
114	219	62
116	219	73
123	219	150
124	219	54
126	219	168
128	219	117
129	219	115
130	219	31
131	219	80
135	219	87
138	219	108
139	219	131
140	219	37
141	219	24
145	219	40
146	219	30
147	219	44
148	219	110
149	219	46
150	219	18
156	219	41
160	219	74
161	219	21
162	219	2
165	219	77
166	219	88
171	219	50
173	219	29
180	219	90
184	219	45
185	219	121
188	219	54
190	219	72
198	219	81
210	219	62
226	219	52
229	219	13
240	219	69
242	219	54
17	218	109
21	218	54
29	218	48
30	218	35
31	218	78
36	218	79
37	218	99
38	218	62
39	218	41
45	218	62
46	218	153
47	218	111
48	218	61
51	218	67
56	218	55
57	218	23
60	218	22
61	218	48
62	218	56
68	218	25
72	218	21
75	218	52
92	218	88
93	218	51
95	218	91
97	218	76
105	218	79
106	218	87
115	218	67
120	218	68
126	218	146
127	218	74
128	218	147
129	218	152
130	218	77
131	218	152
132	218	42
134	218	45
136	218	90
139	218	38
141	218	66
144	218	30
147	218	24
148	218	70
152	218	47
153	218	50
154	218	26
158	218	96
160	218	64
163	218	33
166	218	68
167	218	38
170	218	22
171	218	19
172	218	64
175	218	52
179	218	128
180	218	69
181	218	33
182	218	86
183	218	78
186	218	44
188	218	36
189	218	29
190	218	74
193	218	23
198	218	48
202	218	32
210	218	25
222	218	43
228	218	50
229	218	17
23	217	40
24	217	24
27	217	32
28	217	101
39	217	38
42	217	46
46	217	107
47	217	64
49	217	60
50	217	128
51	217	49
52	217	71
56	217	39
57	217	67
58	217	43
59	217	42
63	217	38
64	217	40
67	217	56
70	217	63
75	217	25
82	217	33
83	217	29
86	217	115
87	217	49
96	217	117
97	217	48
102	217	63
110	217	135
112	217	113
113	217	59
115	217	46
117	217	35
118	217	20
121	217	60
122	217	33
124	217	85
127	217	60
128	217	26
129	217	104
131	217	38
132	217	111
134	217	73
138	217	170
140	217	66
142	217	86
144	217	32
145	217	97
148	217	23
149	217	7
150	217	109
151	217	66
153	217	134
154	217	208
155	217	110
156	217	45
161	217	82
164	217	22
165	217	34
168	217	15
170	217	12
177	217	44
178	217	115
180	217	50
182	217	51
185	217	52
187	217	151
189	217	36
197	217	57
198	217	40
206	217	93
208	217	67
209	217	56
210	217	61
211	217	24
228	217	69
236	217	90
245	217	52
20	216	82
22	216	22
25	216	87
28	216	40
29	216	103
32	216	61
35	216	47
36	216	112
37	216	71
38	216	112
39	216	53
40	216	42
42	216	20
43	216	60
47	216	31
48	216	79
58	216	121
59	216	48
60	216	127
61	216	102
62	216	35
63	216	53
74	216	51
75	216	79
77	216	84
81	216	40
82	216	61
90	216	48
97	216	20
102	216	52
104	216	33
105	216	59
106	216	69
107	216	36
110	216	60
111	216	80
114	216	73
115	216	52
116	216	109
119	216	7
121	216	69
122	216	218
123	216	73
124	216	71
126	216	10
127	216	104
128	216	25
129	216	29
131	216	62
132	216	91
134	216	19
137	216	27
138	216	24
140	216	121
141	216	106
142	216	126
146	216	41
147	216	192
148	216	65
149	216	49
151	216	110
155	216	43
159	216	50
161	216	116
167	216	57
168	216	26
171	216	78
172	216	22
173	216	177
176	216	82
181	216	49
182	216	34
186	216	18
188	216	43
192	216	72
194	216	65
195	216	54
196	216	44
198	216	26
205	216	42
207	216	76
211	216	22
212	216	7
221	216	35
226	216	69
230	216	88
235	216	26
245	216	49
18	215	49
19	215	56
21	215	51
26	215	109
28	215	77
30	215	24
35	215	32
36	215	79
42	215	56
43	215	49
48	215	51
50	215	49
66	215	53
67	215	65
68	215	39
69	215	45
73	215	60
74	215	21
86	215	77
95	215	66
101	215	41
102	215	65
106	215	36
108	215	92
110	215	60
112	215	73
113	215	51
114	215	34
115	215	103
117	215	91
119	215	21
120	215	91
122	215	62
127	215	17
131	215	134
132	215	37
133	215	83
134	215	10
135	215	92
136	215	136
137	215	116
140	215	184
141	215	32
142	215	69
143	215	42
146	215	139
147	215	65
148	215	90
150	215	185
151	215	84
152	215	123
155	215	35
157	215	80
159	215	37
162	215	57
163	215	19
164	215	128
166	215	128
167	215	48
169	215	52
170	215	127
171	215	51
173	215	134
174	215	33
175	215	62
176	215	78
177	215	62
178	215	45
179	215	77
180	215	106
182	215	144
185	215	90
196	215	27
209	215	51
230	215	25
244	215	92
17	214	47
19	214	125
20	214	26
21	214	27
26	214	24
28	214	55
29	214	44
31	214	49
33	214	49
34	214	59
36	214	23
39	214	43
41	214	89
42	214	36
43	214	100
46	214	101
48	214	27
50	214	65
53	214	13
56	214	30
57	214	125
58	214	69
60	214	8
63	214	41
65	214	39
66	214	60
67	214	47
68	214	161
69	214	113
70	214	52
71	214	49
72	214	81
73	214	92
74	214	59
75	214	95
76	214	64
80	214	81
81	214	68
83	214	62
89	214	76
90	214	37
98	214	49
100	214	73
102	214	48
107	214	94
111	214	100
114	214	66
115	214	87
116	214	59
119	214	91
120	214	133
121	214	50
124	214	57
126	214	189
128	214	54
129	214	108
130	214	129
135	214	80
136	214	122
139	214	57
140	214	27
141	214	53
143	214	49
146	214	106
148	214	87
149	214	109
150	214	22
151	214	38
152	214	131
153	214	47
154	214	48
155	214	134
158	214	37
163	214	148
164	214	71
165	214	94
166	214	52
169	214	50
171	214	55
172	214	62
173	214	36
174	214	23
177	214	58
178	214	112
179	214	85
184	214	52
194	214	103
195	214	66
199	214	44
204	214	74
206	214	79
207	214	52
211	214	52
215	214	94
218	214	57
228	214	62
234	214	86
235	214	30
27	213	56
29	213	29
31	213	86
32	213	66
38	213	116
40	213	123
41	213	62
42	213	80
44	213	46
45	213	68
50	213	150
51	213	44
52	213	39
53	213	74
54	213	82
61	213	70
66	213	73
67	213	38
71	213	21
72	213	42
80	213	22
87	213	30
96	213	65
100	213	17
101	213	55
102	213	55
104	213	31
105	213	90
108	213	7
110	213	94
111	213	53
112	213	37
114	213	51
117	213	156
118	213	40
119	213	41
120	213	32
127	213	137
128	213	95
129	213	155
130	213	59
133	213	49
134	213	171
136	213	74
137	213	66
138	213	4
139	213	98
140	213	201
142	213	125
143	213	117
148	213	66
151	213	30
152	213	104
156	213	112
157	213	112
165	213	84
166	213	57
174	213	102
176	213	64
177	213	129
180	213	63
182	213	32
184	213	54
185	213	19
187	213	65
191	213	57
194	213	32
206	213	30
208	213	89
244	213	15
21	212	75
24	212	56
29	212	44
30	212	31
32	212	45
33	212	74
34	212	48
35	212	35
38	212	53
41	212	59
42	212	80
43	212	23
48	212	100
51	212	92
53	212	29
56	212	113
62	212	91
64	212	27
75	212	79
78	212	27
79	212	107
84	212	68
85	212	45
88	212	45
89	212	35
96	212	40
98	212	62
100	212	51
101	212	57
103	212	63
104	212	41
105	212	67
107	212	100
111	212	161
112	212	125
117	212	125
119	212	66
120	212	71
122	212	78
125	212	63
126	212	134
129	212	45
130	212	181
131	212	53
132	212	67
133	212	22
137	212	92
138	212	57
139	212	13
140	212	164
141	212	52
145	212	54
147	212	4
148	212	40
151	212	51
152	212	96
155	212	38
156	212	51
157	212	37
158	212	71
164	212	162
165	212	62
166	212	51
167	212	56
173	212	20
174	212	62
175	212	61
176	212	49
177	212	59
185	212	73
187	212	76
188	212	61
189	212	33
190	212	19
192	212	85
199	212	16
204	212	14
207	212	24
208	212	46
210	212	23
223	212	47
240	212	45
17	211	43
18	211	27
19	211	60
21	211	114
22	211	42
23	211	77
24	211	109
26	211	22
29	211	28
30	211	25
33	211	47
34	211	92
35	211	117
37	211	36
40	211	169
41	211	58
43	211	14
44	211	25
46	211	53
47	211	77
52	211	49
53	211	60
55	211	60
59	211	64
60	211	44
61	211	71
63	211	31
64	211	46
65	211	103
67	211	44
70	211	52
71	211	33
75	211	40
78	211	54
88	211	10
93	211	16
95	211	74
103	211	27
106	211	78
111	211	22
115	211	45
119	211	65
121	211	57
123	211	98
127	211	39
128	211	79
129	211	89
130	211	102
131	211	150
132	211	71
134	211	98
135	211	151
136	211	191
137	211	65
138	211	35
139	211	79
140	211	37
141	211	45
143	211	84
144	211	129
145	211	76
146	211	30
147	211	25
148	211	40
150	211	126
152	211	100
155	211	58
156	211	90
162	211	62
165	211	108
166	211	23
169	211	56
172	211	65
173	211	34
174	211	72
175	211	62
179	211	39
183	211	125
184	211	51
187	211	108
188	211	28
195	211	6
197	211	35
219	211	46
229	211	86
241	211	52
247	211	22
13	210	67
17	210	66
21	210	10
22	210	62
23	210	57
29	210	49
30	210	79
32	210	31
33	210	267
35	210	59
36	210	70
37	210	170
40	210	52
41	210	65
43	210	88
47	210	71
49	210	90
54	210	68
55	210	27
58	210	22
59	210	53
61	210	30
62	210	42
63	210	24
64	210	78
66	210	54
67	210	66
70	210	67
71	210	53
73	210	39
74	210	44
80	210	34
81	210	128
85	210	59
87	210	34
88	210	53
89	210	12
98	210	45
103	210	89
104	210	74
108	210	78
111	210	25
115	210	28
123	210	80
129	210	66
131	210	119
132	210	73
133	210	90
134	210	66
135	210	50
136	210	117
137	210	64
139	210	49
140	210	34
141	210	65
142	210	20
143	210	33
147	210	118
148	210	38
149	210	97
150	210	31
153	210	22
154	210	182
164	210	87
166	210	134
167	210	46
168	210	55
170	210	56
171	210	40
172	210	95
173	210	63
174	210	107
175	210	75
178	210	91
182	210	98
183	210	21
188	210	92
189	210	103
192	210	117
194	210	70
199	210	34
201	210	34
210	210	39
211	210	25
212	210	57
219	210	64
227	210	49
229	210	47
231	210	67
17	209	74
19	209	38
20	209	97
# chipNumber: 4
# chipName:   G 10 W69
# numHits:    6
218	254	4
8	198	104
8	197	132
9	196	56
160	176	6
20	162	72
# chipNumber: 5
# chipName:   D 9 W69
# numHits:    0
# chipNumber: 6
# chipName:   L 8 W69
# numHits:    3
166	233	11810
26	231	9
234	203	11810
