## [General]
## runNumber:        240
## runTime:       	 0
## runTimeFrames: 	 1
## pathName:         data/runs/Run_240_181021-14-54
## dateTime:         2018-10-21.14:56:37
## numChips:         7
## shutterTime:      30
## shutterMode:      verylong
## runMode:          0
## fastClock:        0
## externalTrigger:  0
## [Event]
## eventNumber:      63
## useHvFadc:    	 1
## fadcReadout:    	 0
## szint1ClockInt:	 0
## szint2ClockInt:	 0
## fadcTriggerClock: -1
# chipNumber: 0
# chipName:   E 6 W69
# numHits:    0
# chipNumber: 1
# chipName:   K 6 W69
# numHits:    0
# chipNumber: 2
# chipName:   H 9 W69
# numHits:    281
221	239	80
224	238	53
235	238	47
233	235	49
247	233	2
213	232	59
209	229	22
235	224	23
238	224	53
237	222	15
225	221	23
236	221	69
180	217	55
215	217	36
227	216	45
228	215	38
201	214	50
219	214	39
201	213	35
170	210	25
172	210	61
224	210	47
170	209	97
213	208	92
152	204	55
31	203	48
173	203	65
212	203	46
172	202	36
179	202	36
143	201	29
34	200	84
42	200	22
143	200	45
152	199	57
154	199	54
151	198	46
154	198	39
190	196	38
143	194	46
147	194	7
127	193	34
128	193	70
148	193	73
160	193	25
182	192	39
26	191	14
171	190	86
182	190	43
33	189	13
161	189	49
173	189	97
198	189	42
120	188	66
163	188	81
190	188	67
15	187	46
161	187	34
165	187	49
187	186	22
189	186	17
36	184	45
156	184	59
171	183	70
31	182	39
130	182	33
170	182	62
20	181	22
46	181	49
111	179	30
111	178	62
135	178	98
140	178	20
145	178	34
26	177	41
143	177	24
147	177	54
188	177	19
189	177	14
133	176	45
26	175	49
39	175	25
76	175	49
135	175	80
155	175	51
24	173	44
130	173	79
133	173	17
134	173	25
143	173	43
152	173	33
153	173	75
158	173	40
189	173	28
54	172	44
61	172	37
133	172	87
134	172	25
55	171	46
112	171	54
122	171	97
143	171	63
27	170	51
112	170	30
134	170	67
150	170	43
161	170	29
87	169	75
177	169	64
190	169	34
27	168	63
113	168	60
173	168	53
175	168	28
181	168	42
53	167	49
144	167	101
154	167	40
181	167	52
120	166	34
192	166	25
107	165	67
137	165	72
175	165	38
181	165	82
38	164	70
135	164	17
145	164	25
168	163	25
151	162	60
168	162	46
179	162	47
183	162	56
126	161	43
146	161	83
21	160	52
51	160	31
52	160	48
138	160	71
146	160	89
113	159	80
146	159	14
172	159	62
145	158	47
180	158	34
32	157	40
98	157	43
147	157	28
174	157	24
180	157	37
210	157	110
32	156	59
100	156	57
174	156	100
39	155	68
140	155	42
83	154	58
99	154	50
102	154	29
140	154	78
158	154	50
35	153	50
36	153	27
37	153	42
143	153	56
148	153	56
100	152	71
137	152	55
177	152	25
192	152	32
98	151	59
157	151	42
163	151	62
169	151	76
191	151	65
178	150	52
115	149	29
122	149	14
173	149	90
209	149	20
89	148	32
132	148	43
189	148	36
129	147	73
142	147	32
156	147	54
169	147	34
178	147	23
180	147	20
191	146	50
115	145	65
132	144	59
140	144	73
141	144	15
154	144	47
179	144	35
237	144	45
150	143	62
53	142	60
102	142	38
131	142	28
133	142	24
154	142	42
196	142	57
212	142	31
113	141	22
188	141	34
189	141	32
198	141	79
75	140	38
198	140	36
150	139	69
160	139	30
178	139	57
61	138	45
107	138	27
111	138	47
114	138	13
117	138	60
173	138	71
178	138	31
187	138	45
69	137	67
134	137	18
152	137	80
198	137	75
199	137	57
200	137	77
92	136	54
180	136	31
100	135	48
155	135	37
150	131	18
188	130	103
120	129	67
90	128	88
62	127	68
61	126	96
128	126	32
166	126	81
53	125	64
90	125	55
111	125	30
59	124	37
92	124	57
210	123	62
45	122	66
60	122	41
61	122	16
61	121	83
44	120	54
58	119	51
100	118	61
38	117	33
30	116	46
31	116	63
60	115	20
44	112	15
71	111	34
75	109	35
49	108	51
66	108	52
44	107	20
49	107	77
56	107	29
66	107	68
76	106	27
46	104	39
77	103	63
76	102	58
28	100	73
11	99	30
19	94	33
36	94	57
19	89	79
46	83	31
33	77	28
32	76	10
35	76	60
22	70	34
15	66	45
# chipNumber: 3
# chipName:   H 10 W69
# numHits:    120
42	161	70
43	161	50
150	160	52
26	159	67
59	157	46
67	157	38
105	148	70
20	146	83
103	146	45
80	145	22
81	145	66
82	145	76
32	143	82
75	136	44
119	135	26
151	135	35
41	134	26
18	132	72
55	132	40
122	132	49
24	129	60
40	129	54
110	129	91
103	128	70
104	128	85
78	127	55
181	126	67
223	126	54
84	125	81
99	124	14
108	124	59
222	124	104
223	124	57
48	123	53
15	119	73
61	119	36
93	119	48
187	119	61
188	119	64
16	118	68
18	118	51
21	118	64
93	118	53
19	117	41
33	117	74
161	117	88
208	117	50
205	116	18
20	115	52
32	113	38
187	113	31
189	113	76
121	111	106
185	111	22
190	110	63
209	110	47
191	109	62
191	108	20
241	108	37
243	108	33
159	107	52
182	107	39
243	107	22
234	106	63
181	105	33
239	104	21
175	102	40
205	101	48
208	101	64
238	101	71
240	101	38
94	98	64
231	92	34
220	91	44
212	82	54
209	81	81
220	65	75
218	63	100
219	63	79
111	52	47
197	44	47
166	43	48
166	41	73
179	41	46
201	39	51
206	36	43
156	34	15
157	34	42
229	34	47
36	33	38
214	31	28
215	30	61
121	28	31
151	28	91
168	26	30
45	25	60
44	24	52
218	24	54
36	22	29
117	21	40
195	21	57
61	20	55
154	20	36
154	19	41
204	19	56
170	16	80
37	15	55
99	15	47
156	15	36
212	14	46
144	13	61
174	13	64
56	12	19
38	11	64
24	10	39
120	10	38
75	9	26
142	6	43
164	6	35
142	5	83
# chipNumber: 4
# chipName:   G 10 W69
# numHits:    307
248	131	42
43	130	43
36	129	32
9	124	56
17	123	76
243	121	65
245	121	26
233	119	21
185	118	74
8	117	60
12	117	59
235	117	64
209	116	60
206	114	81
166	113	62
206	113	33
241	112	68
245	112	82
197	111	32
139	110	30
140	110	67
152	110	26
17	108	75
22	108	58
24	108	62
56	108	92
213	108	44
90	107	50
170	107	34
189	107	22
222	107	67
237	107	67
61	106	42
171	105	74
226	105	46
16	104	30
61	104	46
180	104	46
174	103	26
157	102	68
239	102	45
82	101	96
83	101	40
24	100	55
59	100	11
171	100	87
173	100	62
175	100	92
97	99	33
101	99	52
176	99	37
232	99	76
27	98	52
49	98	83
99	98	37
100	98	20
140	98	52
211	98	24
30	97	65
35	97	59
97	97	23
100	97	46
139	97	29
150	96	38
185	96	88
175	95	34
237	95	29
246	95	30
147	94	52
154	94	62
169	94	125
208	94	48
101	93	74
103	93	32
187	93	75
224	93	47
9	92	27
64	92	70
93	92	18
158	92	52
162	92	31
168	92	31
36	91	64
93	91	84
37	90	26
156	90	60
186	90	112
195	90	27
66	89	57
154	89	49
169	89	62
211	89	86
11	88	21
108	88	124
98	87	68
108	87	34
157	87	46
46	86	27
111	86	60
136	86	44
140	86	60
142	86	51
155	86	85
218	86	21
61	85	47
80	85	23
122	85	39
182	85	48
184	85	85
35	84	50
104	84	67
180	84	42
194	84	37
227	84	79
30	83	70
88	83	50
163	83	54
233	83	46
106	82	44
188	82	25
195	82	35
48	81	53
88	81	60
89	81	66
97	81	53
111	81	42
145	81	84
12	80	65
13	80	18
109	80	56
110	80	21
158	80	34
170	80	72
179	80	28
182	80	41
64	79	57
180	79	91
245	79	29
82	78	60
176	78	29
188	78	26
190	78	59
56	77	67
87	77	41
99	77	45
167	77	59
12	76	78
75	76	54
101	76	88
188	76	38
24	75	101
25	75	42
81	75	28
98	75	60
203	75	31
24	74	61
54	74	70
64	74	54
141	74	30
188	74	38
199	74	50
202	74	57
64	73	85
123	73	67
128	73	34
138	73	38
140	73	46
163	73	64
73	72	66
105	72	34
125	72	74
138	72	22
85	71	64
92	71	57
93	71	59
103	71	43
217	71	46
74	70	63
91	70	85
92	70	40
237	70	74
64	69	94
77	69	75
92	69	52
180	69	38
43	68	37
65	68	53
88	68	38
101	68	55
111	68	33
167	68	58
178	68	46
179	68	94
217	68	51
61	67	42
64	67	57
65	67	90
71	67	83
161	67	68
179	67	42
46	66	58
95	66	42
102	66	73
167	66	28
55	65	56
67	65	52
92	65	60
198	65	39
63	64	58
67	64	57
90	64	19
93	64	49
111	64	51
198	64	55
24	62	82
59	62	49
95	62	47
97	62	54
108	62	37
80	61	67
89	61	83
171	61	43
228	61	91
38	60	88
58	60	57
67	59	83
161	59	74
173	59	49
100	58	77
199	58	46
213	58	50
227	58	79
228	58	51
229	58	69
111	57	20
112	57	72
63	56	34
91	56	81
212	56	40
55	55	34
36	54	47
207	54	75
37	53	62
103	53	59
204	53	62
205	53	29
226	53	68
247	53	51
62	52	63
65	52	14
92	52	48
99	52	52
192	52	39
62	51	42
68	51	47
196	51	83
16	50	62
78	50	89
162	50	40
13	49	48
40	49	37
67	49	29
104	49	37
235	49	87
92	48	65
247	48	32
195	47	56
220	47	50
82	46	38
83	46	49
98	46	37
99	46	75
222	46	56
245	46	29
229	45	51
192	44	31
211	44	32
128	43	22
182	43	74
93	42	43
102	42	57
100	41	48
182	41	56
223	41	86
224	41	41
237	41	37
243	41	46
60	39	61
200	39	58
223	39	41
21	38	40
232	38	46
233	38	61
155	37	48
232	37	26
20	36	63
246	36	55
224	35	18
192	34	46
236	32	57
12	31	34
235	31	48
29	24	70
60	24	71
217	22	19
245	19	61
225	17	54
# chipNumber: 5
# chipName:   D 9 W69
# numHits:    97
228	167	49
232	167	16
208	155	32
167	144	48
201	143	38
177	141	27
198	140	22
194	137	59
158	136	38
168	136	39
164	133	19
155	131	46
163	131	25
173	131	29
149	128	44
152	128	66
183	128	25
179	125	26
199	125	24
165	124	39
166	124	43
179	124	25
165	123	52
170	121	37
216	120	38
156	118	37
176	118	40
180	118	22
152	117	27
175	117	28
183	116	12
160	114	19
161	113	26
169	113	76
166	112	34
175	112	59
141	111	59
167	111	16
148	109	43
145	105	67
162	103	24
129	94	22
169	93	14
95	91	16
101	91	24
135	80	25
80	78	40
81	78	70
117	78	13
110	77	25
111	75	16
95	72	12
72	67	40
66	65	16
108	65	31
65	63	25
85	63	28
86	63	83
86	58	29
91	56	13
29	52	39
60	51	31
65	51	56
24	46	46
42	46	22
27	45	21
41	45	49
47	44	35
56	44	13
28	42	16
38	40	45
41	38	8
25	37	17
31	37	74
39	31	16
31	28	24
40	28	35
32	27	45
71	27	19
55	26	26
23	24	36
28	24	23
28	23	72
46	23	20
79	23	38
46	22	82
84	21	26
13	19	51
32	16	59
32	15	38
43	15	32
51	14	15
52	14	42
16	12	19
89	11	17
31	9	17
28	5	45
# chipNumber: 6
# chipName:   L 8 W69
# numHits:    16
75	240	17
166	233	11810
22	232	20
73	230	40
26	228	29
45	228	30
58	224	20
39	223	61
44	217	41
60	212	62
25	211	19
37	209	16
44	205	42
37	203	49
38	203	17
234	203	11810
