## [General]
## runNumber:        240
## runTime:       	 0
## runTimeFrames: 	 1
## pathName:         data/runs/Run_240_181021-14-54
## dateTime:         2018-10-21.15:25:29
## numChips:         7
## shutterTime:      30
## shutterMode:      verylong
## runMode:          0
## fastClock:        0
## externalTrigger:  0
## [Event]
## eventNumber:      802
## useHvFadc:    	 1
## fadcReadout:    	 0
## szint1ClockInt:	 0
## szint2ClockInt:	 0
## fadcTriggerClock: -1
# chipNumber: 0
# chipName:   E 6 W69
# numHits:    226
210	244	58
211	244	22
220	244	57
147	240	76
235	240	56
203	239	25
218	239	44
212	238	29
227	238	54
230	238	59
245	237	36
228	236	18
225	233	68
140	231	33
214	231	23
218	231	40
230	231	74
228	230	23
231	230	70
218	229	48
223	229	34
223	228	23
224	228	14
241	227	43
143	226	54
229	226	15
223	225	46
240	225	47
232	224	18
221	223	30
232	222	23
193	221	52
220	221	7
238	221	54
138	220	47
241	218	43
231	217	41
242	215	61
141	214	46
221	214	42
202	212	52
238	204	57
224	202	39
226	200	78
228	200	107
236	200	33
199	199	26
179	198	48
189	196	37
245	196	58
202	192	5
204	192	54
108	191	36
103	190	12
105	190	72
117	190	45
100	188	52
216	186	63
222	186	17
103	185	65
222	185	44
78	183	43
80	183	50
84	182	70
85	182	40
89	182	24
90	182	63
243	182	40
85	181	43
93	180	18
81	179	62
82	179	63
84	179	89
89	179	37
81	178	28
82	178	24
211	178	93
73	177	37
83	177	77
101	177	29
111	177	28
83	176	54
84	176	48
87	176	67
227	176	32
83	175	59
84	175	27
91	175	44
96	175	28
191	175	56
86	174	42
88	173	79
97	173	25
85	172	22
89	172	70
220	172	43
226	172	56
80	171	63
82	171	44
83	171	42
84	171	56
97	171	46
78	170	47
79	170	17
83	170	54
90	170	44
88	169	43
89	169	17
210	168	54
72	167	43
89	167	44
92	167	17
211	167	92
78	166	45
82	166	42
79	164	35
84	163	73
64	162	60
78	162	23
86	162	35
92	161	59
78	160	19
79	160	47
76	159	110
96	159	33
244	159	65
74	157	53
215	155	30
63	154	36
64	153	34
74	153	46
84	152	27
226	152	59
220	151	49
52	150	37
66	149	14
59	147	16
59	144	48
61	144	52
62	144	41
215	144	49
53	143	42
55	143	22
63	143	44
200	143	38
194	139	41
59	138	35
193	137	59
15	136	61
218	136	39
187	134	48
41	132	22
214	129	49
194	127	13
247	125	66
34	123	18
182	117	13
207	114	31
17	110	49
22	110	12
228	110	57
32	107	36
195	104	56
218	103	58
37	100	38
236	96	49
240	95	54
192	94	9
209	93	46
223	92	40
26	91	52
17	90	21
198	90	57
210	86	60
204	82	58
210	81	22
214	81	24
188	80	34
212	80	37
208	78	46
210	78	73
215	78	58
220	78	16
208	74	57
212	74	27
171	71	22
220	70	41
230	70	49
230	68	40
233	67	55
241	67	30
197	66	49
210	66	40
194	65	54
196	64	25
217	64	51
178	62	48
205	62	37
211	62	33
208	59	41
203	54	66
211	54	51
214	53	62
183	51	21
237	50	60
191	48	29
196	45	17
202	45	37
213	44	66
201	41	48
172	40	44
195	40	71
219	38	23
204	31	25
206	30	54
189	29	49
208	25	18
229	23	65
231	23	43
203	17	46
214	17	39
191	16	51
213	15	31
197	7	65
198	7	53
213	4	34
# chipNumber: 1
# chipName:   K 6 W69
# numHits:    1
18	227	48
# chipNumber: 2
# chipName:   H 9 W69
# numHits:    0
# chipNumber: 3
# chipName:   H 10 W69
# numHits:    54
158	240	46
136	237	81
140	236	36
158	236	67
123	234	20
125	234	45
159	232	52
127	230	34
126	229	47
135	228	39
137	228	44
154	226	12
137	225	34
92	220	82
148	218	32
81	215	60
144	210	72
136	200	57
148	193	52
161	192	65
133	176	25
120	164	29
145	162	67
146	161	82
134	153	35
132	149	37
115	136	38
145	131	30
123	129	41
115	125	45
110	102	80
140	100	84
135	96	46
150	90	62
137	86	38
127	79	52
108	78	69
125	78	25
134	70	46
119	52	61
123	52	79
103	51	65
115	49	78
120	45	23
105	40	48
101	37	74
159	35	52
124	29	139
117	28	16
112	25	58
113	20	58
114	20	59
128	14	47
122	12	50
# chipNumber: 4
# chipName:   G 10 W69
# numHits:    2
137	237	3
129	152	7
# chipNumber: 5
# chipName:   D 9 W69
# numHits:    55
218	54	21
210	52	46
222	49	18
214	48	20
212	47	19
245	46	25
216	43	32
201	42	45
68	41	29
235	40	44
203	39	29
215	38	102
219	35	20
158	33	33
208	33	17
218	33	24
207	32	77
211	32	12
218	32	21
206	31	31
119	30	25
160	30	22
186	30	18
208	29	39
112	28	44
121	28	21
154	28	34
160	28	45
197	28	68
121	27	10
131	27	46
161	26	34
86	23	30
145	22	41
147	22	30
27	21	37
113	21	102
59	18	54
73	18	42
74	17	24
156	17	22
155	16	55
164	15	28
29	12	48
77	12	29
100	12	42
61	10	53
132	10	17
144	10	29
91	9	45
158	9	16
86	8	29
105	8	32
60	6	60
42	4	44
# chipNumber: 6
# chipName:   L 8 W69
# numHits:    62
15	238	23
166	233	11810
32	222	40
33	222	33
23	215	22
234	203	11810
71	188	26
48	176	12
57	176	22
58	165	40
53	152	34
78	152	23
71	143	87
39	138	30
17	137	19
62	135	31
46	134	20
47	131	41
56	130	10
47	128	16
57	127	10
47	125	34
80	118	20
101	118	19
25	117	25
31	112	22
32	112	40
34	112	32
89	103	29
111	98	18
57	97	26
78	93	39
87	87	13
86	82	41
66	79	16
104	76	43
123	73	29
105	70	43
96	64	9
19	56	36
20	56	9
90	55	62
103	55	33
94	54	12
106	49	40
95	44	36
116	44	16
117	44	20
101	43	7
105	41	20
88	39	47
93	38	43
98	37	40
115	36	28
75	32	54
118	32	34
92	29	32
90	28	31
91	28	22
73	16	33
92	12	28
83	10	33
