64 235 54 
35 234 64 
42 234 54 
43 234 36 
66 230 18 
71 225 62 
61 224 57 
61 222 32 
70 222 71 
70 221 19 
50 220 46 
65 220 59 
81 220 101 
65 214 86 
82 214 11 
52 213 64 
73 212 29 
75 212 70 
76 209 40 
53 208 64 
70 208 48 
70 207 76 
55 206 75 
63 206 34 
70 206 58 
72 206 30 
76 206 63 
56 204 45 
51 201 58 
65 201 57 
82 200 100 
167 200 79 
68 198 76 
57 193 19 
56 192 54 
72 192 43 
50 191 39 
53 191 31 
57 188 36 
66 188 57 
76 187 39 
57 186 96 
88 186 31 
68 185 67 
70 185 62 
69 184 51 
76 184 63 
82 182 30 
65 181 51 
72 181 73 
65 180 62 
78 180 95 
48 179 65 
75 179 2 
79 179 54 
80 179 28 
81 179 34 
69 178 40 
76 178 59 
81 178 49 
56 177 42 
62 177 19 
76 177 52 
85 177 81 
76 176 53 
77 176 34 
70 173 56 
51 172 36 
53 172 57 
59 172 15 
62 172 30 
71 172 49 
52 171 28 
71 171 42 
56 170 41 
61 170 50 
68 170 69 
75 170 106 
65 168 95 
73 168 69 
82 168 42 
92 168 41 
66 167 89 
74 167 45 
59 165 22 
76 165 28 
78 165 50 
90 165 105 
65 164 87 
79 164 37 
77 163 33 
78 163 54 
72 162 48 
82 158 73 
87 158 64 
76 157 65 
72 153 68 
82 153 37 
82 152 34 
92 152 70 
105 152 67 
59 151 105 
63 147 90 
73 147 92 
90 147 73 
66 144 55 
81 144 49 
69 143 44 
82 143 44 
83 141 94 
73 140 36 
77 139 64 
78 139 51 
98 138 54 
94 137 52 
73 135 70 
106 134 50 
78 133 66 
93 133 19 
90 132 43 
106 132 57 
106 131 10 
81 130 69 
90 129 54 
101 129 47 
92 128 7 
85 127 17 
84 126 48 
82 125 48 
82 124 163 
84 124 51 
90 124 71 
110 122 40 
70 121 63 
82 121 55 
102 121 56 
90 119 17 
70 118 64 
91 118 55 
70 117 20 
83 115 57 
84 115 57 
72 113 47 
101 113 26 
77 110 38 
91 110 48 
86 108 76 
84 107 60 
89 98 45 
115 95 74 
91 83 62 
78 80 38 
80 76 31 
99 75 70 
127 72 46 
126 71 36 
105 59 86 
108 55 47 
113 50 93 
115 50 27 
113 49 61 
84 47 28 
102 47 68 
123 45 62 
92 44 50 
120 43 78 
100 38 79 
100 37 53 
122 35 64 
119 32 48 
129 32 41 
113 31 56 
121 30 26 
119 24 66 
118 19 52 
101 17 38 
