167 200 30 
234 174 82 
239 168 42 
229 166 22 
240 160 68 
243 159 45 
219 155 35 
226 147 19 
223 145 27 
231 132 83 
221 131 50 
217 129 22 
208 128 94 
213 124 12 
215 122 111 
213 119 44 
199 118 24 
206 118 56 
213 118 78 
226 117 34 
194 116 112 
179 109 31 
172 108 56 
181 108 55 
195 108 46 
194 104 45 
206 102 59 
186 97 93 
187 97 58 
165 94 79 
167 94 44 
228 85 64 
183 82 65 
170 81 76 
196 81 34 
178 79 47 
196 78 35 
188 77 68 
195 77 27 
196 77 29 
188 76 44 
190 76 62 
169 75 97 
200 75 34 
201 75 52 
193 74 49 
194 74 43 
165 72 85 
176 60 61 
161 47 51 
147 39 60 
146 38 30 
147 38 73 
146 30 49 
160 30 47 
174 30 31 
145 28 70 
156 25 16 
160 24 33 
147 23 69 
162 21 43 
171 19 64 
142 17 28 
149 17 51 
166 15 44 
