95 230 104 
90 228 37 
104 224 15 
105 224 66 
73 217 71 
50 213 32 
143 210 48 
53 207 62 
83 204 100 
89 204 47 
83 203 66 
167 200 59 
37 197 57 
81 195 51 
57 192 57 
80 188 77 
80 186 74 
73 185 77 
79 184 79 
72 183 54 
72 182 60 
82 174 101 
39 173 37 
47 173 54 
53 171 56 
77 171 69 
47 169 64 
38 168 26 
36 166 25 
59 162 31 
88 162 87 
91 162 27 
58 161 51 
69 157 43 
69 156 39 
92 156 40 
66 152 91 
64 151 22 
53 144 70 
68 144 42 
28 142 38 
28 141 14 
29 140 75 
38 136 71 
90 135 34 
74 134 40 
76 134 46 
39 132 47 
40 132 15 
68 129 13 
89 126 97 
32 121 53 
65 121 38 
32 120 82 
78 118 62 
59 115 62 
72 115 62 
59 114 52 
99 108 83 
58 107 73 
74 107 27 
64 106 65 
67 105 43 
66 104 85 
76 104 16 
52 103 27 
65 103 15 
68 100 33 
77 100 31 
92 100 39 
68 99 55 
81 99 26 
83 99 19 
60 97 61 
26 96 34 
61 96 103 
60 95 81 
53 92 7 
94 92 70 
19 91 38 
35 91 92 
36 91 23 
35 90 55 
56 90 52 
55 89 48 
76 88 58 
58 87 31 
56 85 63 
45 84 41 
55 84 61 
74 84 96 
57 82 39 
97 82 70 
90 79 38 
82 78 48 
96 78 50 
35 77 80 
25 76 16 
69 75 87 
44 74 30 
59 73 73 
50 71 76 
47 70 41 
55 68 31 
45 67 66 
56 66 44 
34 65 72 
48 65 70 
50 65 19 
51 65 69 
55 58 54 
39 56 29 
49 55 53 
50 55 80 
62 51 55 
45 49 54 
48 47 40 
49 35 29 
28 29 62 
48 20 66 
50 6 46 
50 3 41 
