58 228 37 
61 228 34 
75 214 49 
88 214 47 
60 210 85 
67 210 47 
88 210 57 
72 203 60 
88 200 24 
167 200 26 
117 199 52 
64 195 58 
90 192 30 
93 186 79 
97 183 64 
104 183 38 
99 180 65 
109 180 62 
118 180 33 
107 177 36 
108 177 58 
87 176 48 
94 176 42 
101 176 123 
97 174 109 
115 174 34 
84 173 75 
106 173 23 
93 172 102 
98 172 22 
101 172 27 
106 172 17 
93 171 66 
88 170 31 
91 170 23 
88 169 27 
90 168 67 
110 168 85 
95 167 68 
96 167 111 
110 167 3 
117 166 75 
105 165 26 
116 165 52 
84 164 51 
91 164 10 
86 163 59 
105 163 64 
84 161 81 
84 160 35 
93 160 80 
95 159 64 
93 158 54 
94 158 14 
122 151 41 
95 149 35 
115 135 34 
106 132 59 
107 131 62 
94 130 43 
111 130 51 
115 125 85 
103 117 63 
104 117 73 
111 117 67 
117 117 43 
108 115 38 
114 112 24 
110 111 50 
102 109 47 
107 102 13 
113 100 70 
103 99 89 
116 89 48 
116 88 60 
106 76 52 
109 60 37 
116 60 14 
99 57 66 
119 57 22 
101 56 54 
106 56 34 
128 55 57 
113 54 62 
113 53 54 
112 52 29 
128 47 20 
105 44 19 
127 44 52 
110 42 67 
102 41 39 
117 39 44 
119 39 14 
120 39 59 
117 38 36 
100 37 67 
105 36 28 
141 30 83 
133 28 47 
118 26 26 
116 25 66 
124 25 69 
114 23 61 
121 22 57 
126 22 59 
87 21 49 
136 21 53 
124 20 63 
133 19 37 
84 18 86 
109 18 28 
130 18 34 
98 16 91 
117 14 39 
