144 240 25 
172 239 20 
136 236 61 
174 236 54 
145 235 55 
151 235 49 
145 234 81 
169 234 59 
160 233 94 
169 233 33 
162 232 72 
167 232 54 
170 231 56 
184 231 25 
164 230 74 
170 230 42 
184 229 45 
132 228 33 
175 226 49 
175 225 63 
167 224 54 
139 222 100 
156 222 78 
139 214 54 
135 212 54 
155 212 21 
146 208 25 
132 206 65 
137 206 78 
163 206 17 
164 206 86 
121 205 38 
147 205 59 
143 203 71 
152 203 47 
154 203 134 
155 203 47 
151 201 60 
177 201 65 
167 200 83 
132 198 73 
133 198 34 
107 197 16 
137 197 39 
145 197 45 
139 196 87 
140 196 57 
169 196 52 
115 195 20 
181 195 40 
182 195 41 
140 194 64 
144 192 12 
140 191 51 
118 190 81 
98 189 30 
106 187 77 
107 187 25 
119 185 65 
153 184 53 
93 183 55 
122 183 62 
93 182 106 
101 182 55 
113 182 56 
179 182 14 
98 181 58 
104 181 85 
118 180 127 
119 180 51 
91 179 36 
96 179 14 
107 179 41 
166 179 77 
181 179 44 
80 176 28 
87 176 65 
91 176 63 
99 176 11 
107 176 40 
110 176 93 
89 175 42 
97 175 69 
100 175 43 
109 175 128 
111 175 75 
88 174 51 
94 174 60 
97 174 26 
110 174 18 
89 173 57 
94 173 75 
95 173 82 
102 173 19 
103 173 80 
104 173 23 
109 173 57 
171 173 24 
91 172 61 
94 172 42 
95 172 62 
104 172 98 
108 172 22 
162 172 66 
90 171 55 
95 170 29 
98 170 119 
99 170 67 
111 170 70 
143 169 46 
95 168 40 
97 168 70 
103 168 75 
108 168 73 
163 168 78 
76 167 71 
81 167 51 
91 167 51 
96 167 68 
82 166 108 
96 166 54 
102 166 44 
89 165 67 
96 165 35 
98 165 24 
104 165 22 
161 165 40 
87 164 91 
95 164 59 
160 164 63 
183 164 57 
87 163 45 
89 163 28 
93 163 70 
96 163 33 
178 163 67 
75 162 37 
99 162 48 
50 160 52 
97 160 44 
70 159 28 
104 159 16 
67 158 52 
84 158 39 
89 158 60 
100 158 31 
85 157 91 
98 157 37 
163 157 49 
91 156 43 
107 156 90 
178 156 33 
55 155 24 
92 155 68 
104 155 71 
108 155 21 
106 154 18 
200 154 45 
44 153 88 
102 153 63 
198 153 69 
58 149 69 
48 148 61 
59 147 60 
170 147 24 
171 147 56 
42 146 52 
70 146 32 
171 146 77 
15 145 34 
53 144 87 
62 144 84 
52 143 34 
73 143 66 
89 143 44 
69 142 37 
38 141 49 
43 141 74 
46 141 76 
51 141 22 
64 141 50 
28 140 79 
34 140 81 
57 140 35 
187 140 45 
32 139 63 
35 139 37 
56 139 68 
33 138 19 
48 138 51 
56 138 84 
190 138 26 
43 137 50 
44 137 42 
189 137 101 
193 137 21 
32 136 52 
54 136 62 
68 136 60 
179 135 68 
58 134 38 
30 133 62 
49 133 79 
34 132 48 
35 132 44 
55 132 44 
28 131 86 
34 131 52 
28 130 44 
44 130 117 
59 130 52 
23 129 44 
46 128 30 
68 128 49 
31 127 43 
184 127 49 
37 126 7 
46 126 71 
185 126 41 
11 125 54 
46 125 56 
46 124 46 
180 124 65 
59 123 39 
61 122 67 
15 121 53 
37 120 10 
53 120 47 
20 119 60 
51 119 41 
40 118 62 
199 118 14 
200 117 24 
198 116 62 
30 115 31 
16 114 38 
24 111 68 
186 111 15 
189 111 31 
26 110 80 
27 110 91 
17 109 40 
35 109 59 
17 108 46 
27 108 51 
191 107 80 
192 107 75 
25 106 98 
205 106 37 
206 105 87 
207 105 41 
192 104 28 
201 104 38 
15 103 30 
202 103 28 
228 99 52 
191 92 51 
211 86 53 
214 83 83 
217 80 45 
214 79 39 
198 77 58 
216 77 70 
213 75 95 
234 75 32 
234 74 33 
211 72 9 
214 72 71 
218 70 106 
202 69 49 
216 68 49 
213 67 28 
233 67 43 
233 66 81 
192 65 57 
216 64 41 
223 64 42 
194 62 50 
214 62 37 
218 62 33 
196 61 24 
209 61 91 
221 61 30 
209 59 7 
231 58 56 
246 58 29 
221 57 65 
240 57 72 
199 56 98 
209 56 35 
245 56 23 
217 55 70 
217 54 62 
198 53 75 
198 52 57 
200 52 41 
196 50 29 
205 50 60 
197 49 68 
203 49 57 
221 49 85 
208 47 111 
221 47 45 
227 47 43 
241 47 37 
243 46 56 
215 45 67 
239 45 19 
216 44 42 
217 44 36 
243 43 30 
222 40 42 
234 40 20 
229 39 54 
197 38 66 
227 38 41 
197 37 69 
219 37 72 
218 36 59 
234 36 63 
229 35 65 
233 35 15 
216 33 29 
220 32 57 
216 30 54 
222 28 82 
217 26 51 
220 26 31 
223 25 71 
228 25 38 
222 24 75 
226 23 66 
231 23 21 
243 19 44 
219 15 58 
233 9 46 
234 9 37 
