246 203 19 
167 200 106 
190 174 45 
219 173 28 
207 170 31 
226 165 41 
211 164 28 
222 163 26 
204 162 80 
229 162 33 
243 161 88 
231 159 71 
217 157 37 
231 157 108 
179 156 101 
216 156 43 
179 155 53 
219 155 67 
203 152 35 
188 151 36 
220 151 14 
223 151 39 
206 148 61 
211 145 69 
213 144 30 
201 142 106 
205 142 65 
178 137 79 
226 137 36 
194 131 75 
182 130 64 
207 129 54 
202 128 51 
180 124 59 
212 124 75 
197 118 59 
203 116 49 
199 115 71 
226 113 62 
226 112 90 
212 110 46 
223 108 46 
190 107 35 
205 103 49 
174 101 71 
202 101 84 
205 100 77 
212 100 34 
200 97 47 
201 97 82 
201 96 57 
204 96 48 
205 96 75 
199 95 69 
214 93 107 
195 92 64 
172 88 48 
227 88 70 
167 86 88 
180 86 50 
226 86 84 
187 75 53 
189 74 48 
219 74 75 
189 72 75 
213 72 84 
214 72 28 
198 71 35 
213 71 33 
185 69 46 
143 63 43 
206 59 20 
193 58 52 
168 54 54 
187 52 36 
190 51 57 
167 50 79 
202 50 52 
167 49 38 
185 47 69 
176 46 47 
194 45 40 
170 43 66 
186 42 45 
184 40 84 
186 39 56 
187 38 50 
162 35 43 
166 29 52 
161 26 31 
160 21 45 
178 21 62 
151 19 41 
152 19 25 
168 19 103 
148 18 45 
147 17 78 
150 17 19 
171 15 27 
13 13 10 
171 13 77 
165 9 42 
156 8 74 
183 8 54 
