160 239 76 
169 234 62 
203 231 37 
203 230 66 
202 228 49 
173 221 58 
145 220 57 
172 211 58 
203 209 18 
188 208 58 
142 204 57 
166 203 35 
167 200 39 
177 199 57 
176 197 71 
190 195 32 
200 190 47 
155 188 33 
157 188 77 
159 188 59 
168 188 40 
178 187 36 
170 182 33 
195 182 40 
128 181 38 
167 180 51 
191 175 60 
183 171 68 
176 168 33 
185 165 41 
151 163 68 
201 158 36 
183 156 40 
210 154 72 
216 154 39 
181 151 41 
172 146 59 
202 146 60 
196 144 42 
220 143 43 
175 142 81 
180 141 83 
192 141 51 
204 141 46 
221 141 46 
191 140 48 
195 138 64 
211 138 11 
182 135 41 
187 134 44 
193 132 52 
218 132 58 
209 131 65 
216 131 74 
219 131 48 
174 130 90 
219 130 78 
180 129 74 
236 127 37 
218 123 29 
193 122 43 
194 122 76 
199 122 41 
226 121 70 
188 117 26 
194 117 48 
231 117 46 
214 116 54 
199 113 39 
203 113 58 
208 113 71 
210 112 51 
208 108 71 
186 105 35 
190 101 49 
188 99 64 
191 94 29 
226 91 31 
219 87 19 
213 84 46 
215 74 31 
193 68 69 
194 68 49 
193 67 51 
220 65 14 
223 65 49 
226 65 32 
227 63 44 
242 61 33 
225 60 73 
226 59 30 
220 56 25 
221 44 33 
222 44 29 
235 44 48 
211 43 42 
244 43 54 
221 39 59 
214 37 67 
225 31 39 
213 21 37 
211 16 45 
