118 233 73 
139 233 64 
162 231 45 
97 228 19 
138 228 70 
97 227 86 
120 226 91 
122 226 50 
126 224 22 
136 222 46 
156 221 80 
169 219 62 
166 217 46 
168 215 54 
123 210 42 
123 209 12 
155 208 35 
149 205 39 
167 200 103 
139 199 71 
110 198 92 
134 188 50 
112 186 42 
124 186 70 
139 186 15 
122 185 5 
139 185 20 
139 184 63 
139 182 23 
143 182 37 
93 179 39 
110 175 71 
120 173 38 
119 166 72 
131 155 34 
119 154 17 
113 144 68 
106 141 58 
120 141 70 
80 138 44 
92 135 70 
94 134 18 
85 130 33 
91 125 50 
79 124 54 
132 120 65 
87 118 48 
88 117 50 
89 116 53 
111 115 12 
66 111 40 
97 110 15 
104 109 85 
109 109 50 
69 105 52 
88 105 73 
99 104 46 
110 104 63 
98 99 45 
108 95 67 
103 93 46 
114 93 85 
101 91 63 
102 90 61 
100 89 106 
101 85 93 
112 82 40 
100 81 70 
108 78 72 
96 77 17 
96 76 62 
102 72 38 
103 65 60 
115 64 59 
96 61 67 
85 58 45 
93 55 58 
88 54 32 
68 53 8 
93 48 50 
30 47 72 
87 43 60 
62 41 75 
111 41 48 
126 41 22 
83 35 21 
80 32 53 
83 32 38 
85 32 52 
75 30 67 
80 30 53 
86 30 70 
90 30 70 
75 29 32 
90 29 57 
95 28 29 
90 27 60 
90 26 79 
56 25 48 
52 24 64 
96 21 62 
55 20 35 
84 18 56 
55 17 68 
85 17 39 
95 17 57 
72 16 22 
73 15 72 
74 15 19 
53 14 36 
57 14 24 
71 14 41 
72 14 56 
76 14 16 
53 13 50 
78 12 105 
78 11 64 
63 9 54 
104 8 51 
128 7 63 
43 6 45 
74 5 26 
79 2 47 
