110 232 26 
125 226 29 
124 217 80 
127 208 44 
167 200 53 
16 92 40 
68 90 77 
30 86 80 
18 85 61 
22 80 48 
19 79 36 
32 79 65 
18 77 74 
58 73 62 
48 71 71 
56 71 104 
57 70 42 
34 68 65 
57 67 73 
59 67 44 
35 65 68 
41 65 58 
34 64 62 
44 64 39 
29 63 61 
48 62 65 
60 61 69 
52 60 54 
57 58 66 
37 55 53 
37 50 21 
54 50 86 
13 49 34 
38 49 73 
63 49 30 
37 47 30 
65 47 44 
52 46 40 
35 43 29 
48 41 63 
81 41 85 
32 39 62 
74 39 78 
36 37 72 
34 34 62 
44 34 65 
24 33 34 
25 33 54 
49 33 73 
114 28 56 
40 27 52 
48 25 81 
79 25 79 
93 25 37 
107 24 60 
49 23 33 
71 22 60 
51 21 18 
52 20 62 
72 20 31 
99 15 56 
44 14 57 
59 14 41 
13 13 5 
55 12 28 
