160 242 22 
134 241 68 
159 241 75 
160 241 29 
161 241 50 
162 241 20 
121 233 61 
155 233 7 
119 232 84 
120 232 95 
130 232 60 
153 232 32 
118 231 36 
129 230 46 
141 230 71 
148 230 21 
161 229 26 
121 228 25 
140 227 33 
150 227 16 
140 224 42 
151 224 52 
114 223 47 
131 222 29 
142 222 32 
138 221 60 
141 221 63 
146 219 65 
115 214 87 
134 213 45 
139 212 49 
169 212 48 
102 207 59 
129 207 27 
125 205 41 
126 205 47 
127 204 50 
129 204 62 
134 203 35 
105 201 58 
135 201 61 
138 201 13 
167 200 52 
116 197 79 
138 197 29 
138 196 63 
142 196 42 
147 196 29 
154 196 49 
155 195 67 
122 194 48 
152 194 50 
155 194 35 
111 192 42 
139 192 100 
150 192 39 
115 191 76 
144 191 16 
134 190 56 
120 189 42 
109 185 63 
112 184 48 
118 179 62 
146 179 73 
103 178 8 
130 178 10 
130 177 102 
140 174 39 
128 172 36 
115 170 69 
103 164 88 
96 163 72 
82 162 75 
106 162 44 
105 160 65 
109 157 41 
99 155 49 
120 154 20 
91 151 87 
99 151 60 
93 143 61 
90 140 66 
94 138 71 
123 138 39 
78 136 20 
84 135 45 
97 128 81 
94 114 65 
108 110 29 
76 108 32 
58 106 52 
73 106 64 
54 105 25 
45 104 38 
84 104 75 
77 102 56 
75 101 49 
78 101 86 
55 98 59 
74 92 49 
59 91 91 
81 90 64 
83 90 43 
49 89 13 
80 87 37 
85 87 79 
80 86 67 
63 81 81 
52 80 57 
61 80 24 
21 79 34 
54 76 42 
63 75 57 
87 72 73 
45 71 75 
75 71 57 
20 69 56 
51 68 45 
60 66 86 
46 64 63 
58 64 40 
15 51 28 
19 48 37 
23 44 40 
48 40 43 
26 35 45 
30 33 67 
34 30 51 
29 20 26 
30 19 47 
31 19 76 
39 17 41 
27 15 47 
22 14 7 
48 13 47 
27 12 28 
34 11 80 
