127 240 60 
119 235 67 
149 234 57 
140 233 67 
162 232 41 
128 221 29 
147 221 28 
167 200 40 
143 191 48 
138 189 101 
140 188 22 
139 176 45 
147 172 52 
140 163 42 
153 158 86 
163 151 91 
162 150 48 
167 148 100 
169 148 37 
168 147 22 
169 147 85 
169 146 15 
182 146 32 
150 144 38 
130 142 53 
130 139 72 
157 133 35 
168 131 75 
152 115 26 
140 112 26 
145 112 62 
142 111 57 
161 111 60 
146 110 71 
109 109 49 
196 106 66 
151 98 54 
137 95 65 
109 92 10 
140 89 23 
141 89 26 
158 89 30 
159 89 73 
122 81 26 
130 75 47 
138 71 65 
140 70 82 
157 69 44 
101 56 21 
141 55 43 
170 55 60 
131 54 61 
170 54 59 
106 48 83 
140 43 141 
116 42 62 
114 35 70 
135 35 31 
122 31 25 
148 31 67 
150 31 52 
152 31 49 
123 25 63 
96 8 48 
