179 237 46 
205 234 30 
214 233 39 
213 232 63 
214 232 62 
213 231 50 
153 227 52 
167 225 92 
166 210 89 
165 206 38 
171 204 46 
212 204 84 
183 203 51 
148 202 52 
172 202 83 
113 201 55 
162 201 50 
187 201 53 
145 200 93 
167 200 62 
113 199 69 
173 199 60 
173 195 54 
145 193 7 
148 193 52 
142 190 46 
145 190 55 
157 187 40 
128 185 70 
148 184 85 
162 184 74 
147 183 42 
181 183 45 
138 182 44 
154 182 57 
155 182 136 
168 182 28 
137 181 46 
120 180 67 
121 179 77 
156 179 71 
160 179 56 
161 178 71 
166 178 69 
187 178 68 
110 177 46 
121 177 43 
142 177 32 
166 177 57 
170 177 76 
115 176 85 
180 176 62 
123 175 27 
133 174 83 
134 174 44 
146 174 42 
171 174 46 
172 174 59 
155 173 22 
167 173 75 
134 172 26 
144 171 49 
119 170 3 
138 170 37 
140 169 51 
154 169 49 
151 167 45 
136 166 43 
146 166 57 
118 163 21 
129 163 13 
172 163 54 
121 162 98 
125 162 29 
133 162 36 
169 162 95 
118 159 67 
141 159 75 
171 159 22 
122 156 70 
142 156 61 
155 156 60 
156 156 42 
142 155 75 
145 155 75 
102 154 62 
107 154 87 
95 153 100 
125 151 68 
145 151 87 
117 150 72 
110 149 70 
106 148 41 
100 147 65 
117 147 67 
146 147 41 
148 147 81 
112 146 92 
131 146 74 
127 145 90 
141 144 26 
117 142 68 
158 142 33 
79 141 66 
157 141 37 
102 140 34 
157 140 49 
105 139 56 
120 138 25 
127 138 46 
115 136 51 
122 134 38 
116 133 42 
122 131 54 
97 130 37 
104 130 41 
108 129 95 
111 129 51 
109 128 42 
104 126 50 
106 126 67 
122 126 40 
122 125 70 
127 125 44 
147 125 23 
86 124 48 
92 124 89 
122 124 82 
79 123 83 
88 123 25 
96 123 31 
98 123 48 
86 122 49 
101 122 61 
102 122 120 
83 121 48 
84 121 44 
92 121 13 
105 120 44 
120 120 33 
115 119 15 
128 119 41 
120 117 38 
123 116 66 
110 115 36 
115 115 75 
95 114 67 
112 113 58 
78 112 75 
110 112 71 
80 111 73 
126 111 64 
110 110 55 
110 109 39 
107 108 28 
63 107 42 
110 107 23 
116 107 47 
126 107 39 
119 105 62 
101 101 40 
60 100 87 
61 100 65 
73 99 64 
83 99 13 
91 99 36 
75 98 27 
100 98 35 
92 97 28 
93 97 29 
102 97 24 
120 97 75 
65 95 76 
89 95 104 
85 94 36 
83 91 43 
73 90 14 
71 89 60 
83 89 22 
91 88 18 
63 86 30 
75 86 38 
97 86 17 
99 86 41 
72 85 63 
73 85 54 
91 85 49 
85 84 45 
61 83 39 
70 83 53 
95 83 60 
98 83 56 
66 82 26 
87 82 34 
101 81 40 
68 80 51 
83 80 40 
93 80 55 
98 80 87 
78 79 57 
79 79 94 
83 79 49 
92 79 63 
70 78 30 
71 78 26 
71 77 31 
95 77 59 
47 76 58 
60 76 35 
64 76 40 
67 76 63 
72 76 56 
115 75 24 
90 74 66 
76 73 23 
82 73 54 
44 72 51 
56 72 128 
68 72 44 
69 72 85 
71 72 35 
86 72 39 
69 71 51 
79 71 54 
76 70 38 
79 70 40 
92 70 66 
47 69 23 
53 69 33 
72 69 37 
73 69 68 
80 69 54 
104 69 36 
41 68 3 
58 68 26 
75 68 81 
81 68 31 
51 67 81 
60 67 40 
62 67 26 
71 67 79 
50 66 55 
37 65 57 
44 65 36 
63 65 61 
66 65 87 
85 65 57 
61 64 107 
70 64 70 
90 64 68 
120 64 47 
57 63 36 
77 63 71 
78 63 29 
44 62 61 
60 62 44 
62 62 46 
65 62 18 
47 61 82 
51 61 53 
62 61 46 
73 61 42 
74 61 63 
88 61 31 
100 61 59 
110 61 2 
62 59 29 
64 59 37 
66 59 30 
87 59 62 
62 58 106 
66 58 68 
72 58 76 
75 58 42 
112 58 77 
61 57 40 
63 57 123 
72 57 23 
74 57 45 
89 57 19 
67 56 48 
71 56 23 
79 56 38 
88 56 62 
89 56 46 
90 56 9 
64 55 76 
69 55 56 
74 55 51 
77 55 7 
79 55 72 
90 55 112 
95 55 39 
61 54 43 
81 54 94 
85 54 38 
86 54 54 
88 54 105 
39 53 29 
58 53 39 
62 53 96 
63 53 68 
65 53 50 
66 53 31 
69 53 31 
78 53 73 
84 53 63 
86 53 5 
88 53 35 
58 52 49 
63 52 88 
67 52 27 
79 52 25 
82 52 68 
87 52 34 
88 52 54 
93 52 48 
100 52 18 
62 51 60 
63 51 45 
70 51 64 
80 51 33 
94 51 82 
79 50 46 
95 50 82 
63 49 35 
65 49 100 
71 49 57 
76 49 11 
81 49 97 
84 49 57 
86 49 53 
88 49 20 
53 48 47 
72 48 43 
77 48 62 
87 48 50 
89 48 62 
55 47 44 
71 47 26 
86 47 40 
102 47 74 
76 46 32 
81 46 25 
61 45 103 
62 45 55 
63 45 63 
66 45 58 
71 45 53 
73 45 77 
77 45 39 
78 45 37 
82 45 80 
86 45 61 
93 45 22 
75 44 39 
98 44 31 
99 44 75 
100 44 21 
101 44 22 
50 43 51 
68 43 41 
96 43 78 
59 42 47 
76 42 34 
83 42 29 
90 42 40 
100 42 17 
68 41 63 
70 41 38 
84 41 61 
85 41 29 
105 41 56 
60 40 62 
102 40 73 
105 40 44 
109 40 80 
70 39 4 
72 39 47 
73 39 43 
83 39 29 
52 38 51 
65 38 13 
103 38 73 
53 37 27 
60 37 129 
64 37 32 
94 37 37 
52 36 51 
61 36 49 
70 36 28 
79 36 28 
83 36 46 
90 36 91 
49 35 55 
64 35 81 
79 35 58 
81 35 42 
84 35 64 
85 35 43 
93 35 24 
48 34 35 
53 34 22 
54 34 57 
80 34 40 
89 34 66 
120 34 29 
59 33 57 
66 33 41 
72 33 62 
84 33 24 
94 33 118 
109 33 66 
79 32 83 
80 32 73 
97 32 38 
53 31 78 
70 31 70 
69 30 18 
93 30 31 
94 30 41 
78 29 40 
84 29 40 
89 29 30 
90 29 34 
65 28 28 
68 28 45 
76 28 62 
81 28 30 
89 28 30 
98 28 40 
106 28 9 
27 27 38 
28 27 103 
62 27 57 
79 27 64 
90 27 62 
115 27 18 
62 26 77 
85 26 52 
88 26 35 
98 26 31 
100 26 46 
101 26 37 
70 25 38 
71 25 65 
79 25 63 
20 24 57 
23 24 50 
90 24 110 
16 23 82 
23 23 84 
72 23 51 
84 23 61 
88 23 53 
47 22 15 
88 22 41 
104 22 29 
52 21 49 
83 21 30 
93 21 68 
95 21 43 
23 20 54 
68 20 109 
88 20 70 
110 20 46 
85 19 39 
99 19 46 
104 19 25 
25 18 31 
82 18 43 
51 17 25 
52 17 38 
66 17 68 
77 17 42 
81 17 39 
85 17 70 
95 17 64 
116 17 91 
85 16 33 
105 16 83 
109 16 2 
93 15 33 
105 15 46 
106 15 47 
64 14 77 
84 14 23 
93 13 67 
108 12 34 
84 11 22 
87 11 41 
119 11 70 
72 10 51 
85 9 52 
90 9 15 
105 9 70 
43 7 85 
93 7 27 
39 6 70 
40 5 86 
27 4 13 
