127 242 56 
135 242 22 
136 242 115 
141 242 100 
125 241 100 
128 241 25 
129 241 9 
130 241 35 
126 240 87 
131 240 67 
133 240 36 
118 239 25 
126 239 64 
131 239 20 
132 239 103 
134 239 30 
137 239 99 
145 239 43 
123 238 96 
132 238 60 
133 238 60 
135 238 30 
137 238 50 
138 238 75 
140 238 120 
120 237 37 
133 237 61 
134 237 16 
135 237 67 
136 237 72 
139 237 73 
140 237 89 
129 236 76 
130 236 37 
137 236 148 
140 236 83 
142 236 33 
123 235 51 
126 235 26 
127 235 49 
131 235 79 
133 235 73 
134 235 65 
136 235 44 
137 235 67 
139 235 59 
130 234 109 
131 234 146 
133 234 76 
136 234 82 
138 234 79 
126 233 54 
128 233 47 
130 233 55 
131 233 64 
132 233 45 
135 233 74 
137 233 129 
120 232 59 
125 232 30 
128 232 83 
129 232 130 
130 232 91 
133 232 78 
135 232 87 
137 232 56 
138 232 84 
141 232 50 
145 232 10 
111 231 42 
113 231 20 
116 231 67 
129 231 31 
131 231 74 
133 231 81 
134 231 89 
142 231 42 
119 230 36 
131 230 29 
134 230 28 
135 230 35 
137 230 29 
138 230 61 
142 230 88 
154 230 33 
131 229 48 
137 229 50 
119 228 26 
129 228 45 
130 228 73 
131 228 43 
134 228 141 
135 228 35 
137 228 125 
140 228 76 
146 228 47 
104 227 82 
124 227 68 
125 227 41 
131 227 30 
132 227 116 
137 227 26 
139 227 29 
141 227 43 
113 226 21 
121 226 28 
125 226 60 
127 226 82 
133 226 49 
136 226 57 
138 226 69 
111 225 66 
120 225 85 
127 225 40 
131 225 34 
132 225 67 
134 225 71 
136 225 43 
142 225 68 
116 224 69 
120 224 48 
134 224 55 
136 224 30 
140 224 41 
111 223 89 
112 223 62 
132 223 20 
143 223 69 
103 222 67 
111 222 34 
114 222 36 
130 222 60 
134 222 77 
136 222 66 
143 222 38 
119 221 78 
137 221 62 
131 220 71 
109 219 62 
112 219 49 
102 218 48 
119 218 33 
121 218 40 
88 217 39 
119 217 84 
114 215 51 
123 215 67 
108 214 41 
111 212 28 
111 211 75 
109 210 53 
167 200 90 
78 189 37 
78 187 51 
70 182 46 
68 181 62 
84 173 45 
65 171 65 
41 169 23 
29 162 62 
68 161 64 
34 155 122 
30 154 34 
38 151 94 
33 149 65 
11 136 46 
