236 241 55 
218 224 41 
167 200 156 
227 194 36 
211 183 66 
235 178 84 
229 177 60 
210 172 45 
228 167 66 
235 166 33 
236 166 90 
226 165 27 
235 165 40 
195 160 44 
196 160 27 
196 156 71 
245 156 49 
226 155 18 
239 155 29 
218 151 48 
230 150 70 
235 149 74 
218 146 31 
222 146 33 
240 146 72 
221 142 39 
215 141 65 
213 140 49 
230 138 26 
219 137 51 
235 137 47 
235 136 68 
244 136 22 
228 135 46 
221 134 45 
238 131 52 
240 131 60 
236 130 57 
235 129 60 
191 127 34 
229 126 28 
209 120 32 
210 120 55 
224 120 71 
210 119 55 
241 115 38 
218 114 59 
224 114 24 
245 114 108 
238 112 49 
238 111 69 
235 108 64 
245 105 13 
225 104 47 
230 104 55 
230 102 15 
226 101 15 
213 100 76 
226 100 32 
232 100 81 
232 97 59 
224 95 38 
229 93 80 
231 93 55 
232 93 82 
233 86 47 
220 85 47 
236 85 40 
231 84 45 
236 82 52 
240 79 39 
238 78 70 
236 74 62 
229 71 9 
233 71 54 
246 67 42 
240 66 21 
239 63 45 
226 60 44 
239 54 46 
221 52 37 
239 46 11 
241 41 84 
236 39 53 
237 39 27 
243 30 47 
234 26 44 
241 16 69 
241 10 45 
