167 200 21 
26 196 57 
31 188 42 
30 187 57 
48 174 15 
43 147 74 
36 146 56 
39 144 37 
40 144 76 
41 144 54 
57 143 24 
58 143 23 
50 141 52 
36 136 66 
26 133 65 
59 132 46 
65 132 29 
64 131 81 
65 131 68 
65 129 71 
47 124 57 
74 119 63 
40 118 36 
73 117 73 
61 111 23 
89 111 91 
66 108 63 
76 107 68 
47 103 54 
48 103 36 
96 103 70 
99 100 34 
100 100 26 
61 96 37 
101 96 71 
91 92 69 
90 90 28 
63 88 33 
85 84 45 
65 83 111 
65 81 74 
80 81 79 
82 81 34 
66 80 60 
98 79 38 
99 79 28 
67 78 34 
103 76 64 
104 76 107 
84 75 35 
81 60 42 
107 58 82 
158 56 35 
114 51 62 
119 51 51 
141 45 55 
150 25 65 
151 24 63 
168 19 30 
170 18 47 
