196 239 81 
202 237 33 
196 232 56 
183 231 67 
201 224 74 
205 224 67 
203 220 11 
179 216 18 
191 215 54 
193 214 89 
192 213 64 
225 212 90 
216 211 44 
225 206 92 
235 203 50 
167 200 79 
193 199 69 
180 198 62 
192 198 15 
193 198 42 
223 198 38 
189 196 23 
190 196 70 
194 195 30 
196 195 18 
203 194 20 
210 190 70 
211 190 9 
196 187 22 
203 178 40 
230 143 47 
224 142 48 
229 142 55 
230 142 43 
204 140 58 
200 129 59 
234 121 42 
215 119 29 
218 119 35 
220 118 61 
232 108 69 
235 106 58 
209 104 37 
223 93 58 
207 85 16 
208 85 73 
229 84 45 
234 79 76 
222 62 59 
221 53 50 
234 44 64 
242 40 37 
216 27 30 
242 27 60 
235 26 70 
