156 236 57 
185 233 62 
168 225 37 
174 222 23 
171 216 41 
184 206 51 
193 203 86 
167 200 54 
180 200 27 
183 198 49 
158 197 123 
183 195 62 
159 194 124 
181 194 77 
181 193 49 
182 193 41 
173 187 40 
139 183 53 
168 183 41 
213 182 58 
164 181 47 
183 178 49 
158 177 62 
184 177 24 
170 169 67 
208 166 33 
187 165 26 
189 165 25 
189 164 102 
202 160 38 
175 159 60 
192 150 88 
233 145 62 
218 140 58 
205 136 45 
200 129 67 
220 117 20 
225 113 51 
241 100 26 
233 94 46 
233 93 51 
235 93 68 
216 91 92 
218 91 55 
217 66 68 
235 66 38 
243 65 35 
238 54 37 
