111 239 56 
95 238 41 
114 236 62 
128 236 42 
93 232 66 
113 231 66 
78 228 64 
114 225 8 
86 224 32 
105 221 28 
104 219 60 
99 212 69 
98 210 34 
99 209 62 
95 207 49 
70 203 76 
81 203 57 
91 203 63 
91 202 44 
167 200 58 
70 198 52 
112 196 33 
70 195 51 
137 194 18 
138 194 20 
79 192 74 
126 192 46 
126 191 53 
127 191 47 
66 190 18 
67 190 20 
70 190 37 
127 190 52 
66 189 46 
67 189 46 
68 189 21 
70 189 41 
74 189 43 
64 188 35 
76 188 40 
76 187 29 
86 187 57 
54 186 55 
61 186 56 
106 185 70 
113 184 74 
63 180 29 
64 180 59 
91 178 16 
77 177 57 
108 177 17 
76 176 55 
87 175 68 
79 174 43 
86 172 80 
77 171 55 
78 171 92 
78 170 75 
73 169 62 
81 168 22 
93 167 55 
105 167 91 
149 165 14 
104 164 54 
69 162 51 
86 160 57 
77 157 7 
57 156 54 
66 156 22 
82 153 46 
78 152 21 
75 151 30 
51 149 82 
63 149 72 
86 149 70 
81 148 43 
86 148 54 
87 148 42 
94 148 49 
109 148 26 
67 146 45 
97 145 55 
83 143 37 
46 142 42 
66 142 33 
77 142 23 
94 142 44 
77 141 78 
93 141 36 
108 137 48 
74 135 70 
60 126 40 
101 126 35 
99 122 27 
77 121 7 
107 118 17 
63 115 79 
64 115 42 
78 115 52 
108 114 60 
57 110 43 
58 99 22 
73 89 64 
