19 234 40 
26 229 65 
32 225 51 
23 224 32 
61 224 40 
22 223 22 
23 223 62 
76 222 44 
41 217 67 
12 215 62 
17 214 80 
33 214 79 
40 213 48 
54 211 88 
22 210 55 
23 207 54 
8 203 95 
27 202 38 
26 201 52 
167 200 70 
34 192 65 
47 189 42 
23 187 48 
37 187 22 
47 187 82 
37 186 61 
46 186 54 
31 185 76 
21 184 16 
45 179 57 
26 173 36 
33 173 44 
39 173 73 
39 171 35 
33 170 104 
29 167 68 
27 165 83 
10 160 49 
41 159 48 
51 151 26 
51 150 35 
29 144 32 
56 142 77 
18 132 55 
40 125 20 
75 122 31 
31 119 48 
40 117 23 
75 115 28 
24 90 44 
23 85 48 
22 83 53 
40 82 35 
25 75 75 
38 74 38 
38 73 45 
47 73 49 
40 59 53 
27 56 41 
52 56 58 
54 56 19 
42 54 49 
51 53 36 
51 52 46 
51 51 99 
52 51 30 
53 50 16 
27 41 45 
78 35 83 
30 34 110 
