48 235 61 
56 212 47 
167 200 30 
107 198 82 
233 198 51 
247 196 18 
232 194 81 
242 194 75 
49 193 28 
55 192 69 
238 189 50 
244 189 18 
85 184 73 
234 183 56 
232 181 60 
233 180 59 
99 178 85 
83 175 62 
116 170 15 
117 170 49 
66 169 45 
77 168 62 
197 168 74 
65 167 33 
214 167 65 
75 166 87 
75 165 85 
213 165 43 
78 164 28 
63 163 27 
73 162 51 
221 162 47 
52 161 44 
57 159 57 
57 157 71 
93 156 48 
74 155 92 
192 155 77 
198 155 19 
54 150 68 
73 150 45 
113 150 75 
89 149 70 
53 146 26 
54 146 61 
95 146 49 
171 146 52 
187 144 26 
54 143 65 
105 142 60 
168 141 29 
176 141 68 
56 140 34 
168 138 26 
173 138 64 
179 137 56 
180 137 58 
79 135 30 
92 135 33 
101 135 50 
118 135 44 
186 135 37 
191 135 46 
69 134 111 
101 134 74 
180 134 86 
68 133 45 
82 133 70 
181 133 62 
77 132 63 
179 132 43 
186 132 20 
168 131 41 
178 131 24 
185 131 54 
182 130 60 
196 130 68 
97 129 58 
69 128 100 
70 128 38 
117 128 53 
74 127 52 
89 127 26 
49 126 33 
92 126 93 
77 125 39 
81 125 78 
91 125 28 
105 125 6 
107 125 57 
125 125 57 
99 124 44 
106 124 67 
108 124 83 
172 124 13 
187 124 48 
190 124 27 
77 123 11 
86 122 62 
114 122 59 
116 122 66 
158 122 80 
180 122 63 
97 121 62 
122 120 38 
75 119 43 
112 118 40 
57 117 98 
87 117 62 
91 117 72 
92 117 27 
106 116 61 
181 116 30 
108 115 78 
111 115 73 
182 113 66 
106 112 20 
104 111 63 
84 110 30 
88 110 48 
123 110 23 
124 110 88 
77 109 77 
107 109 62 
124 109 34 
71 108 35 
83 108 66 
69 107 65 
77 107 55 
183 107 67 
96 106 19 
102 106 36 
112 106 53 
113 106 24 
124 105 40 
125 105 31 
124 104 82 
125 104 109 
93 103 13 
123 103 45 
102 101 67 
110 101 45 
113 101 112 
109 100 57 
143 99 24 
78 97 60 
114 95 59 
128 93 46 
128 92 57 
143 92 30 
104 91 34 
141 91 53 
150 89 47 
151 89 64 
113 88 26 
147 87 74 
149 87 49 
58 86 56 
101 86 50 
114 85 71 
119 84 82 
104 83 41 
122 83 77 
147 83 40 
105 82 38 
114 81 30 
123 81 57 
92 79 79 
111 79 56 
112 79 81 
114 78 42 
117 77 62 
100 76 54 
143 76 63 
105 75 49 
113 75 79 
119 75 30 
143 75 49 
118 73 44 
97 72 57 
114 72 83 
126 72 51 
114 71 24 
116 70 17 
89 69 87 
106 69 67 
88 67 38 
119 67 31 
177 67 98 
123 66 12 
78 65 60 
100 63 61 
102 63 49 
111 63 34 
112 63 30 
91 61 29 
131 61 75 
105 60 47 
72 57 37 
106 56 27 
68 55 76 
73 55 7 
71 53 60 
66 51 25 
54 50 27 
56 49 108 
75 48 66 
135 48 26 
80 47 68 
103 47 26 
68 46 38 
69 46 28 
83 46 28 
91 46 27 
91 45 62 
147 45 15 
96 44 73 
88 42 18 
81 38 55 
48 36 54 
82 35 67 
82 34 91 
84 32 53 
87 32 57 
119 32 68 
118 31 90 
40 30 50 
72 30 63 
84 30 58 
162 29 79 
162 28 56 
47 27 55 
49 26 51 
88 26 52 
23 23 76 
63 22 30 
63 21 71 
84 21 50 
60 20 39 
69 19 43 
63 16 39 
70 15 37 
47 13 28 
52 12 68 
62 10 72 
24 8 31 
31 8 58 
46 8 29 
50 8 35 
51 7 74 
32 6 69 
68 5 74 
62 4 72 
17 2 48 
