167 200 22 
16 114 37 
13 82 23 
14 70 34 
15 70 91 
33 68 52 
14 67 33 
60 61 49 
65 57 25 
40 56 56 
37 55 29 
69 53 39 
42 50 90 
44 47 74 
9 46 58 
52 44 26 
106 44 78 
106 43 45 
116 41 25 
25 40 50 
54 40 26 
38 37 59 
70 37 76 
58 33 42 
49 32 33 
70 32 51 
50 31 73 
23 30 70 
93 26 51 
41 25 54 
56 24 57 
90 24 25 
53 22 42 
62 22 31 
91 21 88 
69 20 61 
91 20 43 
78 19 63 
68 18 69 
93 18 59 
42 17 114 
85 16 30 
92 13 75 
93 12 80 
52 10 90 
53 10 66 
54 10 97 
27 7 35 
80 6 52 
76 5 66 
78 5 60 
79 5 90 
66 3 77 
