167 200 50 
40 144 30 
113 140 36 
124 136 38 
130 135 20 
133 135 44 
125 134 65 
157 133 44 
87 132 68 
38 131 70 
141 130 41 
144 130 57 
26 127 52 
130 126 44 
135 126 57 
161 126 55 
84 125 87 
35 124 81 
134 124 92 
165 124 52 
188 124 52 
139 123 15 
145 123 24 
153 123 32 
66 122 49 
119 122 42 
139 122 46 
75 121 64 
112 120 44 
125 120 44 
146 120 65 
60 119 38 
119 119 22 
125 119 59 
140 119 53 
160 119 71 
133 118 14 
147 118 65 
150 118 21 
132 117 53 
142 117 45 
38 116 41 
117 116 83 
135 116 54 
146 116 68 
148 116 34 
172 116 49 
130 115 30 
132 115 48 
133 115 38 
134 115 69 
147 115 27 
38 114 61 
87 114 41 
122 114 55 
147 114 59 
149 114 50 
122 113 88 
124 113 108 
128 113 54 
136 113 45 
138 113 49 
143 113 42 
129 112 79 
135 112 54 
136 112 28 
137 112 38 
138 112 23 
145 112 69 
157 112 67 
20 111 50 
136 111 29 
139 111 16 
142 111 86 
135 110 60 
137 110 38 
138 110 54 
143 110 90 
158 110 16 
164 110 46 
15 109 30 
115 109 22 
118 109 26 
124 109 38 
130 109 41 
137 109 55 
105 108 34 
118 108 61 
119 108 38 
106 107 45 
107 107 49 
131 107 77 
138 107 42 
141 107 66 
93 106 45 
105 106 62 
124 106 40 
127 106 83 
143 106 45 
152 106 52 
19 105 64 
99 105 14 
100 105 57 
126 105 63 
130 105 57 
135 105 37 
143 105 59 
166 105 39 
110 104 29 
134 104 115 
166 104 24 
24 103 63 
107 103 31 
119 103 52 
135 103 42 
140 103 32 
143 103 84 
26 102 114 
130 102 87 
131 102 73 
144 102 82 
149 102 44 
122 101 42 
130 101 102 
146 101 22 
147 101 101 
157 101 60 
163 101 34 
129 100 20 
130 100 33 
136 100 61 
142 100 49 
148 100 89 
150 100 26 
154 100 47 
30 99 62 
113 99 49 
115 99 67 
116 99 86 
130 99 21 
137 99 17 
147 99 65 
155 99 70 
178 99 42 
137 98 36 
148 98 36 
152 98 87 
66 97 43 
126 97 49 
136 97 77 
163 97 45 
72 96 53 
146 96 57 
150 96 54 
177 96 83 
197 95 66 
117 94 39 
127 94 53 
137 94 28 
146 94 83 
71 93 49 
107 93 24 
110 93 41 
117 93 11 
146 93 66 
175 93 42 
181 93 31 
182 93 71 
130 92 53 
132 92 84 
139 92 41 
167 92 58 
116 91 27 
136 91 77 
143 91 41 
169 91 40 
148 90 41 
166 90 48 
146 89 25 
120 88 21 
123 88 43 
130 88 29 
132 88 76 
169 88 32 
126 87 18 
128 87 22 
168 87 17 
105 86 53 
107 86 18 
140 86 54 
165 86 58 
129 85 29 
131 85 66 
91 84 67 
124 84 40 
143 84 58 
152 84 96 
153 83 20 
108 82 33 
146 82 58 
183 82 37 
210 82 35 
232 82 57 
91 81 41 
114 81 45 
127 81 12 
162 81 32 
110 80 28 
114 80 32 
119 80 60 
140 80 25 
145 79 46 
122 78 77 
145 78 58 
107 77 69 
125 77 65 
138 77 33 
117 76 65 
137 76 14 
135 75 36 
178 75 85 
222 74 52 
133 73 52 
130 72 56 
202 72 31 
228 72 49 
109 71 102 
129 71 30 
130 71 114 
131 71 94 
132 71 22 
154 71 72 
114 70 45 
128 70 43 
132 70 43 
185 70 79 
136 69 36 
95 68 41 
135 68 66 
128 67 73 
131 67 62 
137 67 51 
194 67 20 
200 66 48 
160 65 29 
160 63 58 
137 61 68 
121 60 30 
126 60 73 
132 60 51 
226 59 40 
133 58 42 
176 58 57 
121 47 87 
223 46 42 
207 19 88 
200 18 22 
200 16 44 
213 16 49 
