146 228 94 
147 228 73 
152 228 25 
158 226 24 
169 226 58 
168 220 77 
139 217 40 
143 217 33 
139 216 71 
170 216 57 
167 200 48 
173 192 57 
168 189 57 
176 181 68 
190 172 58 
189 164 58 
203 158 75 
194 156 44 
203 155 54 
203 154 11 
204 147 46 
197 145 38 
207 143 51 
171 142 78 
188 142 29 
189 142 49 
188 141 62 
200 141 64 
201 141 44 
189 139 86 
193 138 57 
189 137 56 
189 133 33 
220 128 50 
191 127 37 
217 127 39 
190 125 39 
222 118 24 
220 117 25 
207 116 58 
208 116 62 
208 115 41 
234 112 52 
235 112 69 
237 112 105 
235 111 41 
205 110 47 
206 110 21 
215 110 66 
215 109 25 
209 108 19 
227 108 54 
226 106 68 
228 104 82 
230 104 74 
217 103 35 
219 103 65 
230 103 49 
224 102 61 
235 94 73 
219 93 59 
236 93 41 
224 92 30 
210 91 64 
215 91 31 
216 91 82 
217 90 53 
210 89 33 
220 89 69 
222 89 66 
208 88 75 
228 88 79 
214 87 18 
243 87 80 
212 85 51 
213 85 34 
223 85 79 
230 84 72 
223 83 43 
230 83 58 
232 82 66 
217 80 69 
218 80 22 
225 80 59 
227 80 22 
234 80 54 
215 79 45 
218 79 57 
220 79 42 
219 77 91 
220 77 79 
232 77 66 
234 75 86 
223 74 57 
235 74 16 
229 73 28 
226 72 32 
242 72 32 
226 71 42 
243 70 46 
242 69 32 
244 68 25 
228 67 42 
230 65 46 
244 65 84 
219 64 46 
218 61 80 
247 50 69 
246 48 90 
242 46 54 
238 34 28 
245 34 46 
239 33 55 
238 24 72 
239 24 13 
