167 200 20 
237 197 29 
241 191 34 
233 185 79 
214 180 54 
219 179 36 
239 179 34 
223 176 64 
213 162 63 
214 161 64 
235 149 69 
231 143 92 
228 139 40 
242 131 60 
228 130 27 
230 127 38 
247 127 24 
211 125 60 
226 121 75 
219 120 69 
194 119 55 
221 119 62 
194 118 47 
187 117 65 
225 117 42 
218 116 40 
232 116 64 
221 111 126 
200 108 48 
225 104 74 
234 97 88 
198 93 52 
207 81 72 
195 68 34 
170 60 55 
207 55 32 
163 52 70 
164 48 38 
205 46 65 
197 45 50 
215 40 44 
197 38 79 
197 29 43 
