207 239 36 
196 237 74 
229 235 68 
223 234 89 
226 234 70 
234 234 54 
224 232 65 
224 231 80 
228 231 34 
197 229 14 
216 227 25 
215 226 96 
232 226 109 
233 225 52 
214 224 51 
218 223 40 
223 223 56 
224 223 23 
228 223 67 
210 221 82 
225 221 57 
210 220 52 
238 220 10 
222 219 64 
211 218 72 
224 217 81 
226 215 21 
243 215 62 
207 214 32 
223 214 26 
224 214 65 
232 214 13 
209 213 47 
237 213 38 
234 211 27 
234 210 65 
228 209 44 
187 205 48 
167 200 67 
240 199 19 
231 197 69 
239 195 44 
227 190 69 
227 156 97 
234 155 4 
236 155 50 
246 154 69 
236 149 37 
237 149 56 
237 148 62 
244 147 48 
238 145 56 
236 137 35 
215 136 74 
227 136 75 
238 135 82 
241 130 49 
239 126 40 
236 125 62 
