167 200 42 
44 162 46 
35 161 24 
46 148 57 
42 147 85 
31 143 49 
68 136 59 
52 135 49 
52 134 53 
57 130 85 
104 130 52 
103 129 30 
64 128 76 
79 128 57 
84 125 86 
88 125 69 
89 125 78 
74 124 74 
79 124 39 
84 124 55 
88 124 56 
90 124 26 
75 123 36 
86 123 47 
85 119 52 
80 116 49 
93 116 48 
94 116 77 
105 116 62 
94 115 24 
102 115 66 
84 114 58 
94 114 48 
94 113 79 
99 112 66 
100 109 21 
91 103 40 
80 102 88 
97 102 30 
130 97 75 
109 96 17 
139 91 35 
126 88 59 
139 84 47 
140 84 33 
142 84 59 
150 84 49 
134 83 110 
129 78 21 
150 78 79 
149 77 52 
141 74 55 
170 73 59 
141 69 70 
149 65 54 
156 58 58 
156 57 42 
179 56 51 
182 56 50 
141 55 44 
181 54 51 
165 53 57 
180 53 63 
199 53 15 
173 51 64 
176 50 96 
177 49 18 
203 47 75 
187 46 51 
195 45 32 
190 43 65 
193 43 69 
194 43 38 
191 42 11 
196 42 65 
201 42 40 
203 42 59 
204 42 43 
208 40 115 
209 40 59 
204 39 25 
198 38 48 
201 38 52 
197 37 70 
204 36 35 
206 36 64 
208 36 12 
207 35 64 
212 35 46 
208 34 57 
200 32 32 
197 30 46 
217 29 82 
223 27 68 
229 25 36 
220 24 78 
225 23 51 
225 22 42 
231 21 57 
224 20 48 
227 20 97 
216 16 67 
234 11 65 
240 8 73 
