149 201 37 
167 200 46 
147 196 82 
149 194 86 
181 191 40 
181 189 30 
152 187 27 
209 181 79 
158 180 6 
153 178 51 
158 178 67 
194 178 59 
180 177 6 
180 176 49 
181 176 67 
183 176 51 
209 175 72 
208 174 66 
144 173 37 
187 173 54 
184 171 24 
161 170 66 
160 169 55 
120 164 61 
174 163 59 
169 160 51 
142 157 80 
143 157 23 
173 155 41 
201 155 34 
167 154 107 
178 154 99 
186 154 36 
180 153 33 
193 153 70 
194 153 81 
200 153 74 
166 148 44 
178 148 46 
164 147 73 
164 146 42 
164 145 21 
164 142 73 
165 142 44 
166 142 45 
147 141 107 
137 139 23 
153 139 34 
150 138 58 
168 138 11 
178 135 63 
155 134 49 
168 130 26 
170 130 75 
178 130 58 
183 130 66 
159 127 41 
142 123 81 
158 116 53 
176 108 50 
162 106 38 
162 105 81 
142 103 26 
140 102 62 
146 102 33 
162 101 26 
128 98 41 
116 96 70 
117 96 103 
118 96 57 
109 95 57 
104 64 54 
111 62 28 
113 62 37 
64 58 35 
143 56 28 
141 54 42 
87 50 27 
60 46 51 
75 44 18 
19 34 28 
55 30 37 
75 27 63 
16 25 70 
38 22 42 
49 21 104 
106 20 60 
58 15 74 
89 12 42 
