183 231 56 
170 229 87 
171 229 21 
185 227 5 
137 226 20 
151 226 67 
151 225 34 
152 225 22 
156 225 34 
133 224 42 
134 224 83 
230 223 88 
200 221 49 
150 220 104 
175 220 72 
164 218 75 
178 218 76 
174 216 42 
173 215 66 
209 213 40 
169 212 55 
173 211 23 
194 210 44 
202 209 17 
172 208 77 
205 208 80 
175 207 19 
172 206 23 
140 205 60 
200 205 26 
180 204 54 
182 204 104 
198 201 52 
167 200 51 
195 200 24 
207 200 38 
222 200 95 
192 198 61 
226 198 54 
180 197 50 
191 197 25 
212 197 51 
213 197 48 
222 197 13 
196 195 39 
200 193 33 
212 193 35 
215 193 77 
212 192 75 
215 192 95 
194 191 33 
214 191 18 
183 190 74 
196 189 39 
215 189 86 
200 185 68 
218 185 22 
227 185 56 
237 185 78 
183 184 66 
200 184 41 
194 183 57 
238 181 83 
217 178 41 
219 178 15 
216 172 33 
229 166 33 
234 162 83 
234 160 21 
235 160 42 
235 159 45 
238 159 65 
235 157 32 
