226 231 22 
207 220 37 
208 219 61 
230 210 55 
220 208 43 
167 200 61 
217 193 44 
217 192 70 
230 189 46 
235 186 80 
228 182 63 
153 175 51 
215 173 49 
177 166 37 
174 165 25 
204 147 78 
180 141 44 
117 125 28 
168 122 48 
169 122 55 
75 114 15 
150 112 45 
98 107 25 
125 102 13 
102 88 51 
161 88 52 
106 86 71 
95 85 52 
132 85 96 
117 83 62 
111 80 28 
125 80 44 
102 79 96 
106 79 44 
117 78 21 
120 78 33 
117 77 54 
118 77 79 
110 74 40 
90 73 40 
100 72 68 
120 72 19 
125 70 43 
121 69 42 
110 68 70 
91 66 9 
104 66 32 
144 66 64 
100 62 18 
77 59 46 
109 56 35 
97 55 55 
143 53 61 
55 51 31 
86 50 40 
108 49 54 
97 48 52 
108 47 62 
64 46 23 
119 46 48 
84 45 50 
79 44 49 
57 43 65 
120 41 70 
102 39 65 
70 36 58 
79 36 58 
74 34 43 
95 34 98 
106 33 77 
95 29 31 
100 27 70 
100 26 32 
50 25 113 
48 24 21 
102 23 54 
51 22 29 
81 21 45 
79 19 53 
66 17 76 
68 17 65 
50 16 36 
72 15 104 
13 13 4 
65 8 43 
