167 200 88 
186 186 61 
189 185 40 
188 184 23 
193 184 41 
189 181 34 
200 179 49 
190 178 106 
189 177 71 
186 175 95 
202 174 68 
213 174 22 
194 173 36 
195 173 49 
200 173 70 
203 173 60 
204 173 45 
199 172 52 
205 172 39 
197 171 67 
198 171 26 
199 171 73 
205 169 80 
199 168 118 
195 165 69 
210 164 54 
191 163 44 
195 163 62 
208 161 41 
209 160 52 
188 159 39 
204 158 37 
211 158 47 
199 157 53 
200 156 43 
206 156 60 
211 156 35 
212 156 70 
199 151 61 
209 151 59 
210 148 58 
222 148 25 
222 147 58 
209 146 63 
211 146 36 
216 146 101 
222 146 10 
223 146 29 
218 143 28 
218 142 81 
224 142 38 
216 141 45 
218 141 54 
219 141 33 
225 141 75 
229 141 102 
230 141 84 
219 140 52 
204 139 63 
201 137 57 
214 136 41 
216 136 78 
226 136 62 
218 135 87 
230 135 33 
213 134 67 
217 134 66 
218 134 53 
228 134 55 
223 133 69 
227 133 19 
228 133 77 
208 132 64 
220 132 65 
229 132 60 
230 132 52 
233 132 26 
221 131 32 
224 131 54 
228 131 56 
230 131 80 
208 130 49 
213 130 30 
214 130 62 
216 130 85 
232 130 24 
211 129 57 
212 129 31 
227 129 77 
235 129 25 
200 128 51 
219 128 66 
220 128 37 
222 128 83 
224 128 54 
206 127 98 
207 127 66 
225 127 30 
204 126 21 
217 126 90 
222 126 68 
228 126 65 
231 126 41 
205 125 3 
215 125 56 
216 125 37 
217 125 32 
223 125 61 
228 125 92 
209 124 53 
210 124 48 
212 124 60 
210 123 67 
211 123 73 
226 123 37 
202 122 67 
217 122 56 
215 121 86 
217 121 30 
220 121 72 
226 121 52 
242 121 50 
208 120 77 
213 120 65 
216 120 60 
229 120 105 
247 120 96 
205 119 27 
206 119 46 
207 119 29 
208 119 84 
213 119 33 
214 119 52 
215 119 49 
217 119 65 
220 119 61 
225 119 59 
234 119 54 
206 118 52 
214 118 54 
218 118 45 
228 118 74 
229 118 41 
231 118 66 
204 117 40 
210 117 46 
221 117 24 
227 117 33 
230 117 51 
234 117 28 
200 116 76 
214 116 42 
216 116 96 
218 116 118 
234 116 44 
218 115 94 
222 115 80 
223 115 63 
232 115 79 
234 115 64 
196 114 55 
211 114 52 
212 114 75 
218 114 129 
220 114 67 
225 114 24 
230 114 35 
232 114 84 
234 114 93 
215 113 84 
216 113 51 
218 113 42 
219 113 70 
220 113 101 
223 113 85 
225 113 34 
227 113 24 
228 113 24 
202 112 80 
218 112 22 
219 112 75 
226 112 17 
227 112 36 
216 111 20 
217 111 66 
228 111 67 
232 111 38 
236 111 24 
210 110 43 
214 110 35 
224 110 82 
206 109 85 
223 109 66 
218 107 29 
222 107 46 
215 106 30 
219 104 36 
228 103 20 
211 102 73 
223 102 47 
217 101 90 
219 101 51 
210 99 76 
218 98 58 
227 94 68 
247 93 43 
216 87 72 
223 78 42 
242 75 19 
55 64 45 
244 60 36 
244 58 17 
20 57 93 
19 55 32 
63 55 63 
245 55 69 
47 53 88 
54 51 74 
231 51 52 
59 45 39 
34 44 79 
35 44 63 
221 44 22 
34 43 54 
39 43 77 
48 43 24 
82 43 66 
238 43 37 
32 37 70 
28 33 68 
14 32 102 
80 32 36 
16 31 65 
23 31 34 
38 31 47 
15 30 71 
51 30 55 
52 29 74 
53 29 77 
59 29 47 
62 29 74 
63 29 77 
9 28 61 
241 25 52 
242 25 104 
103 24 23 
34 22 66 
67 19 30 
67 18 45 
43 16 44 
18 15 46 
27 15 54 
23 14 18 
42 14 74 
33 13 50 
58 13 49 
47 12 58 
29 5 65 
29 3 54 
53 3 83 
