20 240 33 
42 229 110 
38 226 64 
30 224 76 
51 218 53 
38 211 65 
58 210 47 
54 207 48 
55 206 62 
55 205 40 
66 203 27 
167 200 63 
38 194 90 
47 194 98 
47 193 42 
72 193 39 
47 192 20 
68 192 64 
66 191 36 
63 187 74 
21 185 4 
64 184 110 
47 183 9 
53 180 31 
35 179 25 
46 179 63 
68 178 32 
48 173 29 
37 172 53 
38 172 43 
33 170 62 
42 170 75 
37 169 46 
63 168 60 
70 166 90 
80 165 90 
49 162 38 
52 161 66 
59 156 52 
68 156 19 
83 153 65 
40 147 75 
73 142 26 
54 141 56 
93 139 49 
68 135 58 
69 134 55 
89 111 69 
91 109 50 
97 108 34 
119 107 51 
94 96 31 
95 87 17 
109 54 64 
121 46 65 
143 36 78 
126 32 39 
120 16 51 
146 14 24 
146 13 80 
145 9 27 
