14 227 47 
29 222 16 
48 207 51 
25 206 70 
40 202 62 
41 202 52 
37 200 14 
167 200 45 
43 197 76 
43 195 16 
38 189 12 
39 189 29 
55 187 22 
38 181 53 
39 181 47 
52 174 82 
57 169 51 
60 164 61 
64 161 68 
69 161 61 
65 160 52 
58 159 86 
60 158 62 
74 158 90 
58 157 79 
59 156 47 
51 155 41 
60 155 41 
66 154 23 
59 153 55 
65 150 42 
55 149 46 
58 148 74 
70 148 61 
79 148 51 
56 147 27 
72 146 96 
80 145 40 
67 144 74 
72 144 76 
66 142 52 
68 142 60 
80 142 11 
57 141 32 
60 141 62 
61 141 73 
73 141 34 
66 140 73 
74 140 42 
75 140 44 
54 139 33 
71 139 77 
84 139 40 
64 138 72 
65 138 70 
67 138 59 
68 138 44 
69 138 74 
78 138 78 
81 137 64 
84 137 70 
86 137 70 
70 136 40 
73 136 27 
77 136 47 
83 136 115 
66 135 77 
70 135 80 
78 135 19 
83 135 86 
77 134 39 
75 131 51 
80 131 55 
65 129 40 
67 129 28 
69 129 50 
72 129 18 
69 128 104 
90 128 37 
86 126 51 
71 125 69 
74 125 62 
77 122 29 
84 122 55 
82 121 90 
70 120 44 
72 118 83 
79 118 70 
83 115 47 
79 107 54 
84 105 52 
85 105 30 
85 104 60 
86 102 50 
91 102 70 
84 101 38 
94 101 65 
95 101 38 
96 101 36 
101 101 129 
86 100 45 
96 100 24 
97 100 56 
100 100 35 
101 100 56 
80 99 86 
85 99 31 
91 99 50 
94 99 54 
96 99 30 
99 99 54 
89 98 70 
93 98 39 
94 98 15 
95 98 93 
96 98 47 
83 97 71 
86 97 66 
89 97 78 
91 97 27 
95 97 54 
100 97 63 
90 96 40 
91 96 29 
93 96 72 
94 96 53 
95 96 59 
97 96 93 
98 96 45 
99 96 50 
102 96 47 
103 96 75 
91 95 48 
92 95 69 
93 95 65 
94 95 68 
95 95 70 
96 95 55 
98 95 14 
99 95 78 
103 95 48 
89 94 71 
90 94 57 
91 94 57 
92 94 124 
93 94 107 
94 94 41 
96 94 21 
97 94 61 
102 94 122 
103 94 77 
89 93 51 
90 93 87 
91 93 62 
92 93 39 
93 93 55 
94 93 56 
95 93 84 
98 93 62 
89 92 66 
90 92 92 
91 92 69 
92 92 70 
93 92 52 
95 92 71 
98 92 52 
100 92 128 
89 91 43 
90 91 57 
93 91 95 
94 91 83 
97 91 66 
98 91 14 
99 91 42 
100 91 46 
87 90 42 
89 90 48 
90 90 55 
92 90 101 
93 90 27 
94 90 11 
96 90 66 
97 90 19 
100 90 76 
103 90 69 
81 89 56 
89 89 132 
93 89 75 
94 89 59 
95 89 92 
101 89 77 
82 88 31 
83 88 46 
87 88 46 
88 88 50 
89 88 57 
90 88 43 
92 88 97 
95 88 70 
102 88 17 
88 87 113 
89 87 45 
91 87 80 
92 87 100 
95 87 68 
96 87 59 
101 87 66 
88 86 82 
93 86 46 
94 86 110 
97 86 28 
84 85 49 
87 85 20 
88 85 26 
91 85 78 
100 85 110 
87 84 59 
92 84 69 
81 83 56 
87 83 51 
89 83 70 
92 83 55 
89 82 53 
96 82 73 
86 81 73 
90 79 46 
95 79 67 
90 78 75 
103 78 49 
91 77 52 
109 62 32 
106 57 45 
