148 231 9 
150 231 51 
144 230 65 
140 216 15 
132 211 86 
128 209 64 
127 208 58 
128 208 25 
130 207 46 
136 207 28 
122 206 95 
128 206 121 
125 205 49 
116 204 67 
119 203 60 
124 203 49 
129 203 52 
135 203 68 
124 202 50 
125 202 46 
126 202 66 
129 202 70 
127 201 44 
128 201 77 
135 201 42 
117 200 86 
131 200 59 
136 200 48 
167 200 44 
122 199 33 
125 199 90 
126 199 86 
131 199 72 
133 199 57 
140 199 28 
146 199 39 
120 198 67 
126 198 45 
127 198 81 
137 198 63 
121 197 122 
122 197 47 
126 197 91 
128 197 75 
129 197 58 
119 196 62 
121 196 55 
122 196 51 
125 196 140 
127 196 36 
128 196 41 
125 195 16 
128 195 66 
134 195 109 
120 194 45 
122 194 40 
127 194 87 
116 193 45 
125 193 45 
129 193 33 
133 193 65 
134 193 56 
138 193 56 
117 192 40 
119 192 68 
120 192 64 
126 192 43 
127 192 63 
137 192 35 
125 191 49 
128 191 27 
139 191 21 
126 190 99 
133 190 79 
124 189 111 
125 189 82 
121 188 92 
125 188 66 
126 188 48 
126 187 91 
139 186 64 
124 185 55 
126 185 33 
128 185 82 
120 177 97 
121 174 31 
112 166 53 
100 163 16 
101 162 13 
86 161 84 
121 161 81 
111 160 17 
115 160 69 
94 159 55 
102 159 98 
102 158 52 
104 158 73 
93 157 53 
104 157 21 
106 157 25 
101 156 81 
109 156 62 
108 155 86 
108 154 75 
114 154 54 
127 153 132 
104 150 100 
112 150 47 
88 149 45 
93 149 40 
102 149 45 
105 146 64 
92 144 54 
109 143 50 
96 141 76 
100 136 49 
88 130 62 
88 123 56 
74 121 57 
98 112 15 
43 99 19 
52 89 47 
54 86 82 
55 86 47 
68 84 42 
66 81 49 
47 77 45 
40 72 42 
47 72 14 
38 70 57 
32 69 26 
20 68 22 
33 68 22 
54 67 89 
22 65 60 
45 65 72 
50 63 68 
29 61 41 
48 61 94 
55 59 81 
34 57 45 
53 57 34 
53 56 53 
30 55 51 
23 53 70 
32 52 71 
29 51 37 
31 51 52 
38 51 49 
15 49 70 
18 49 44 
41 49 36 
32 48 55 
41 48 88 
48 48 49 
15 47 2 
16 47 59 
23 47 62 
32 47 61 
37 46 67 
40 42 37 
51 41 17 
37 40 42 
57 38 34 
35 34 68 
40 31 71 
41 30 62 
56 28 47 
30 21 70 
23 17 19 
