167 200 41 
116 170 36 
118 166 15 
118 165 45 
118 161 75 
114 160 70 
120 155 27 
118 152 67 
122 152 90 
113 150 29 
118 150 38 
119 150 32 
124 150 74 
116 148 48 
117 147 36 
118 147 15 
122 147 64 
126 145 46 
118 141 84 
121 141 29 
116 139 38 
121 139 29 
124 139 18 
123 137 39 
114 134 73 
122 132 22 
123 132 57 
116 129 40 
121 128 18 
118 127 65 
121 127 27 
118 125 53 
118 124 114 
119 124 21 
120 123 66 
119 122 110 
120 122 42 
121 122 57 
126 122 48 
119 121 55 
120 121 44 
123 121 88 
126 121 74 
113 120 46 
116 120 22 
118 120 35 
120 120 83 
123 120 86 
124 120 57 
125 120 100 
126 120 68 
128 120 47 
130 120 57 
116 119 43 
117 119 40 
122 119 73 
129 119 72 
119 118 88 
122 118 22 
129 118 54 
119 117 65 
122 117 20 
123 117 22 
125 117 40 
126 117 41 
122 116 52 
123 116 71 
125 116 30 
117 115 97 
121 115 47 
128 115 52 
120 114 78 
123 114 48 
117 113 58 
118 113 62 
121 113 41 
123 113 44 
119 112 31 
120 112 18 
122 112 77 
112 111 59 
112 110 50 
116 110 48 
122 110 20 
129 95 61 
133 94 20 
117 91 18 
120 91 34 
131 91 51 
121 90 59 
132 89 98 
123 88 32 
128 88 36 
133 87 73 
120 86 51 
123 85 16 
117 81 74 
124 79 47 
129 71 68 
121 59 65 
126 59 32 
128 59 65 
115 58 40 
127 56 13 
128 56 78 
130 56 30 
116 54 6 
123 54 45 
127 54 14 
131 54 12 
132 54 105 
125 53 20 
122 51 85 
136 48 23 
122 47 47 
122 45 33 
132 44 64 
130 38 73 
125 27 63 
137 27 56 
124 26 74 
141 25 52 
125 24 13 
122 23 56 
136 23 68 
137 22 32 
121 19 52 
148 19 35 
121 18 71 
123 18 47 
113 17 49 
125 17 59 
141 17 21 
146 17 94 
115 16 104 
122 16 61 
132 16 63 
115 15 23 
123 13 54 
134 12 55 
119 11 38 
129 11 51 
134 11 33 
124 10 20 
125 10 57 
130 10 45 
118 9 65 
124 9 24 
125 8 51 
