201 242 80 
221 235 51 
238 235 31 
216 234 34 
235 234 70 
237 231 17 
216 224 72 
217 224 39 
210 222 54 
218 221 21 
219 221 54 
221 219 57 
224 215 27 
221 214 34 
235 210 88 
222 207 59 
227 207 15 
225 206 92 
226 206 94 
233 204 63 
230 203 68 
228 201 90 
167 200 30 
232 191 16 
232 190 34 
236 186 38 
218 177 82 
218 154 29 
237 153 87 
222 151 31 
218 135 51 
220 133 19 
207 132 31 
215 132 65 
233 131 42 
200 127 90 
239 120 46 
224 118 68 
229 118 39 
238 116 11 
240 109 29 
216 104 45 
220 101 67 
221 100 72 
235 98 52 
236 98 34 
225 97 24 
193 88 47 
243 84 82 
222 82 15 
223 82 24 
224 82 56 
222 81 20 
227 80 66 
233 80 23 
223 73 51 
234 71 72 
224 68 34 
222 67 31 
228 54 23 
229 54 46 
232 54 69 
234 53 55 
229 46 43 
227 45 46 
215 43 51 
215 42 25 
242 35 30 
242 23 27 
228 15 65 
