208 239 50 
147 238 98 
145 235 53 
155 235 65 
215 235 33 
167 234 35 
148 231 75 
154 231 75 
144 229 38 
154 228 85 
188 227 65 
138 226 71 
144 226 55 
160 226 45 
186 225 45 
139 224 36 
17 222 83 
110 222 27 
145 222 68 
16 221 64 
110 221 43 
144 221 95 
148 221 44 
152 221 41 
138 219 48 
22 218 54 
140 218 77 
199 218 29 
200 218 66 
17 217 77 
46 217 62 
135 217 46 
155 217 30 
167 217 20 
200 217 34 
52 216 5 
61 212 71 
199 212 8 
23 210 69 
46 210 54 
54 210 56 
55 210 24 
23 209 45 
148 209 28 
99 208 55 
148 208 56 
149 208 51 
150 208 78 
141 207 51 
155 207 52 
25 204 61 
82 204 60 
61 203 64 
166 203 65 
54 202 38 
12 201 65 
15 201 93 
70 201 86 
22 200 39 
42 200 45 
45 200 55 
167 200 78 
45 199 74 
22 198 36 
46 197 59 
57 196 78 
135 196 43 
42 195 29 
166 195 74 
152 194 57 
165 194 45 
86 191 67 
32 190 68 
39 188 56 
54 188 52 
51 187 96 
36 186 67 
49 184 54 
26 181 52 
87 181 60 
25 178 57 
31 176 59 
21 174 60 
22 173 36 
29 172 50 
45 169 89 
