130 239 46 
98 235 77 
100 235 41 
91 233 77 
96 218 32 
123 217 128 
123 210 43 
119 209 37 
98 207 13 
105 207 17 
77 206 79 
82 200 54 
88 200 20 
167 200 34 
68 197 30 
80 197 86 
93 197 41 
112 196 39 
99 194 40 
93 191 47 
94 191 64 
62 190 68 
95 189 73 
111 186 62 
116 185 15 
89 184 74 
32 180 77 
60 177 81 
85 175 20 
88 174 63 
39 173 68 
83 173 29 
95 171 27 
69 169 16 
75 168 44 
44 165 27 
69 163 29 
96 163 61 
90 162 60 
40 159 75 
30 157 23 
67 157 50 
115 157 31 
40 156 37 
71 156 77 
74 155 33 
36 154 51 
57 154 59 
69 154 46 
14 151 63 
126 151 62 
59 150 86 
19 148 22 
49 148 9 
50 148 55 
27 145 10 
97 145 57 
18 143 88 
19 143 88 
76 142 75 
82 142 104 
17 141 22 
65 141 24 
81 141 87 
48 140 33 
33 139 17 
17 138 44 
64 137 54 
15 134 68 
46 134 72 
72 134 36 
19 132 74 
64 132 60 
19 131 22 
22 131 59 
30 131 60 
41 131 65 
44 131 63 
62 131 60 
34 130 49 
40 130 61 
37 129 45 
41 129 76 
31 128 34 
54 128 56 
69 128 41 
25 127 83 
56 127 47 
58 127 91 
68 127 37 
51 126 87 
58 126 36 
16 124 85 
17 124 93 
21 124 33 
28 124 57 
60 124 28 
22 123 29 
29 123 96 
55 123 49 
57 123 67 
60 123 42 
15 122 79 
24 122 56 
27 122 54 
55 122 122 
61 122 80 
62 122 37 
19 121 79 
40 121 45 
47 121 48 
54 121 39 
14 120 85 
35 120 63 
62 120 84 
10 119 39 
11 119 89 
15 119 39 
49 119 75 
18 118 62 
20 118 57 
25 118 10 
39 118 84 
44 118 37 
46 118 74 
49 118 46 
59 118 85 
84 118 57 
11 117 43 
18 117 73 
42 117 63 
52 117 87 
18 116 53 
19 116 84 
20 116 49 
58 116 27 
73 116 74 
19 115 54 
69 115 78 
30 114 51 
33 114 51 
37 114 71 
42 114 79 
65 114 17 
40 113 76 
41 113 46 
43 113 34 
48 113 82 
25 112 16 
29 112 28 
35 112 51 
73 112 21 
18 111 45 
25 111 65 
27 111 15 
31 111 80 
52 111 110 
59 111 94 
63 111 40 
88 111 88 
19 110 46 
26 110 30 
32 110 47 
43 110 70 
49 110 48 
60 110 84 
13 109 70 
19 109 15 
25 109 43 
46 109 75 
48 109 40 
55 109 20 
58 109 71 
59 109 42 
66 109 33 
10 108 78 
28 108 91 
37 108 48 
46 108 45 
61 108 66 
62 108 37 
68 108 55 
49 107 47 
58 107 86 
62 107 30 
68 107 18 
15 106 31 
30 106 83 
35 106 87 
57 106 28 
58 106 62 
68 106 40 
12 105 37 
26 105 26 
35 105 16 
47 105 31 
59 105 52 
23 104 51 
28 104 39 
44 104 75 
48 104 30 
55 104 74 
66 104 74 
72 104 40 
81 104 52 
18 103 22 
33 103 18 
40 103 36 
52 103 46 
69 103 51 
16 102 57 
24 102 52 
35 102 59 
46 102 56 
69 102 29 
15 101 46 
20 101 76 
23 101 56 
24 101 22 
35 101 22 
40 101 39 
48 101 53 
65 101 51 
73 101 63 
20 100 79 
23 100 50 
28 100 53 
63 100 28 
12 99 58 
16 99 71 
61 99 79 
73 99 54 
16 98 17 
18 98 50 
19 98 50 
20 98 58 
26 98 47 
37 98 68 
53 98 37 
54 98 16 
60 98 30 
80 98 21 
16 97 48 
19 97 36 
28 97 73 
31 97 58 
32 97 60 
34 97 80 
42 97 19 
11 96 66 
15 96 26 
16 96 115 
29 96 27 
30 96 47 
31 96 10 
32 96 84 
9 95 61 
13 95 38 
16 95 33 
17 95 9 
22 95 34 
23 95 66 
43 95 91 
62 95 45 
11 94 23 
17 94 52 
41 94 18 
48 94 39 
65 94 34 
12 93 45 
41 93 25 
42 93 84 
52 93 42 
63 93 81 
31 92 73 
32 92 48 
35 92 51 
40 92 29 
55 92 60 
57 92 5 
30 91 27 
31 91 31 
32 91 59 
33 91 19 
45 91 48 
48 91 54 
52 91 83 
53 91 67 
18 90 98 
21 90 53 
45 90 22 
66 90 42 
23 89 76 
24 89 64 
42 89 91 
47 89 41 
43 88 85 
47 88 33 
51 88 40 
11 87 89 
24 87 47 
29 87 56 
31 87 94 
32 87 93 
41 87 82 
43 87 42 
25 86 25 
27 86 35 
29 86 17 
39 86 22 
40 86 81 
53 86 84 
21 85 45 
23 84 50 
25 84 82 
32 84 33 
36 84 40 
25 83 72 
26 83 73 
30 83 79 
37 83 73 
41 83 53 
42 83 87 
52 83 58 
21 82 22 
25 82 41 
32 82 52 
17 81 62 
49 81 35 
51 81 49 
61 81 56 
14 80 66 
16 80 55 
21 80 49 
22 80 36 
33 80 31 
42 80 49 
44 80 21 
52 80 63 
19 79 54 
20 79 66 
14 78 90 
30 78 59 
39 78 35 
54 78 46 
26 77 52 
32 77 65 
35 77 34 
40 77 75 
55 77 81 
17 75 26 
33 75 41 
28 74 51 
43 74 84 
14 73 43 
23 73 57 
24 73 46 
42 73 67 
54 73 73 
17 72 77 
19 72 42 
38 72 48 
43 72 36 
78 72 18 
16 71 66 
27 71 72 
76 71 40 
24 70 55 
26 70 47 
30 70 83 
87 70 69 
21 69 51 
36 69 47 
39 69 48 
17 68 52 
34 64 53 
70 64 80 
25 63 45 
35 63 31 
38 63 40 
39 62 51 
13 61 30 
55 61 32 
30 60 59 
35 60 33 
45 57 35 
30 55 62 
41 55 62 
28 54 45 
38 54 53 
39 53 69 
40 53 41 
56 51 44 
20 49 27 
21 34 70 
12 31 87 
28 14 105 
27 13 63 
