82 241 92 
42 237 62 
82 233 82 
88 225 44 
125 217 67 
108 214 13 
89 210 59 
88 205 75 
167 200 48 
120 198 85 
121 198 66 
96 196 62 
93 195 67 
94 195 86 
101 193 128 
102 193 70 
92 189 35 
93 188 58 
78 186 54 
76 184 85 
87 182 77 
77 180 97 
83 180 42 
96 180 104 
97 180 41 
77 179 147 
98 179 46 
99 179 84 
77 178 88 
89 178 70 
101 176 67 
76 175 76 
119 175 77 
120 175 56 
100 174 51 
59 173 39 
83 171 60 
113 171 71 
90 170 49 
96 168 65 
116 167 40 
161 161 63 
105 155 54 
137 154 49 
153 149 34 
83 147 44 
87 143 70 
121 142 73 
117 141 66 
88 140 55 
117 140 66 
103 139 61 
111 139 61 
135 137 79 
138 137 22 
115 136 79 
108 134 68 
146 133 93 
113 132 64 
108 131 46 
159 131 44 
96 129 56 
106 128 32 
113 128 28 
147 128 97 
108 126 51 
104 124 64 
105 124 80 
92 122 82 
96 121 34 
99 121 51 
103 121 64 
112 120 60 
154 120 86 
87 119 39 
88 119 77 
107 119 74 
108 119 47 
152 119 22 
90 118 28 
102 118 32 
113 118 72 
154 118 52 
98 117 98 
105 117 47 
105 116 78 
139 114 70 
117 111 41 
147 111 19 
135 110 62 
140 110 49 
117 109 33 
135 109 59 
118 107 26 
137 107 40 
139 107 39 
94 106 65 
103 106 79 
138 105 51 
110 102 49 
119 102 73 
101 100 90 
112 99 51 
125 99 11 
133 99 72 
139 98 48 
106 96 17 
120 96 71 
88 94 1 
121 94 43 
139 94 41 
148 94 16 
110 92 44 
174 92 51 
85 91 70 
102 91 82 
128 89 102 
131 89 47 
93 88 102 
145 88 33 
124 87 70 
128 87 44 
144 86 45 
142 84 66 
142 83 19 
143 82 28 
106 75 87 
128 74 56 
115 71 55 
104 68 63 
118 66 48 
98 65 38 
103 62 79 
105 57 61 
97 56 34 
126 51 60 
102 47 21 
102 45 49 
106 45 50 
144 45 86 
140 40 81 
116 31 47 
107 29 12 
121 21 50 
116 18 46 
99 17 44 
101 16 85 
135 16 54 
101 15 42 
129 15 32 
112 14 60 
133 14 54 
112 12 51 
129 11 70 
128 10 49 
110 8 36 
110 7 22 
