20 222 61 
22 220 48 
24 202 45 
38 202 82 
167 200 39 
14 186 60 
15 186 37 
30 174 31 
23 143 23 
36 126 49 
43 111 76 
62 111 35 
38 104 30 
45 102 20 
35 99 40 
36 99 79 
58 96 75 
72 94 33 
71 90 16 
72 90 63 
25 89 27 
62 89 75 
63 89 79 
37 88 26 
70 88 41 
71 88 30 
72 88 27 
72 87 45 
55 84 36 
61 83 58 
49 82 21 
50 82 30 
46 80 64 
39 78 69 
61 77 49 
18 76 54 
41 73 72 
41 72 85 
41 71 37 
41 63 54 
71 58 70 
62 56 31 
56 53 40 
67 52 52 
25 50 73 
83 49 78 
52 38 30 
77 30 34 
89 28 65 
46 24 45 
47 24 58 
70 23 19 
88 23 47 
58 21 45 
72 21 33 
73 21 74 
69 18 36 
71 17 32 
90 13 79 
91 13 3 
77 12 51 
66 11 71 
76 11 62 
