102 240 47 
120 235 30 
127 232 64 
128 231 108 
126 230 78 
102 228 58 
121 228 33 
86 227 89 
116 227 70 
117 227 44 
95 225 70 
96 225 44 
116 225 26 
119 224 54 
112 223 57 
117 223 26 
90 221 54 
111 221 14 
117 217 42 
117 215 61 
93 211 51 
80 207 40 
77 205 92 
76 204 62 
167 200 2 
67 198 26 
85 193 12 
99 193 102 
94 192 62 
104 191 68 
106 191 45 
99 190 84 
104 190 21 
72 189 69 
94 188 59 
94 187 117 
94 185 29 
74 184 78 
100 184 56 
61 183 90 
86 180 18 
45 172 8 
70 163 42 
35 158 54 
75 156 47 
60 152 63 
47 149 86 
67 149 28 
83 143 51 
39 142 35 
83 142 63 
48 141 42 
48 140 52 
51 139 36 
51 138 22 
46 132 35 
59 131 100 
42 130 7 
37 122 59 
36 117 45 
43 115 71 
42 110 44 
41 109 39 
42 109 39 
24 92 64 
25 70 45 
17 69 45 
