179 241 3 
134 240 73 
139 240 64 
134 239 73 
141 239 85 
144 239 33 
186 239 14 
134 238 73 
165 238 64 
168 238 30 
175 238 14 
133 237 39 
138 237 45 
139 237 39 
143 237 18 
222 237 35 
163 236 29 
203 236 64 
134 235 75 
143 235 55 
143 234 35 
145 234 47 
150 234 34 
152 234 80 
181 234 48 
190 234 14 
135 233 31 
136 233 93 
139 233 85 
141 233 62 
150 233 49 
131 232 67 
132 232 60 
133 232 26 
137 232 62 
138 232 80 
146 232 33 
180 232 39 
193 232 54 
134 231 55 
136 231 100 
138 231 86 
146 231 47 
147 231 42 
150 231 67 
156 231 53 
157 231 55 
138 230 58 
142 230 60 
143 230 59 
144 230 65 
149 230 70 
133 229 25 
144 229 30 
148 229 13 
151 229 25 
153 229 48 
187 229 52 
132 228 59 
140 228 72 
155 228 53 
181 228 36 
190 228 56 
127 227 17 
132 227 26 
144 227 102 
159 227 68 
200 227 53 
124 226 54 
146 226 34 
193 226 70 
195 226 57 
131 225 30 
142 225 75 
131 224 44 
157 224 82 
186 224 37 
140 223 25 
146 223 38 
164 223 39 
177 223 33 
179 223 23 
191 223 32 
134 222 27 
142 222 101 
192 222 47 
142 221 75 
144 220 37 
178 220 40 
195 220 66 
143 219 70 
144 219 81 
183 219 50 
134 218 69 
142 218 96 
147 218 74 
148 218 66 
171 218 48 
181 218 78 
182 218 54 
128 217 50 
140 217 52 
142 217 37 
144 217 55 
167 217 93 
180 217 22 
186 217 49 
187 217 49 
188 217 36 
211 217 32 
136 216 60 
138 216 28 
142 216 92 
187 216 33 
191 216 28 
203 216 98 
215 216 39 
123 215 64 
132 215 20 
141 215 42 
144 215 66 
159 215 42 
162 215 51 
198 215 75 
152 214 38 
174 214 45 
183 214 86 
184 214 111 
192 214 52 
197 214 61 
164 213 39 
172 213 76 
185 213 62 
207 213 52 
208 213 56 
136 212 24 
163 212 48 
183 212 53 
185 212 36 
188 212 60 
196 212 65 
179 211 27 
180 211 52 
188 211 18 
197 211 66 
198 211 47 
137 210 13 
148 210 22 
164 210 41 
138 209 78 
141 209 63 
151 209 51 
176 209 42 
180 209 40 
185 209 36 
186 209 53 
193 209 27 
195 209 44 
131 208 25 
136 208 27 
143 208 49 
149 208 78 
151 208 45 
175 208 20 
191 208 78 
149 207 61 
181 207 33 
186 207 48 
217 207 46 
149 206 92 
154 206 119 
189 206 54 
196 206 62 
197 206 10 
136 205 93 
140 205 21 
144 205 25 
150 205 47 
156 205 33 
177 205 14 
144 204 76 
145 204 49 
150 204 54 
155 204 69 
156 204 47 
160 204 77 
165 204 62 
140 203 56 
145 203 35 
150 203 58 
156 203 60 
180 203 12 
136 202 42 
144 202 47 
149 202 36 
157 202 40 
159 202 38 
161 202 56 
164 202 69 
173 202 64 
178 202 60 
187 202 82 
192 202 38 
197 202 95 
214 202 55 
138 201 35 
139 201 46 
140 201 76 
146 201 62 
155 201 89 
156 201 67 
158 201 61 
164 201 22 
175 201 65 
183 201 69 
201 201 53 
137 200 41 
138 200 52 
140 200 16 
156 200 75 
160 200 33 
167 200 30 
171 200 79 
174 200 34 
179 200 46 
142 199 79 
159 199 64 
166 199 59 
139 198 81 
141 198 42 
149 198 68 
157 198 71 
171 198 111 
173 198 38 
174 198 55 
179 198 103 
204 198 86 
205 198 65 
149 197 102 
150 197 24 
156 197 42 
165 197 41 
170 197 31 
171 197 67 
178 197 44 
182 197 27 
205 197 37 
133 196 77 
134 196 10 
141 196 36 
143 196 58 
157 196 67 
160 196 76 
170 196 40 
171 196 69 
175 196 49 
192 196 37 
198 196 41 
130 195 62 
132 195 53 
142 195 114 
143 195 67 
148 195 40 
150 195 30 
152 195 69 
154 195 10 
157 195 45 
162 195 40 
170 195 31 
190 195 79 
197 195 70 
199 195 34 
203 195 65 
211 195 49 
133 194 42 
142 194 88 
143 194 60 
146 194 187 
147 194 122 
148 194 143 
151 194 67 
156 194 80 
168 194 89 
172 194 27 
173 194 53 
182 194 83 
183 194 19 
190 194 50 
193 194 80 
194 194 98 
198 194 65 
203 194 105 
207 194 123 
145 193 48 
146 193 94 
147 193 103 
152 193 76 
154 193 36 
156 193 38 
158 193 88 
161 193 22 
171 193 78 
182 193 65 
194 193 72 
207 193 31 
208 193 24 
145 192 55 
152 192 14 
168 192 36 
179 192 31 
188 192 116 
194 192 15 
200 192 16 
202 192 57 
211 192 15 
132 191 27 
140 191 84 
145 191 74 
146 191 88 
148 191 24 
154 191 18 
169 191 92 
176 191 87 
177 191 32 
181 191 15 
183 191 97 
185 191 54 
194 191 33 
198 191 58 
201 191 69 
203 191 29 
209 191 67 
132 190 54 
138 190 72 
147 190 55 
148 190 55 
152 190 95 
153 190 65 
154 190 44 
158 190 65 
165 190 92 
168 190 44 
169 190 44 
173 190 59 
179 190 45 
187 190 33 
191 190 80 
192 190 82 
199 190 26 
132 189 37 
137 189 57 
147 189 62 
171 189 87 
175 189 33 
176 189 94 
194 189 60 
209 189 123 
145 188 27 
150 188 72 
154 188 57 
156 188 70 
160 188 72 
167 188 32 
170 188 46 
173 188 47 
176 188 50 
180 188 71 
201 188 44 
206 188 73 
146 187 56 
153 187 103 
163 187 67 
169 187 47 
176 187 66 
188 187 45 
189 187 23 
190 187 34 
193 187 133 
203 187 86 
204 187 60 
139 186 76 
149 186 60 
151 186 24 
159 186 97 
160 186 49 
164 186 63 
165 186 47 
166 186 56 
167 186 41 
175 186 47 
177 186 34 
188 186 118 
189 186 18 
191 186 86 
193 186 55 
194 186 62 
136 185 61 
142 185 52 
148 185 19 
153 185 57 
155 185 52 
158 185 56 
159 185 34 
161 185 26 
165 185 107 
166 185 105 
167 185 37 
168 185 42 
172 185 52 
178 185 26 
181 185 100 
188 185 96 
190 185 61 
191 185 71 
192 185 22 
193 185 89 
195 185 7 
137 184 88 
138 184 37 
142 184 90 
145 184 90 
147 184 51 
148 184 61 
154 184 23 
157 184 85 
165 184 58 
169 184 18 
171 184 42 
175 184 54 
184 184 48 
187 184 51 
190 184 70 
192 184 46 
206 184 47 
144 183 49 
154 183 56 
155 183 72 
156 183 40 
157 183 14 
160 183 23 
163 183 71 
167 183 46 
170 183 33 
171 183 25 
176 183 12 
181 183 58 
183 183 84 
185 183 15 
188 183 62 
211 183 100 
220 183 55 
142 182 35 
144 182 40 
145 182 24 
155 182 104 
166 182 76 
167 182 37 
173 182 76 
175 182 102 
180 182 87 
188 182 62 
191 182 75 
195 182 28 
196 182 38 
153 181 24 
157 181 43 
158 181 18 
163 181 90 
170 181 55 
174 181 32 
176 181 103 
187 181 45 
190 181 54 
193 181 31 
199 181 62 
153 180 22 
156 180 46 
161 180 66 
162 180 88 
168 180 56 
169 180 77 
175 180 38 
177 180 79 
178 180 3 
181 180 82 
184 180 106 
189 180 12 
207 180 75 
136 179 24 
173 179 30 
180 179 29 
142 178 35 
145 178 90 
147 178 34 
148 178 41 
149 178 54 
154 178 69 
168 178 70 
174 178 27 
183 178 45 
186 178 34 
195 178 25 
202 178 27 
142 177 58 
144 177 87 
148 177 30 
154 177 81 
155 177 74 
156 177 61 
157 177 73 
168 177 75 
178 177 48 
180 177 80 
190 177 125 
191 177 51 
201 177 53 
161 176 51 
171 176 18 
173 176 56 
176 176 22 
181 176 71 
182 176 65 
184 176 67 
207 176 58 
160 175 90 
173 175 45 
174 175 21 
183 175 32 
186 175 55 
194 175 69 
160 174 81 
161 174 41 
142 173 57 
165 173 74 
166 173 37 
171 173 39 
183 173 57 
188 173 44 
206 173 57 
136 172 60 
140 172 10 
158 172 28 
161 172 30 
166 172 60 
169 172 77 
174 172 78 
176 172 52 
188 172 81 
194 172 93 
196 172 65 
214 172 46 
133 171 19 
159 171 59 
175 171 36 
176 171 88 
185 171 54 
191 171 29 
218 171 41 
134 170 54 
135 170 49 
159 170 44 
165 170 35 
214 170 80 
179 169 40 
180 169 52 
185 169 51 
178 168 64 
181 167 74 
182 167 106 
190 167 5 
174 166 54 
175 166 40 
198 166 121 
172 165 81 
179 165 51 
190 165 57 
149 163 46 
179 163 46 
176 162 79 
187 162 42 
182 161 9 
153 160 69 
178 159 39 
180 159 74 
181 159 56 
182 159 65 
168 158 45 
162 157 62 
199 156 13 
186 155 55 
162 154 83 
175 154 37 
180 154 59 
229 153 41 
194 150 27 
187 136 65 
193 136 69 
190 135 59 
193 135 83 
194 135 40 
224 135 51 
231 131 60 
222 130 52 
221 129 78 
223 128 84 
207 127 49 
182 126 65 
211 122 90 
220 121 32 
205 104 70 
237 100 59 
211 95 83 
219 83 26 
227 83 47 
220 75 83 
241 63 49 
235 56 39 
234 54 39 
224 51 45 
222 50 60 
239 38 44 
247 32 95 
225 22 54 
243 21 50 
230 17 59 
