59 240 23 
61 239 47 
66 239 63 
63 238 46 
42 235 80 
58 235 77 
87 235 53 
48 234 38 
69 234 69 
75 232 45 
76 232 33 
69 230 26 
68 226 71 
86 224 57 
33 219 87 
102 217 82 
11 216 66 
52 210 78 
67 210 31 
49 209 36 
47 208 16 
82 205 91 
59 204 49 
84 204 32 
71 202 51 
167 200 52 
38 199 40 
39 199 45 
46 196 65 
55 193 36 
58 193 85 
73 190 26 
75 190 75 
62 188 53 
72 185 89 
58 184 18 
53 183 42 
32 178 56 
32 177 50 
32 176 39 
47 173 71 
44 172 78 
92 167 57 
12 166 38 
35 164 38 
55 150 61 
62 148 43 
65 147 127 
65 146 5 
55 145 72 
65 145 71 
68 144 45 
24 142 24 
74 142 58 
83 142 64 
15 141 76 
65 141 67 
27 139 51 
47 138 67 
67 137 23 
53 136 62 
50 135 42 
43 133 63 
56 131 33 
59 131 44 
62 131 20 
70 131 106 
55 128 48 
58 128 29 
84 128 25 
50 127 45 
90 126 42 
62 125 43 
29 124 40 
66 124 70 
71 123 28 
55 119 40 
66 119 81 
67 118 68 
44 116 60 
45 116 84 
77 116 32 
61 115 66 
35 114 43 
36 114 51 
56 114 50 
67 114 64 
51 113 46 
52 113 100 
43 109 57 
65 109 51 
84 106 84 
57 105 52 
74 105 38 
61 100 32 
56 99 30 
56 98 48 
52 97 87 
63 95 41 
77 94 37 
55 91 15 
61 91 56 
59 90 20 
60 90 49 
36 84 48 
62 82 92 
92 82 45 
91 81 25 
43 80 58 
49 79 40 
62 78 61 
62 77 34 
58 75 62 
59 74 18 
60 74 29 
65 71 22 
45 70 68 
52 70 51 
37 67 83 
40 66 61 
52 65 17 
41 64 80 
47 62 24 
33 60 60 
48 59 44 
32 58 67 
32 53 97 
61 49 22 
51 24 43 
24 19 67 
32 14 43 
42 12 81 
44 12 44 
57 8 78 
