23 227 18 
23 226 82 
28 223 29 
40 223 93 
41 223 47 
28 222 42 
43 220 75 
21 218 54 
43 218 83 
18 216 71 
19 216 65 
50 215 66 
38 214 60 
44 214 54 
45 214 49 
55 214 109 
31 213 48 
55 212 33 
18 211 31 
48 211 64 
59 210 56 
60 210 37 
35 209 36 
61 209 54 
30 208 70 
45 208 18 
65 208 86 
24 207 24 
25 207 73 
202 207 78 
15 206 64 
30 206 56 
61 206 68 
62 206 54 
56 205 49 
61 205 25 
13 204 51 
23 204 46 
28 204 40 
46 203 66 
60 203 52 
29 202 30 
46 202 85 
48 202 47 
20 201 38 
35 201 18 
59 201 13 
60 201 28 
23 200 117 
26 200 41 
31 200 33 
48 200 56 
167 200 76 
23 199 67 
47 199 66 
57 199 48 
201 199 33 
16 198 80 
17 198 57 
35 198 69 
45 198 63 
17 197 52 
29 197 43 
42 197 48 
43 197 69 
36 196 60 
39 196 59 
40 196 55 
52 196 46 
69 196 50 
24 195 87 
25 195 40 
45 195 53 
64 195 70 
66 195 75 
68 195 41 
69 195 37 
23 194 36 
33 194 48 
40 194 18 
44 194 66 
53 194 28 
67 194 54 
72 194 53 
23 193 54 
29 193 12 
38 193 75 
46 193 65 
26 192 42 
40 191 30 
38 190 105 
51 190 71 
56 190 41 
17 189 16 
46 189 56 
48 189 33 
50 189 12 
196 189 37 
210 189 60 
14 188 54 
26 188 62 
42 188 40 
47 188 13 
60 188 19 
66 188 56 
165 188 66 
16 187 32 
18 187 60 
25 187 49 
37 187 14 
71 187 25 
15 186 84 
22 186 76 
23 186 45 
24 186 81 
33 186 53 
39 186 53 
41 186 45 
47 186 30 
48 186 30 
58 186 38 
67 186 88 
24 185 56 
39 185 55 
247 185 57 
19 184 30 
36 184 166 
206 184 30 
15 182 77 
32 182 22 
33 182 70 
43 182 29 
45 182 89 
9 181 67 
22 181 38 
23 181 70 
36 181 73 
41 181 11 
49 181 87 
157 181 60 
179 181 57 
200 181 36 
31 180 17 
35 180 57 
48 180 73 
102 180 55 
30 179 47 
39 179 46 
43 179 38 
44 179 74 
74 179 59 
19 178 30 
37 178 65 
53 178 37 
58 178 56 
237 178 59 
19 177 20 
42 177 37 
43 177 87 
222 177 27 
43 176 27 
49 176 60 
78 176 42 
15 175 27 
17 175 51 
113 175 25 
175 175 18 
25 174 46 
51 174 70 
175 174 70 
193 174 87 
203 174 57 
205 174 74 
213 174 56 
226 174 9 
227 174 39 
27 173 80 
85 173 28 
175 173 30 
228 173 51 
24 172 83 
27 172 40 
38 172 33 
48 172 34 
65 172 50 
197 172 30 
25 171 101 
209 171 40 
213 171 35 
227 171 46 
44 170 60 
183 170 39 
203 170 23 
211 170 48 
241 170 41 
243 170 50 
58 169 56 
183 169 48 
190 169 63 
24 168 47 
162 168 42 
169 168 52 
208 168 64 
211 168 80 
216 168 105 
29 167 124 
58 167 47 
168 167 37 
191 167 42 
209 167 19 
217 167 33 
164 166 64 
227 166 81 
208 165 23 
222 165 79 
30 164 103 
37 164 51 
146 164 52 
210 164 31 
30 163 34 
32 163 41 
38 163 23 
110 163 27 
182 163 43 
216 163 62 
220 163 69 
199 162 42 
217 162 43 
224 162 77 
239 162 55 
204 161 62 
201 158 20 
180 157 18 
210 157 74 
225 157 14 
229 157 63 
84 155 46 
174 155 66 
224 155 25 
225 155 20 
52 154 48 
147 154 74 
157 154 34 
164 154 33 
222 154 28 
225 154 71 
164 153 36 
165 153 30 
210 153 45 
224 153 20 
104 152 24 
119 152 40 
165 152 57 
210 152 61 
201 151 63 
166 150 57 
168 150 49 
242 149 38 
156 146 92 
216 146 36 
194 145 26 
239 145 33 
187 144 50 
211 139 37 
227 139 33 
236 138 48 
186 137 57 
187 137 76 
218 137 40 
200 129 48 
222 127 29 
170 122 69 
215 122 42 
232 116 53 
