167 200 54 
100 45 22 
101 43 58 
100 42 41 
101 42 13 
103 38 47 
108 36 43 
120 34 85 
133 34 89 
152 32 52 
116 31 57 
153 31 33 
163 31 86 
102 30 44 
104 30 57 
111 30 84 
108 29 29 
115 29 52 
137 29 56 
156 29 34 
134 28 35 
92 27 52 
96 26 51 
105 26 51 
109 26 43 
120 26 36 
97 25 55 
155 25 27 
86 24 31 
95 24 56 
98 24 11 
106 24 91 
124 24 71 
160 24 48 
97 23 46 
120 23 22 
126 23 98 
154 23 53 
87 22 41 
114 22 32 
116 22 48 
153 22 28 
156 22 39 
94 21 74 
109 21 72 
116 21 73 
147 21 45 
82 20 79 
110 20 94 
116 20 57 
82 19 87 
84 19 70 
85 19 70 
92 19 61 
130 19 72 
131 19 100 
82 18 104 
83 18 42 
84 18 225 
85 18 59 
86 18 36 
90 18 103 
91 18 17 
122 18 62 
130 18 52 
80 17 57 
81 17 20 
82 17 138 
83 17 101 
84 17 54 
85 17 143 
89 17 54 
90 17 66 
82 16 59 
83 16 127 
84 16 71 
100 16 49 
120 16 64 
121 16 77 
122 16 36 
146 16 75 
148 16 39 
81 15 61 
82 15 109 
83 15 132 
84 15 74 
86 15 35 
93 15 58 
117 15 63 
120 15 59 
130 15 79 
149 15 36 
160 15 40 
83 14 189 
84 14 218 
85 14 97 
92 14 42 
114 14 21 
116 14 79 
129 14 89 
134 14 51 
135 14 44 
81 13 71 
82 13 20 
84 13 116 
85 13 90 
86 13 62 
107 13 38 
112 13 37 
134 13 73 
42 12 69 
81 12 116 
82 12 52 
84 12 122 
86 12 57 
87 12 104 
103 12 49 
114 12 64 
123 12 86 
142 12 35 
83 11 75 
121 11 81 
143 11 35 
160 11 92 
44 10 75 
66 10 62 
68 10 34 
89 10 33 
108 10 57 
115 10 49 
123 10 24 
64 9 77 
107 9 21 
130 9 57 
69 8 43 
120 8 44 
142 8 80 
45 7 76 
46 7 81 
47 7 49 
56 7 72 
60 7 67 
125 7 37 
43 6 20 
45 6 45 
52 6 50 
114 6 103 
59 5 63 
128 5 39 
42 4 58 
43 4 54 
46 4 52 
49 4 20 
58 4 33 
37 3 38 
43 3 81 
45 3 89 
50 3 72 
37 2 48 
41 2 45 
45 2 36 
46 2 44 
48 2 69 
49 2 76 
40 1 58 
43 1 76 
45 1 22 
47 1 32 
48 1 59 
51 1 64 
36 0 75 
42 0 60 
44 0 63 
45 0 81 
46 0 84 
47 0 30 
50 0 127 
54 0 89 
58 0 25 
