91 239 67 
61 237 59 
83 237 22 
83 236 139 
83 235 83 
83 233 35 
60 222 61 
61 221 66 
76 221 32 
77 218 77 
71 214 54 
70 213 40 
74 212 73 
96 209 52 
87 208 50 
167 200 87 
69 199 56 
89 197 51 
68 196 65 
81 191 90 
83 191 31 
70 189 63 
72 188 62 
100 187 16 
85 182 61 
106 181 25 
73 179 80 
74 179 47 
82 177 34 
74 174 48 
76 173 37 
79 172 62 
107 167 33 
113 167 60 
90 166 77 
106 166 76 
98 164 50 
83 163 44 
85 163 62 
92 163 34 
93 163 39 
86 161 79 
92 161 69 
58 160 90 
94 159 16 
86 158 48 
77 157 17 
47 156 58 
62 156 86 
66 156 64 
72 156 67 
78 155 79 
94 150 70 
93 149 55 
93 147 57 
65 146 45 
93 146 79 
79 143 44 
73 142 48 
79 140 53 
82 137 73 
76 134 55 
67 131 94 
68 131 49 
68 130 98 
69 130 99 
69 129 25 
53 128 71 
91 128 75 
87 127 37 
88 127 69 
108 127 86 
121 125 49 
63 118 28 
94 114 67 
95 114 101 
95 113 50 
96 113 4 
97 113 52 
73 110 71 
94 110 42 
94 109 43 
95 109 60 
96 109 26 
88 104 34 
98 104 55 
58 102 53 
55 98 70 
57 97 38 
78 92 76 
112 92 45 
78 91 51 
112 91 85 
78 90 30 
74 87 49 
89 86 46 
57 85 57 
70 84 33 
88 83 45 
74 81 78 
95 81 44 
98 81 62 
105 76 27 
93 75 64 
106 75 57 
59 74 46 
83 74 37 
54 73 30 
75 73 19 
58 72 80 
73 70 40 
46 68 70 
122 68 40 
64 64 47 
74 62 94 
75 53 44 
69 52 36 
48 51 56 
78 51 34 
115 48 40 
42 43 61 
45 43 47 
63 43 37 
56 41 73 
58 38 72 
87 38 44 
92 37 46 
59 36 26 
29 34 51 
44 34 65 
82 34 54 
67 33 29 
78 32 42 
100 32 32 
101 29 38 
107 29 41 
46 26 48 
64 25 60 
74 24 36 
51 23 68 
57 22 75 
40 19 80 
33 17 52 
60 17 22 
77 17 67 
66 16 30 
71 14 34 
66 13 37 
47 12 48 
52 11 53 
50 6 48 
58 2 44 
29 1 87 
