166 239 53 
156 238 87 
158 237 98 
159 233 43 
147 232 39 
159 230 39 
141 227 49 
206 225 56 
159 217 51 
169 214 41 
192 214 33 
162 213 19 
184 212 35 
169 205 80 
167 200 7 
205 191 82 
233 189 69 
182 185 74 
240 185 81 
200 184 46 
203 184 62 
185 183 26 
164 179 49 
181 177 47 
215 177 114 
204 173 38 
201 172 56 
221 171 57 
184 168 77 
214 168 90 
214 167 75 
220 167 24 
199 166 38 
221 166 65 
195 165 31 
207 164 41 
208 161 63 
212 160 69 
223 160 69 
223 158 47 
227 158 58 
227 154 80 
220 151 50 
184 149 55 
227 144 52 
204 140 66 
215 124 97 
235 84 63 
