54 241 65 
61 239 47 
67 239 40 
89 238 36 
127 237 84 
47 236 29 
82 236 39 
87 236 62 
102 236 14 
43 234 17 
66 234 89 
84 234 63 
85 234 41 
44 233 92 
64 233 7 
69 233 51 
70 233 51 
80 232 69 
81 232 34 
83 232 39 
84 232 75 
67 230 25 
45 227 62 
54 227 23 
62 227 48 
91 226 54 
120 226 43 
72 225 36 
79 225 34 
100 225 54 
107 224 70 
75 223 43 
62 222 103 
97 222 67 
62 221 33 
72 221 38 
84 221 87 
87 221 46 
88 221 70 
120 221 48 
81 219 44 
88 219 48 
92 219 82 
111 219 42 
33 218 47 
56 218 79 
76 218 72 
94 218 75 
103 218 35 
82 217 34 
104 217 95 
51 216 88 
58 216 82 
71 216 23 
41 215 48 
65 215 169 
77 215 97 
82 215 35 
94 215 55 
46 214 35 
54 214 28 
91 214 22 
74 213 51 
81 213 23 
57 211 71 
65 210 61 
70 210 38 
72 210 14 
85 210 101 
90 210 76 
108 210 71 
83 209 70 
91 209 46 
92 209 22 
76 208 33 
79 208 68 
83 208 70 
86 208 74 
87 208 79 
50 207 45 
79 207 24 
103 207 61 
70 206 25 
71 206 33 
91 206 87 
120 206 77 
101 205 80 
117 205 50 
67 204 49 
91 204 72 
103 204 66 
56 203 82 
89 203 66 
101 203 50 
76 202 71 
78 202 106 
90 202 47 
101 202 67 
37 200 107 
75 200 26 
99 200 45 
110 200 22 
167 200 63 
29 199 65 
74 199 70 
76 199 52 
99 199 34 
44 198 72 
88 198 37 
29 197 57 
43 197 40 
44 197 79 
47 196 95 
83 196 68 
106 196 60 
128 196 37 
18 195 43 
47 195 15 
59 195 23 
63 195 58 
87 195 63 
90 195 38 
94 195 93 
58 194 65 
59 194 43 
77 194 44 
88 194 45 
19 193 50 
54 193 19 
64 193 70 
56 192 40 
81 192 74 
85 192 45 
86 192 78 
91 191 106 
92 191 93 
94 191 56 
57 190 69 
93 190 89 
69 189 70 
85 189 41 
33 188 67 
72 188 69 
74 188 54 
79 188 72 
81 188 50 
93 188 70 
115 188 98 
86 187 27 
44 186 30 
46 186 47 
47 186 60 
49 185 38 
65 185 14 
68 185 50 
73 185 24 
54 184 90 
74 184 82 
97 184 74 
52 183 16 
70 183 86 
71 183 44 
72 183 108 
118 183 62 
42 182 63 
57 182 42 
74 182 58 
42 181 26 
49 181 57 
53 181 134 
54 181 67 
58 181 44 
45 180 41 
53 180 17 
62 180 70 
93 180 56 
59 179 85 
62 179 75 
68 179 84 
46 178 48 
65 178 42 
79 178 47 
80 178 42 
60 177 28 
64 177 70 
81 177 43 
89 177 62 
60 176 84 
61 176 78 
59 175 22 
84 175 58 
58 173 31 
69 173 70 
90 173 63 
62 172 54 
123 172 48 
73 171 41 
99 167 97 
77 166 30 
83 166 27 
54 164 60 
62 164 82 
63 164 72 
84 164 48 
106 164 65 
52 163 36 
64 163 55 
16 162 47 
20 161 83 
34 160 54 
56 160 44 
39 156 58 
71 156 36 
76 156 55 
44 152 40 
50 152 71 
50 148 92 
65 146 94 
53 142 18 
65 141 31 
61 140 62 
49 139 56 
42 138 62 
66 136 80 
77 135 43 
89 135 40 
27 133 52 
34 133 94 
42 133 59 
27 132 27 
54 131 65 
35 128 34 
47 125 72 
48 125 28 
71 119 39 
27 118 30 
25 117 50 
26 117 83 
18 97 66 
62 95 29 
11 94 26 
40 83 52 
15 71 90 
17 68 51 
36 67 53 
41 58 41 
19 54 75 
29 54 31 
22 48 64 
45 40 29 
25 38 84 
43 38 32 
36 36 71 
17 27 41 
30 15 56 
17 7 84 
29 5 38 
