40 228 88 
30 227 80 
40 227 49 
41 227 26 
26 222 53 
68 221 47 
41 220 55 
90 219 52 
90 218 62 
54 215 14 
67 215 34 
105 212 45 
79 211 77 
81 211 40 
89 210 31 
36 205 59 
106 200 49 
167 200 54 
67 199 68 
76 199 70 
33 198 115 
86 197 70 
107 197 58 
33 196 45 
140 196 92 
34 195 42 
36 194 62 
111 194 47 
96 193 18 
154 190 43 
55 189 34 
122 188 76 
81 187 48 
107 186 26 
62 182 45 
63 182 1 
83 179 79 
117 179 39 
113 177 57 
13 176 36 
113 176 45 
77 172 20 
133 170 75 
171 170 63 
101 165 39 
147 165 67 
60 164 61 
135 164 58 
162 164 22 
97 158 99 
82 156 59 
195 156 95 
216 155 46 
173 147 46 
173 146 38 
135 145 43 
204 143 7 
194 142 60 
199 141 70 
196 138 45 
197 138 94 
236 138 40 
238 138 70 
212 137 85 
213 137 59 
197 136 76 
201 133 16 
137 132 67 
138 132 28 
215 132 45 
138 130 46 
152 127 49 
153 127 88 
192 125 44 
241 125 53 
186 123 49 
237 123 25 
228 121 73 
222 119 54 
214 117 26 
213 115 39 
137 111 68 
217 102 59 
198 101 48 
167 99 44 
213 98 28 
213 96 42 
213 95 59 
