167 200 90 
125 159 98 
126 159 38 
110 150 35 
117 150 35 
109 149 47 
97 148 67 
109 148 43 
96 144 70 
96 140 40 
98 137 69 
93 135 86 
97 134 36 
131 130 54 
109 128 44 
64 127 47 
109 127 48 
128 120 39 
113 119 77 
69 116 61 
89 115 73 
116 115 38 
129 115 50 
134 114 30 
103 113 68 
94 111 38 
103 109 29 
92 107 35 
90 105 47 
98 105 58 
75 99 38 
104 98 49 
76 97 73 
81 97 66 
112 97 37 
98 96 92 
102 96 73 
111 96 39 
74 95 68 
76 94 70 
80 94 49 
74 93 40 
80 93 29 
79 92 38 
93 92 10 
72 91 89 
72 90 62 
92 90 4 
101 90 49 
103 88 45 
105 87 82 
117 87 48 
105 86 103 
81 85 26 
85 85 25 
88 85 24 
97 85 55 
103 85 50 
91 84 66 
133 84 26 
48 83 65 
62 83 51 
86 83 36 
70 82 45 
76 82 40 
77 82 53 
86 82 73 
90 82 17 
70 81 43 
72 81 64 
77 81 72 
84 81 24 
85 81 49 
68 80 51 
91 80 88 
92 80 60 
101 79 13 
104 78 46 
92 77 56 
93 75 16 
101 75 40 
114 75 87 
100 74 12 
109 74 32 
112 74 79 
131 73 45 
94 72 25 
100 72 41 
64 71 47 
87 71 48 
97 71 98 
86 69 35 
65 68 23 
100 68 43 
68 67 28 
83 67 51 
97 67 74 
91 66 58 
105 66 35 
90 65 31 
93 65 30 
94 65 76 
50 64 36 
94 63 88 
104 60 67 
54 59 17 
123 59 38 
76 58 59 
122 58 45 
122 57 72 
73 55 56 
82 55 25 
79 52 66 
92 52 63 
102 52 50 
109 52 34 
88 48 41 
79 47 29 
75 46 50 
68 45 35 
72 45 52 
68 44 94 
93 44 28 
118 44 44 
77 42 64 
87 42 86 
108 42 105 
57 41 51 
57 40 82 
102 36 108 
78 35 22 
112 34 68 
104 33 87 
111 31 48 
84 30 42 
68 26 62 
71 25 22 
72 25 42 
78 23 52 
58 22 76 
81 22 90 
72 20 59 
87 19 51 
69 15 106 
90 12 67 
