75 217 56 
41 215 59 
60 202 36 
167 200 16 
79 196 70 
79 195 37 
78 187 79 
91 187 92 
92 185 41 
93 184 41 
77 182 62 
63 177 52 
107 176 51 
115 174 77 
77 173 60 
100 173 41 
52 171 66 
68 167 39 
78 165 48 
86 164 68 
47 163 37 
97 163 62 
53 162 73 
48 160 54 
78 159 56 
106 159 38 
70 158 63 
73 155 60 
76 155 46 
80 155 44 
144 154 100 
103 153 36 
133 153 92 
129 152 34 
108 151 26 
110 149 45 
111 148 53 
134 145 33 
83 142 45 
82 140 63 
117 139 56 
134 138 35 
63 137 49 
124 137 21 
105 136 26 
106 136 54 
45 135 33 
138 132 67 
123 129 35 
118 128 57 
122 128 91 
123 128 9 
96 124 34 
79 123 41 
134 123 32 
78 122 46 
79 122 14 
116 122 66 
183 122 43 
117 118 65 
154 118 88 
153 117 56 
161 115 60 
167 115 75 
129 113 28 
131 113 69 
153 113 70 
124 112 50 
160 112 99 
119 111 73 
124 111 29 
158 111 33 
159 111 37 
142 110 35 
168 109 9 
204 108 70 
119 107 79 
144 107 51 
148 107 46 
167 107 81 
144 106 34 
148 106 75 
150 106 76 
132 105 52 
174 105 65 
162 104 42 
174 104 15 
175 104 90 
168 102 68 
133 101 45 
142 101 37 
143 101 68 
145 101 69 
169 101 48 
132 100 40 
158 100 25 
194 99 73 
143 98 67 
194 98 39 
195 98 50 
184 97 67 
97 96 42 
113 96 93 
142 96 53 
156 96 30 
159 95 58 
173 95 59 
107 94 60 
173 94 63 
148 93 66 
149 93 50 
98 92 37 
148 92 52 
191 92 76 
97 91 48 
110 91 83 
182 90 48 
139 88 60 
148 88 61 
136 87 65 
142 87 23 
163 87 55 
149 86 75 
168 86 34 
179 86 101 
180 86 72 
184 86 54 
147 85 62 
149 85 21 
168 84 65 
169 84 31 
179 84 73 
164 83 63 
104 82 57 
158 82 68 
194 82 73 
127 81 45 
105 80 52 
223 80 60 
166 79 30 
188 78 51 
211 78 27 
133 75 86 
182 75 46 
140 74 37 
152 73 40 
168 72 45 
171 72 60 
172 72 112 
194 72 28 
172 71 20 
173 70 25 
200 70 25 
178 69 67 
199 69 42 
198 68 41 
209 68 29 
190 66 49 
187 64 57 
197 64 41 
238 63 65 
165 62 40 
213 62 33 
154 61 79 
164 59 55 
183 59 75 
195 59 56 
174 57 50 
201 57 122 
156 56 34 
169 56 23 
205 54 39 
212 54 46 
191 52 20 
205 52 38 
197 49 76 
207 48 69 
177 47 71 
203 47 54 
210 47 30 
236 47 86 
183 46 59 
207 46 59 
211 45 85 
232 45 43 
201 44 55 
219 44 30 
206 43 28 
204 40 65 
220 38 32 
201 37 44 
220 37 74 
190 36 33 
199 35 36 
225 34 53 
207 33 37 
245 32 52 
201 31 42 
226 21 45 
236 18 40 
200 16 34 
245 15 37 
215 11 75 
240 9 77 
