214 243 49 
201 241 33 
202 241 66 
176 236 52 
194 236 66 
224 231 34 
240 231 80 
208 230 48 
185 229 30 
203 229 56 
208 229 44 
223 228 53 
224 228 87 
243 225 56 
242 223 59 
216 220 49 
226 214 62 
235 207 50 
230 202 87 
167 200 40 
239 199 30 
238 198 58 
196 190 39 
189 188 46 
224 176 83 
225 173 41 
237 173 41 
230 165 66 
231 165 23 
230 164 46 
180 161 34 
203 161 61 
229 160 22 
214 158 58 
194 155 75 
216 154 79 
221 154 67 
212 153 37 
217 151 60 
193 145 49 
198 145 26 
192 144 90 
207 144 47 
225 144 46 
193 143 22 
204 143 44 
218 143 61 
209 142 20 
209 141 20 
220 141 71 
221 141 51 
218 138 53 
226 138 26 
224 137 66 
239 136 51 
182 135 48 
223 135 66 
213 130 93 
211 124 78 
214 122 73 
231 122 43 
217 120 94 
239 115 68 
204 112 49 
213 86 44 
198 81 70 
234 77 35 
229 75 59 
214 74 75 
226 72 47 
201 68 79 
217 63 68 
168 55 54 
169 55 46 
237 52 55 
225 38 36 
212 37 42 
221 32 54 
204 25 41 
194 24 45 
218 19 80 
176 18 51 
