117 232 100 
118 232 81 
120 232 26 
119 231 103 
120 231 129 
107 230 73 
117 230 115 
118 230 492 
119 230 91 
120 230 114 
112 229 48 
116 229 83 
117 229 110 
118 229 282 
119 229 134 
120 229 96 
112 228 80 
118 228 71 
120 228 45 
120 227 27 
115 226 51 
118 226 50 
106 225 92 
107 225 28 
102 224 64 
103 224 24 
107 223 62 
108 223 55 
109 223 69 
110 223 75 
111 223 81 
108 222 48 
110 222 33 
114 222 58 
109 221 73 
111 221 58 
109 220 94 
117 220 21 
91 217 27 
105 216 59 
110 216 51 
79 214 26 
79 213 88 
82 213 3 
84 213 20 
86 213 42 
78 212 118 
100 212 56 
82 211 21 
83 211 31 
84 210 51 
77 209 15 
82 209 38 
83 209 37 
84 209 44 
85 209 55 
92 209 56 
93 209 76 
77 208 49 
85 208 49 
99 208 67 
100 208 65 
78 207 68 
79 207 47 
89 207 25 
80 206 87 
87 206 13 
81 205 54 
82 205 74 
85 205 71 
89 205 24 
99 205 50 
79 204 79 
85 204 73 
86 204 59 
88 204 90 
76 203 107 
80 203 47 
85 203 56 
86 203 22 
87 203 85 
89 203 67 
76 202 45 
80 202 20 
84 202 52 
85 202 52 
87 202 27 
92 202 33 
78 201 55 
79 201 34 
82 201 95 
86 201 29 
87 201 65 
88 201 65 
92 201 40 
71 200 40 
79 200 89 
86 200 34 
87 200 58 
167 200 73 
86 199 89 
70 198 49 
73 198 108 
74 198 106 
77 198 27 
82 198 30 
84 198 52 
86 198 48 
87 198 18 
70 197 37 
79 197 12 
80 197 73 
81 197 57 
83 197 51 
86 197 49 
90 197 38 
91 197 77 
79 195 52 
81 195 60 
82 195 73 
83 195 15 
81 194 22 
87 194 60 
90 194 63 
77 192 15 
81 192 33 
82 192 62 
86 192 91 
88 192 41 
86 191 59 
87 191 48 
88 191 27 
89 191 116 
90 191 47 
89 190 76 
56 189 54 
52 188 19 
59 186 63 
64 186 53 
66 182 74 
42 181 42 
33 180 78 
35 180 74 
53 180 23 
32 178 35 
34 178 67 
65 178 50 
34 177 68 
18 176 67 
38 176 38 
59 176 59 
21 170 35 
31 170 38 
34 168 38 
45 168 33 
61 168 63 
43 167 67 
32 166 36 
51 166 51 
27 163 62 
10 162 66 
39 162 79 
25 161 57 
40 161 57 
32 160 41 
34 160 43 
48 160 42 
27 159 31 
32 159 77 
26 158 49 
27 158 33 
35 158 62 
57 158 82 
38 157 54 
20 156 43 
19 155 65 
17 154 41 
27 151 52 
18 146 65 
19 146 53 
31 145 58 
22 143 54 
30 143 59 
22 142 56 
22 141 85 
15 140 51 
