46 242 20 
62 236 77 
77 235 64 
64 232 51 
67 232 95 
46 231 55 
76 230 30 
91 230 87 
42 229 60 
32 227 63 
58 227 45 
78 227 60 
50 226 51 
55 226 9 
60 226 63 
71 226 27 
73 226 39 
74 225 70 
45 224 89 
46 222 79 
77 221 24 
50 220 77 
79 220 87 
89 220 37 
39 219 34 
85 219 31 
100 219 38 
72 218 57 
69 216 56 
49 215 53 
93 215 26 
37 214 47 
61 214 45 
83 214 37 
93 214 102 
63 213 74 
69 213 44 
42 212 52 
79 212 54 
61 210 52 
49 209 37 
64 209 30 
65 209 30 
37 208 71 
84 207 87 
42 206 68 
54 205 86 
68 203 59 
76 203 13 
83 203 36 
51 202 69 
81 202 87 
83 202 66 
69 201 41 
47 200 22 
50 200 74 
51 200 19 
68 200 58 
88 200 55 
167 200 49 
68 199 30 
78 199 89 
54 198 28 
60 198 29 
62 198 74 
89 198 51 
48 196 54 
74 196 42 
86 196 61 
54 195 32 
39 194 60 
65 194 92 
55 193 16 
61 193 71 
63 193 54 
66 193 103 
60 192 104 
61 192 24 
62 192 38 
66 192 71 
89 192 24 
69 191 25 
72 190 52 
75 186 37 
59 183 70 
31 181 57 
38 181 40 
50 181 37 
31 180 57 
64 180 40 
26 178 62 
27 178 87 
60 178 59 
36 177 15 
54 176 22 
83 176 105 
44 172 58 
52 172 60 
46 171 37 
54 170 57 
54 169 70 
72 168 73 
36 167 38 
57 167 40 
60 164 42 
43 163 49 
66 161 76 
49 160 68 
47 159 25 
62 159 68 
30 155 54 
23 152 78 
16 151 108 
41 151 53 
13 146 42 
48 142 67 
51 141 22 
31 137 36 
40 136 15 
31 135 39 
27 134 39 
55 133 46 
64 133 32 
33 130 60 
34 127 92 
34 124 52 
29 123 67 
14 115 66 
16 115 33 
59 115 30 
46 114 59 
33 112 11 
31 104 31 
27 100 55 
34 79 44 
39 76 28 
42 73 49 
20 61 40 
25 60 85 
12 34 79 
34 31 54 
