241 231 38 
200 204 38 
199 202 28 
200 202 23 
167 200 45 
238 198 59 
221 165 92 
203 163 38 
222 147 52 
235 146 30 
186 144 79 
190 133 51 
178 125 30 
165 111 53 
206 105 71 
168 86 47 
173 86 46 
187 80 28 
173 76 30 
122 74 25 
141 73 49 
139 67 45 
129 66 42 
127 58 38 
129 54 48 
141 53 26 
114 52 71 
140 52 94 
143 51 45 
167 51 73 
167 50 81 
115 45 72 
98 44 56 
118 44 32 
146 42 22 
124 40 38 
134 35 67 
136 35 39 
141 35 58 
114 34 65 
120 34 76 
135 33 30 
149 33 78 
166 33 69 
137 31 88 
166 30 73 
114 29 71 
143 29 111 
152 28 50 
140 27 34 
141 27 35 
136 26 59 
153 26 74 
111 25 50 
141 25 39 
90 23 39 
101 23 64 
148 21 34 
96 20 18 
122 19 48 
128 19 45 
129 18 62 
133 18 49 
141 18 4 
143 17 53 
153 17 44 
129 15 35 
122 11 68 
155 10 28 
142 9 62 
