167 200 75 
16 126 51 
32 113 57 
37 111 36 
39 109 32 
49 109 79 
49 106 16 
26 104 9 
31 103 45 
42 102 76 
17 100 70 
27 98 25 
30 98 73 
21 96 43 
48 96 53 
49 96 104 
50 96 31 
51 96 50 
32 95 70 
41 95 56 
14 94 59 
31 94 70 
45 93 27 
30 91 54 
43 91 53 
35 90 93 
39 90 78 
40 90 70 
54 90 24 
19 89 68 
21 89 10 
24 89 110 
71 89 41 
24 88 66 
25 88 29 
30 88 45 
31 88 87 
33 88 22 
40 88 41 
23 87 71 
24 87 58 
28 87 108 
31 87 87 
32 87 85 
33 87 53 
34 87 50 
54 87 69 
55 87 13 
22 86 73 
23 86 89 
26 86 57 
32 86 11 
39 86 33 
55 86 29 
10 85 52 
20 85 60 
36 85 79 
37 85 58 
62 84 78 
66 84 58 
17 83 43 
39 83 19 
49 83 59 
55 83 24 
30 82 52 
38 82 64 
50 82 41 
57 82 64 
42 81 63 
51 81 58 
60 81 34 
73 80 44 
38 79 65 
22 78 59 
26 78 73 
28 78 60 
43 78 74 
41 77 44 
54 77 23 
56 77 59 
67 77 25 
19 76 39 
29 76 61 
31 76 52 
32 75 66 
39 75 75 
35 74 79 
46 74 82 
54 74 75 
55 74 38 
56 74 48 
38 73 48 
41 73 75 
42 73 66 
54 73 66 
85 73 50 
38 72 46 
68 72 30 
85 72 48 
59 71 6 
41 70 52 
43 70 31 
44 70 102 
49 70 46 
91 70 62 
92 70 112 
14 69 56 
26 69 75 
44 69 22 
59 69 78 
26 68 30 
47 68 42 
52 68 28 
73 68 49 
103 68 42 
105 68 36 
46 67 48 
50 67 60 
53 67 30 
59 67 79 
73 67 77 
38 66 90 
40 66 35 
47 66 79 
51 66 30 
70 66 60 
18 65 35 
54 65 21 
61 65 54 
81 65 74 
22 64 71 
41 64 42 
42 64 40 
70 64 22 
81 64 40 
34 63 97 
39 63 41 
40 63 59 
44 63 51 
64 62 46 
62 61 29 
69 61 25 
28 60 35 
76 60 21 
38 59 13 
44 59 18 
53 59 63 
62 59 26 
67 59 38 
22 58 74 
24 58 32 
36 58 60 
39 58 37 
52 58 73 
74 58 39 
80 58 25 
82 58 80 
22 57 44 
30 57 86 
50 57 74 
68 57 67 
56 56 25 
65 56 14 
38 55 42 
50 55 62 
57 55 71 
56 54 68 
64 54 41 
71 54 49 
32 53 79 
75 53 38 
79 53 26 
85 53 24 
37 52 35 
45 52 44 
48 52 70 
52 52 57 
65 52 46 
38 51 61 
44 51 64 
58 51 61 
59 51 70 
82 51 73 
85 51 58 
39 49 48 
39 48 42 
47 48 62 
50 48 73 
68 48 33 
23 47 45 
70 47 54 
105 47 65 
53 46 62 
67 44 48 
93 44 20 
41 43 42 
69 42 25 
94 42 42 
50 41 25 
80 40 30 
48 39 20 
49 39 74 
51 39 56 
47 38 84 
48 38 48 
49 38 53 
59 38 48 
63 38 73 
75 38 25 
76 37 43 
77 37 50 
48 36 52 
67 36 80 
51 34 86 
109 33 75 
91 32 61 
37 31 37 
53 30 56 
69 30 76 
91 30 49 
90 29 73 
92 27 30 
94 27 31 
102 27 14 
105 27 32 
79 25 7 
81 25 16 
96 25 73 
60 24 75 
112 24 35 
97 23 41 
146 23 69 
101 22 22 
115 21 50 
118 20 41 
73 17 53 
112 17 59 
104 16 77 
112 16 41 
101 15 51 
105 14 38 
130 13 31 
131 13 59 
115 12 30 
128 9 41 
111 8 38 
111 7 50 
