155 234 59 
82 231 44 
118 228 69 
113 224 66 
117 220 59 
120 216 88 
90 215 48 
94 215 21 
123 210 76 
123 207 49 
104 201 60 
107 200 28 
167 200 59 
156 198 70 
87 192 53 
94 186 56 
100 186 65 
96 185 22 
122 185 73 
96 184 69 
120 178 55 
115 176 51 
100 175 50 
116 173 46 
119 173 50 
153 173 49 
109 172 76 
114 172 53 
128 171 80 
135 169 39 
131 168 49 
95 167 44 
100 166 42 
103 164 84 
114 164 93 
87 163 44 
142 162 68 
117 161 43 
103 160 51 
123 159 20 
86 157 39 
127 157 42 
103 155 51 
109 155 36 
127 153 58 
113 152 43 
138 152 71 
154 151 20 
135 149 25 
136 149 45 
137 149 119 
121 145 70 
123 142 9 
87 135 32 
106 124 30 
106 123 32 
109 122 34 
108 121 83 
109 121 98 
90 116 41 
98 113 52 
120 111 65 
122 89 49 
101 86 15 
103 83 28 
111 79 61 
94 77 83 
98 77 30 
93 75 56 
107 75 65 
74 73 83 
74 72 37 
87 72 67 
120 64 37 
81 56 36 
82 45 65 
110 44 34 
111 44 65 
111 43 84 
84 38 71 
103 31 68 
58 23 57 
98 17 50 
99 17 74 
