96 236 33 
119 236 56 
124 230 76 
96 229 30 
97 229 84 
94 222 65 
96 221 65 
108 221 99 
96 220 62 
97 220 74 
119 220 49 
97 219 58 
105 219 33 
91 217 25 
103 214 48 
130 208 53 
132 208 68 
76 207 82 
89 206 66 
91 203 40 
110 203 74 
93 202 55 
121 202 50 
167 200 62 
114 195 68 
103 193 51 
71 192 76 
106 192 64 
102 189 52 
103 187 43 
139 187 46 
82 185 82 
131 183 42 
92 179 71 
138 179 46 
116 178 13 
111 176 64 
115 173 33 
100 147 62 
110 145 83 
109 144 85 
110 144 40 
111 144 33 
111 143 49 
102 142 38 
115 141 30 
95 140 10 
156 140 48 
138 139 75 
139 139 31 
91 137 48 
133 135 75 
115 133 34 
98 132 35 
118 128 24 
110 127 48 
102 123 48 
96 122 18 
122 114 28 
127 111 31 
111 110 56 
114 109 71 
125 107 94 
102 106 46 
128 101 56 
135 98 31 
126 93 42 
114 90 62 
128 76 8 
128 75 72 
135 71 49 
138 67 42 
143 53 20 
165 53 17 
166 53 85 
136 48 39 
137 47 50 
105 40 48 
137 40 25 
127 35 42 
132 35 41 
124 23 36 
125 23 49 
122 22 57 
141 20 58 
120 18 38 
121 18 34 
127 17 66 
142 17 29 
162 17 79 
134 15 38 
119 6 58 
