143 243 47 
176 241 29 
141 240 53 
145 240 25 
175 239 91 
176 239 71 
180 239 81 
181 239 81 
137 238 75 
151 238 21 
178 238 31 
140 236 60 
145 236 22 
164 236 79 
141 235 57 
145 234 65 
153 234 35 
156 234 76 
204 234 58 
157 233 25 
172 233 29 
175 233 35 
177 233 17 
145 232 60 
153 232 48 
154 232 47 
175 232 67 
176 232 45 
141 231 58 
142 231 19 
146 231 91 
149 231 36 
164 231 53 
165 231 56 
168 231 55 
175 231 98 
184 231 38 
141 230 87 
142 230 82 
146 230 88 
163 230 66 
125 229 31 
142 229 46 
146 229 52 
149 229 71 
134 228 41 
137 228 30 
141 228 31 
159 228 66 
160 228 47 
164 228 17 
166 228 58 
173 228 23 
139 227 79 
160 227 47 
170 227 58 
129 226 85 
136 226 48 
139 226 39 
161 226 17 
180 226 38 
140 225 57 
165 225 34 
181 225 52 
156 224 55 
160 224 17 
161 224 21 
177 224 56 
126 223 77 
135 223 33 
156 223 78 
164 223 64 
136 222 67 
149 222 67 
167 222 7 
169 222 41 
178 222 61 
179 222 62 
147 220 45 
153 220 42 
162 220 78 
147 219 35 
148 219 22 
159 219 73 
163 219 45 
165 219 78 
175 219 45 
151 218 68 
156 218 59 
157 218 90 
163 218 26 
164 218 29 
166 218 73 
167 218 46 
168 218 72 
173 218 64 
182 218 45 
157 217 18 
158 217 81 
161 217 67 
173 217 76 
188 217 35 
189 217 55 
143 216 56 
156 216 58 
157 216 93 
160 216 8 
161 216 81 
163 216 54 
164 216 39 
165 216 46 
182 216 74 
188 216 66 
137 215 32 
139 215 68 
151 214 79 
163 214 67 
172 214 34 
182 214 44 
148 213 29 
164 213 25 
139 212 70 
145 212 79 
156 212 47 
167 212 43 
170 212 13 
141 211 25 
152 211 38 
162 211 34 
165 211 65 
167 211 19 
171 211 76 
143 210 21 
158 210 84 
162 210 98 
163 210 98 
174 210 41 
136 209 49 
138 209 61 
139 209 20 
157 209 44 
167 209 46 
172 209 65 
173 209 20 
188 209 14 
143 208 49 
162 208 43 
173 208 33 
153 207 19 
156 207 75 
176 207 42 
179 207 55 
136 206 63 
160 206 22 
162 206 62 
163 206 24 
166 206 45 
168 206 100 
181 206 72 
154 205 59 
155 205 82 
160 205 93 
166 205 35 
172 205 109 
177 205 36 
138 204 77 
152 204 60 
158 204 53 
165 204 28 
166 204 75 
175 204 37 
145 203 50 
153 203 35 
166 203 155 
167 203 52 
177 203 13 
141 202 59 
157 202 70 
175 202 21 
137 201 57 
153 201 41 
161 201 59 
136 200 35 
167 200 11 
174 200 49 
185 200 20 
120 199 66 
159 199 54 
177 199 57 
191 199 35 
199 199 49 
139 198 46 
150 198 43 
151 198 73 
154 198 98 
161 198 79 
162 198 34 
166 198 93 
145 197 40 
150 197 80 
154 197 62 
149 196 45 
150 196 17 
157 196 54 
165 196 57 
156 195 17 
167 195 65 
145 194 46 
158 194 26 
142 193 64 
170 193 73 
150 192 82 
154 192 52 
156 192 74 
162 192 101 
173 192 47 
165 191 29 
171 191 22 
145 190 17 
179 190 65 
160 189 61 
163 189 19 
164 189 66 
175 189 71 
142 188 76 
154 188 40 
142 187 16 
155 187 57 
195 187 49 
149 186 46 
172 186 73 
153 185 38 
164 184 60 
167 183 85 
176 183 28 
155 182 32 
160 181 46 
167 181 67 
176 181 52 
180 181 44 
155 180 26 
167 180 45 
182 180 66 
138 179 43 
145 179 19 
152 178 47 
152 177 43 
158 177 70 
170 177 58 
172 177 72 
159 176 46 
194 175 58 
153 174 55 
164 174 84 
144 173 34 
169 173 65 
191 173 31 
184 172 50 
162 170 49 
142 169 116 
189 169 80 
147 167 76 
191 167 67 
164 164 69 
165 164 68 
167 164 51 
164 163 49 
166 163 57 
190 163 18 
169 160 40 
170 157 74 
158 156 62 
166 156 44 
187 155 27 
166 154 26 
175 154 65 
154 151 52 
167 151 12 
185 151 43 
197 151 25 
162 150 17 
162 149 19 
163 149 76 
161 147 26 
159 146 34 
174 145 75 
163 144 83 
170 144 48 
158 142 105 
191 141 36 
161 140 15 
156 138 60 
166 137 45 
173 137 79 
169 133 32 
171 133 35 
163 132 64 
174 130 83 
193 130 71 
199 128 30 
200 127 128 
201 127 39 
174 126 27 
178 125 26 
202 125 14 
146 124 34 
171 124 21 
164 122 40 
176 120 86 
177 120 20 
178 119 30 
170 106 63 
177 105 59 
189 99 56 
177 96 33 
169 94 15 
196 79 39 
196 74 54 
161 70 49 
199 70 58 
203 67 113 
186 59 44 
198 53 54 
184 48 49 
162 47 51 
206 37 31 
210 32 42 
186 26 45 
187 25 28 
192 24 45 
192 23 58 
190 22 78 
196 22 37 
189 21 80 
200 20 32 
207 16 83 
198 15 51 
