103 239 42 
83 234 92 
128 229 67 
118 227 54 
118 223 11 
104 220 58 
132 219 47 
123 218 61 
159 217 51 
94 210 33 
144 206 90 
127 205 22 
147 205 92 
126 204 95 
148 203 63 
167 200 52 
156 199 49 
160 199 66 
122 198 90 
139 197 62 
115 195 38 
116 195 86 
162 189 67 
150 188 42 
161 187 57 
193 180 59 
173 178 153 
185 177 14 
187 177 71 
166 174 32 
182 174 25 
187 174 34 
169 173 20 
199 170 63 
149 166 62 
186 165 80 
225 165 66 
183 164 28 
180 163 35 
184 163 70 
170 162 44 
178 161 33 
179 160 57 
163 159 70 
185 159 23 
188 157 27 
189 157 66 
201 157 66 
181 156 13 
181 155 65 
182 155 47 
170 154 77 
178 153 47 
180 152 19 
181 152 75 
212 152 54 
181 151 24 
182 151 88 
193 149 30 
212 147 58 
211 146 36 
211 145 41 
228 143 34 
228 139 97 
222 135 39 
244 134 45 
190 132 29 
229 126 39 
238 115 16 
244 88 50 
