167 200 19 
221 141 33 
215 140 24 
227 140 86 
227 139 26 
222 118 58 
196 116 62 
188 115 97 
230 112 82 
171 111 15 
230 111 63 
204 109 81 
207 109 48 
218 107 52 
219 106 49 
223 106 54 
195 105 70 
219 105 57 
200 90 25 
222 90 38 
220 89 47 
215 88 24 
194 80 46 
188 79 39 
226 79 26 
222 78 69 
244 77 46 
228 75 57 
222 73 23 
232 68 59 
197 57 97 
233 56 31 
230 55 50 
227 54 64 
228 54 9 
235 49 51 
198 48 91 
216 42 63 
185 38 55 
208 36 38 
199 21 66 
200 21 54 
201 19 51 
225 17 64 
200 14 63 
196 13 42 
201 12 56 
