194 241 30 
183 240 26 
197 240 65 
181 239 58 
193 239 32 
182 238 94 
197 238 25 
196 237 49 
193 236 74 
210 235 72 
194 234 129 
208 234 24 
212 234 84 
182 233 22 
184 231 43 
185 231 27 
197 231 90 
208 231 40 
150 230 45 
164 230 41 
189 230 57 
204 230 57 
222 230 90 
229 230 43 
181 229 73 
182 229 29 
184 229 41 
187 229 30 
199 229 68 
207 229 22 
227 229 44 
228 229 30 
182 228 57 
183 228 40 
207 228 26 
208 228 81 
171 227 62 
177 227 66 
178 227 46 
205 227 29 
208 227 68 
195 226 58 
176 225 63 
180 225 18 
194 225 39 
178 224 69 
194 224 54 
197 224 19 
200 224 38 
212 223 86 
213 223 63 
188 222 65 
190 222 80 
197 222 55 
190 221 33 
203 221 51 
209 221 16 
225 221 38 
202 220 57 
194 219 42 
201 219 58 
204 219 23 
146 218 41 
184 218 57 
194 218 46 
213 218 58 
231 218 70 
173 217 60 
189 217 22 
198 217 82 
205 217 70 
219 217 41 
198 216 60 
210 216 63 
168 214 73 
183 214 60 
195 214 53 
205 214 19 
208 214 52 
213 214 66 
214 214 34 
215 214 49 
216 214 41 
168 213 17 
181 213 55 
190 213 48 
204 213 47 
165 212 62 
172 212 49 
204 212 51 
222 212 20 
181 211 33 
202 211 16 
204 211 23 
222 211 135 
177 210 57 
179 210 49 
193 210 47 
202 210 65 
220 210 86 
237 210 73 
189 209 50 
193 209 57 
212 209 59 
192 208 44 
193 208 54 
196 208 69 
202 208 90 
204 208 101 
207 208 46 
209 208 49 
221 208 49 
224 208 77 
185 207 75 
188 207 56 
193 207 49 
203 206 41 
205 206 63 
216 206 36 
175 205 41 
186 205 44 
213 205 79 
214 205 48 
177 204 44 
170 203 22 
172 203 70 
208 203 19 
194 202 72 
206 202 25 
213 202 41 
191 201 55 
197 201 40 
167 200 50 
192 200 46 
218 200 72 
196 199 55 
193 198 74 
202 198 51 
161 197 68 
183 197 35 
202 197 44 
174 196 47 
187 196 58 
202 196 72 
208 196 95 
173 195 43 
176 195 74 
179 195 47 
208 195 33 
217 194 58 
213 192 87 
221 192 45 
214 191 60 
233 191 61 
194 190 66 
215 189 83 
184 188 29 
224 188 48 
206 187 33 
229 185 35 
193 184 40 
229 182 14 
231 181 71 
214 180 63 
228 180 45 
222 178 66 
230 176 39 
216 172 70 
237 172 56 
230 170 102 
218 160 39 
242 160 80 
