226 244 38 
196 241 27 
197 240 33 
211 239 36 
216 238 57 
243 235 61 
219 233 59 
219 231 21 
219 229 65 
165 227 38 
164 226 81 
217 226 55 
165 225 52 
163 224 53 
210 224 123 
213 222 57 
199 221 74 
179 214 110 
230 214 38 
217 213 62 
207 212 44 
188 209 48 
222 208 52 
181 207 32 
178 204 93 
218 203 73 
239 203 43 
172 202 24 
167 200 56 
195 199 61 
189 198 35 
216 197 86 
218 197 45 
164 195 35 
192 195 54 
188 194 56 
211 194 49 
199 192 101 
199 191 54 
203 187 54 
207 187 58 
196 181 54 
197 181 66 
196 180 94 
198 172 60 
198 170 25 
177 169 40 
187 154 18 
164 152 51 
189 151 22 
189 150 49 
189 144 79 
166 143 13 
181 141 44 
167 140 36 
152 137 46 
215 132 46 
184 131 63 
207 131 37 
177 130 82 
178 129 43 
171 128 24 
202 128 78 
192 125 58 
179 124 57 
195 124 44 
192 123 73 
194 123 60 
195 123 50 
209 123 46 
195 122 36 
160 113 82 
188 112 82 
139 111 53 
187 111 66 
98 108 66 
167 107 77 
99 106 52 
184 106 39 
158 103 23 
158 102 86 
184 102 60 
204 101 47 
180 99 66 
196 99 7 
181 96 33 
149 92 23 
192 92 70 
169 91 29 
151 89 25 
192 89 52 
200 88 51 
147 82 67 
218 82 41 
162 74 59 
168 74 53 
153 72 32 
185 71 66 
153 70 27 
232 70 60 
158 68 63 
184 67 6 
165 66 48 
174 54 29 
182 53 33 
177 52 58 
161 49 46 
186 48 56 
164 47 74 
190 46 19 
210 45 70 
174 43 46 
190 41 24 
180 40 10 
215 40 38 
186 39 102 
159 37 42 
184 37 46 
133 36 74 
134 36 19 
139 36 66 
184 36 83 
132 35 48 
202 35 43 
151 32 41 
151 31 67 
136 27 47 
138 26 66 
169 24 45 
139 21 63 
173 17 14 
154 16 64 
161 15 29 
169 14 61 
