19 239 40 
26 225 43 
22 223 61 
25 219 47 
25 218 95 
25 217 35 
12 216 24 
12 215 92 
37 212 34 
18 205 51 
167 200 42 
21 194 47 
30 194 72 
27 188 63 
29 187 73 
26 185 55 
32 177 29 
27 175 100 
19 174 72 
29 174 54 
23 173 49 
21 171 40 
22 171 141 
24 171 70 
24 169 56 
37 166 92 
35 159 62 
30 149 78 
40 149 77 
31 148 62 
27 147 18 
26 146 50 
13 137 51 
29 136 57 
37 132 31 
48 126 49 
27 115 34 
23 114 56 
24 114 66 
25 113 99 
38 113 57 
48 105 21 
50 102 27 
50 101 17 
47 96 61 
50 96 113 
32 95 45 
12 89 49 
25 86 31 
47 85 47 
45 83 49 
53 80 48 
37 77 8 
59 77 53 
34 76 37 
46 76 57 
56 75 75 
39 74 56 
60 73 65 
35 69 59 
41 68 76 
43 68 7 
45 66 25 
52 64 56 
56 63 61 
56 62 43 
63 62 73 
64 62 33 
27 61 40 
56 61 32 
36 60 55 
39 60 46 
46 60 61 
52 58 64 
59 58 38 
41 57 43 
54 57 47 
53 56 64 
60 56 76 
70 56 99 
62 55 46 
38 54 71 
47 54 33 
50 54 88 
53 54 51 
55 53 34 
60 52 55 
66 52 42 
38 51 69 
65 51 86 
42 50 63 
58 50 66 
52 49 44 
63 49 38 
73 49 55 
48 48 43 
52 47 68 
62 47 78 
63 47 63 
66 47 41 
45 46 42 
52 46 28 
44 45 83 
52 45 59 
52 44 77 
30 43 43 
31 43 37 
41 43 12 
55 42 16 
66 42 43 
44 41 42 
52 41 143 
53 41 97 
57 41 52 
58 41 44 
61 41 50 
69 40 53 
54 39 68 
50 38 39 
62 38 98 
62 37 40 
65 36 55 
45 35 21 
57 35 54 
53 34 49 
49 33 52 
58 33 27 
68 33 72 
48 32 32 
69 32 52 
65 31 70 
62 30 52 
50 28 62 
51 28 75 
46 27 87 
79 27 40 
58 25 32 
53 24 42 
59 24 15 
60 24 17 
62 24 53 
63 24 54 
62 23 50 
63 23 20 
47 20 32 
66 20 60 
66 17 51 
75 16 35 
53 15 72 
52 14 82 
54 14 30 
61 13 67 
52 12 70 
59 12 64 
53 11 48 
64 9 34 
60 7 59 
60 6 40 
59 3 31 
63 3 22 
63 2 32 
