73 235 51 
86 234 102 
88 234 70 
116 234 102 
84 230 64 
84 229 52 
79 228 59 
90 226 68 
94 218 33 
81 215 29 
94 213 33 
81 210 84 
92 206 59 
68 205 77 
106 202 66 
77 200 92 
167 200 89 
76 199 68 
90 198 70 
85 185 50 
123 173 77 
99 163 50 
131 160 65 
106 156 42 
107 156 69 
114 156 2 
115 156 61 
104 154 64 
106 154 48 
102 150 34 
92 148 33 
85 146 39 
122 145 103 
95 143 78 
101 140 45 
134 140 69 
124 139 64 
100 138 93 
124 131 58 
94 130 29 
98 130 65 
123 129 47 
128 128 64 
128 127 68 
110 126 86 
104 123 28 
121 123 46 
115 121 57 
109 120 54 
113 120 59 
130 118 60 
108 117 25 
127 116 57 
136 115 75 
121 114 66 
128 114 101 
129 112 53 
126 110 65 
130 109 45 
149 107 81 
118 106 40 
129 102 68 
132 102 53 
138 102 57 
121 101 57 
132 100 41 
109 98 90 
148 93 55 
128 90 33 
144 90 62 
145 88 82 
138 86 59 
154 83 70 
144 79 60 
120 78 32 
126 77 63 
113 75 54 
134 75 43 
113 74 46 
147 73 73 
136 72 59 
157 69 58 
145 68 34 
149 68 55 
151 64 49 
138 61 22 
147 58 18 
131 56 46 
166 53 56 
140 52 63 
150 51 48 
153 51 43 
164 51 89 
140 48 51 
141 48 51 
135 46 43 
149 46 54 
151 46 58 
136 45 43 
151 45 51 
156 43 13 
158 43 62 
163 41 54 
158 39 88 
149 37 90 
143 36 67 
143 34 27 
156 34 67 
149 30 53 
151 29 48 
153 28 48 
145 19 52 
183 14 24 
184 14 71 
135 11 60 
