62 227 26 
43 226 57 
36 225 81 
28 224 43 
48 220 49 
41 218 52 
36 215 50 
38 215 59 
49 214 39 
37 213 35 
40 213 36 
36 212 29 
37 212 131 
38 212 49 
39 211 49 
40 211 45 
55 206 64 
56 204 59 
167 200 90 
38 197 52 
24 195 21 
27 195 51 
62 195 61 
40 182 38 
55 182 62 
24 181 76 
27 181 43 
43 180 95 
43 172 49 
45 171 81 
32 169 51 
14 161 56 
31 155 88 
61 155 52 
28 149 51 
42 149 68 
15 138 68 
17 138 57 
13 137 73 
41 133 67 
30 129 46 
33 127 33 
20 118 36 
21 100 61 
37 99 55 
47 94 64 
33 83 54 
28 62 41 
27 60 43 
22 53 53 
36 49 26 
32 47 36 
22 46 72 
39 42 74 
27 29 105 
30 13 23 
38 12 33 
29 11 84 
29 10 33 
32 8 42 
31 6 69 
