58 224 45 
49 218 13 
50 217 74 
63 214 82 
53 207 63 
51 199 50 
60 194 57 
37 192 54 
51 190 42 
44 187 41 
65 185 60 
35 184 51 
47 184 61 
44 182 80 
36 181 94 
41 181 36 
43 181 67 
38 180 46 
46 179 57 
49 179 77 
51 179 58 
51 178 80 
57 178 49 
45 177 44 
47 177 25 
50 176 47 
53 175 38 
47 173 51 
51 171 50 
59 171 53 
51 170 14 
32 168 32 
23 167 65 
50 167 52 
28 166 35 
37 166 46 
42 166 38 
46 166 69 
61 165 51 
36 163 36 
46 163 109 
47 163 33 
50 163 90 
37 159 83 
50 159 63 
30 158 32 
37 158 34 
51 156 43 
41 155 34 
45 155 82 
42 152 29 
43 152 48 
35 151 9 
36 151 41 
43 151 103 
44 151 90 
48 151 18 
38 150 70 
50 150 78 
51 150 63 
52 150 46 
34 148 12 
35 148 56 
72 145 67 
73 145 76 
30 142 91 
43 139 51 
96 138 14 
104 138 71 
97 133 54 
41 132 14 
65 132 57 
34 128 53 
59 127 23 
33 126 39 
95 126 50 
66 122 30 
70 122 70 
35 121 33 
63 121 33 
67 121 12 
25 119 23 
36 119 34 
37 119 53 
38 119 83 
36 118 119 
41 117 37 
43 117 40 
47 117 27 
35 116 41 
46 116 87 
96 116 84 
40 115 68 
41 115 14 
42 115 61 
90 115 36 
68 114 28 
85 114 84 
23 113 40 
38 113 65 
72 113 36 
88 113 55 
62 112 79 
69 112 52 
82 112 40 
16 111 46 
70 111 57 
87 111 31 
107 111 92 
34 110 50 
69 110 88 
56 109 62 
81 108 33 
59 107 91 
65 107 59 
85 107 79 
23 106 37 
58 106 26 
59 106 62 
66 106 51 
68 106 16 
85 106 54 
94 106 94 
39 105 38 
49 105 75 
58 105 100 
68 105 39 
86 105 20 
16 104 78 
47 104 33 
48 104 45 
49 104 60 
50 104 42 
17 103 72 
48 103 44 
53 103 56 
55 103 40 
64 103 68 
66 103 66 
78 103 52 
87 103 46 
94 103 27 
34 102 56 
55 102 59 
56 102 55 
59 102 71 
63 102 65 
64 102 70 
69 102 49 
50 101 53 
64 101 37 
80 101 17 
88 101 38 
24 100 53 
57 100 34 
59 100 68 
66 100 11 
82 100 52 
56 99 59 
59 99 98 
67 99 26 
86 99 43 
35 98 21 
48 98 46 
54 98 23 
60 98 61 
68 98 74 
72 98 61 
73 98 54 
74 98 66 
81 98 62 
94 98 76 
50 97 66 
53 97 82 
59 97 20 
60 97 37 
66 97 99 
72 97 31 
80 97 24 
82 97 56 
52 96 30 
53 96 78 
54 96 38 
55 96 88 
56 96 25 
62 96 22 
63 96 72 
64 96 43 
91 96 74 
95 96 29 
33 95 46 
34 95 31 
50 95 35 
52 95 75 
60 95 75 
62 95 94 
66 95 29 
100 95 38 
50 94 77 
51 94 23 
53 94 54 
55 94 152 
56 94 87 
57 94 99 
62 94 45 
79 94 39 
80 94 63 
50 93 82 
55 93 61 
56 93 67 
62 93 43 
73 93 66 
79 93 30 
85 93 54 
26 92 54 
46 92 77 
47 92 48 
50 92 75 
52 92 48 
53 92 47 
55 92 26 
60 92 68 
61 92 57 
64 92 63 
65 92 106 
66 92 34 
72 92 126 
74 92 90 
83 92 70 
47 91 49 
48 91 29 
49 91 50 
52 91 21 
53 91 82 
65 91 64 
66 91 49 
77 91 28 
81 91 67 
82 91 43 
83 91 50 
50 90 29 
51 90 41 
52 90 31 
53 90 46 
57 90 86 
59 90 31 
60 90 67 
61 90 30 
62 90 43 
38 89 75 
42 89 60 
45 89 45 
49 89 57 
53 89 95 
55 89 28 
56 89 62 
58 89 51 
63 89 121 
64 89 24 
65 89 43 
68 89 52 
69 89 61 
73 89 61 
84 89 61 
47 88 38 
50 88 17 
53 88 33 
55 88 39 
57 88 72 
58 88 82 
64 88 44 
70 88 38 
75 88 31 
92 88 39 
58 87 82 
63 87 46 
65 87 38 
72 87 89 
76 87 56 
79 87 37 
99 87 55 
43 86 19 
50 86 26 
80 86 45 
83 86 28 
52 85 51 
71 85 32 
81 85 84 
16 84 74 
46 84 79 
47 84 59 
50 84 57 
60 84 42 
72 84 43 
78 84 12 
81 84 51 
100 84 55 
44 83 39 
73 83 37 
82 83 76 
51 82 34 
58 82 95 
63 82 39 
76 82 36 
85 82 24 
48 81 119 
52 81 8 
72 81 58 
99 81 50 
27 80 35 
36 80 75 
53 80 47 
62 80 42 
26 78 35 
41 78 39 
44 78 49 
65 78 22 
69 78 53 
51 77 11 
57 77 76 
64 77 75 
69 77 53 
71 77 27 
27 76 30 
62 76 53 
74 76 76 
79 76 49 
55 75 100 
71 75 52 
84 75 36 
87 75 33 
88 75 62 
17 74 33 
41 74 77 
74 74 36 
80 74 65 
92 74 54 
108 74 51 
52 73 68 
70 73 71 
81 73 56 
13 72 43 
14 72 39 
50 72 73 
98 72 51 
18 71 51 
19 70 62 
50 70 47 
72 70 61 
96 70 22 
21 69 32 
22 69 27 
28 69 102 
29 69 36 
67 69 86 
77 69 38 
81 69 68 
85 69 76 
67 68 33 
20 67 57 
64 67 53 
64 66 38 
64 65 60 
66 65 49 
77 65 23 
54 64 49 
55 64 40 
76 64 44 
83 64 17 
78 63 41 
71 62 66 
56 60 37 
70 60 107 
77 58 39 
82 57 21 
40 53 47 
90 53 75 
76 46 37 
20 40 17 
