105 230 66 
182 217 37 
172 216 70 
172 215 48 
171 214 62 
158 207 16 
167 206 57 
167 200 22 
217 196 51 
221 195 105 
157 190 84 
128 187 36 
142 180 54 
145 180 74 
186 180 95 
159 173 32 
161 169 44 
160 168 64 
156 155 32 
183 149 48 
194 149 20 
125 148 26 
125 147 92 
144 147 33 
159 136 36 
144 129 103 
143 124 47 
139 123 44 
182 123 29 
135 121 66 
156 121 16 
130 109 49 
133 109 70 
147 105 92 
143 101 73 
147 97 51 
147 96 11 
151 96 60 
111 88 42 
112 87 67 
169 87 37 
130 86 39 
112 84 96 
114 78 73 
101 77 15 
103 77 78 
102 76 90 
176 74 30 
125 66 84 
177 65 53 
157 64 42 
176 63 88 
141 60 78 
130 59 36 
143 58 41 
143 57 14 
119 53 40 
202 46 36 
134 39 47 
116 27 56 
116 25 42 
117 24 91 
137 24 53 
138 22 29 
177 22 62 
145 18 60 
134 12 71 
135 12 48 
