169 240 59 
190 239 80 
148 237 42 
166 234 27 
174 233 11 
178 232 78 
140 229 47 
200 226 46 
159 224 63 
160 218 67 
165 218 40 
171 218 19 
139 217 42 
172 215 35 
176 214 47 
160 211 23 
178 210 51 
179 210 45 
189 209 28 
173 207 111 
174 206 13 
193 206 71 
163 205 59 
183 203 45 
167 200 95 
190 194 10 
188 192 26 
189 192 82 
191 192 70 
192 192 73 
192 188 47 
139 186 22 
176 179 62 
194 179 45 
211 176 52 
185 169 39 
185 160 22 
186 160 61 
208 158 48 
240 139 55 
215 138 80 
209 136 36 
228 136 85 
192 135 46 
226 134 40 
202 133 61 
204 131 12 
227 130 22 
203 129 59 
216 127 25 
213 126 17 
224 126 52 
223 125 9 
225 124 53 
226 124 47 
225 123 50 
204 122 51 
216 120 44 
239 120 76 
222 119 76 
202 118 26 
203 118 95 
231 118 46 
240 118 41 
233 115 47 
234 115 33 
221 114 49 
222 114 52 
215 113 67 
218 113 27 
222 113 25 
211 112 76 
220 112 34 
221 112 44 
222 112 44 
223 112 8 
213 111 55 
231 111 57 
209 110 54 
212 110 63 
218 110 22 
200 109 40 
214 109 70 
216 109 42 
219 109 80 
220 109 26 
221 109 59 
227 109 68 
237 109 27 
238 109 35 
214 108 55 
225 108 77 
238 108 74 
217 106 54 
221 106 106 
204 105 19 
216 105 41 
219 105 58 
221 105 92 
219 104 51 
224 104 83 
233 104 38 
213 103 66 
228 102 55 
234 102 52 
210 101 50 
217 100 26 
228 100 40 
198 99 45 
224 97 34 
209 96 50 
240 96 49 
238 95 59 
239 95 15 
223 94 81 
209 93 51 
238 93 43 
244 92 9 
237 91 86 
222 90 44 
234 85 60 
238 80 49 
236 79 64 
227 76 70 
237 76 77 
238 75 15 
234 73 49 
211 70 36 
239 63 44 
239 62 30 
238 51 48 
240 47 29 
