173 239 15 
181 221 78 
169 201 18 
171 201 64 
167 200 148 
158 194 40 
159 192 28 
139 187 58 
156 187 24 
139 186 87 
144 182 56 
154 181 65 
155 181 38 
163 179 51 
156 178 24 
132 177 36 
158 174 81 
139 170 54 
143 170 80 
175 170 34 
132 165 62 
118 151 58 
128 145 52 
127 144 24 
115 143 59 
126 143 65 
118 140 39 
103 135 65 
101 127 82 
94 126 50 
107 125 104 
118 122 66 
93 116 74 
94 116 33 
112 116 63 
88 110 51 
91 110 34 
88 108 52 
118 108 58 
85 107 34 
104 104 62 
84 102 59 
90 99 45 
93 99 60 
94 99 56 
91 97 48 
100 97 37 
109 96 40 
82 95 39 
84 94 78 
87 93 69 
99 93 51 
88 92 43 
90 92 20 
95 92 22 
72 91 6 
106 91 49 
92 90 41 
101 89 28 
86 88 39 
85 87 41 
86 87 75 
96 85 29 
69 81 48 
88 80 24 
84 74 85 
73 70 52 
66 66 9 
67 66 23 
60 64 49 
63 63 20 
46 45 44 
54 42 30 
54 40 57 
58 35 61 
234 34 66 
47 24 61 
55 22 19 
230 17 53 
45 15 69 
218 12 44 
