142 243 47 
116 242 32 
126 242 18 
143 241 39 
148 241 34 
127 240 47 
166 240 38 
174 240 22 
209 240 97 
211 240 30 
139 239 12 
171 239 76 
105 238 67 
116 238 65 
118 238 17 
142 238 37 
105 237 77 
116 237 44 
135 237 32 
150 237 30 
160 237 72 
162 237 42 
170 237 61 
194 237 54 
121 236 52 
135 236 51 
137 236 103 
139 236 29 
141 236 52 
152 236 37 
176 236 87 
180 236 80 
230 236 145 
119 235 43 
122 235 103 
137 235 60 
154 235 54 
157 235 23 
179 235 85 
184 235 59 
101 234 31 
112 234 61 
113 234 69 
133 234 4 
145 234 93 
156 234 56 
187 234 49 
111 233 47 
118 233 91 
122 233 95 
128 233 82 
132 233 90 
133 233 45 
134 233 33 
135 233 60 
145 233 69 
153 233 94 
154 233 26 
155 233 41 
159 233 22 
106 232 66 
107 232 66 
115 232 54 
116 232 12 
132 232 47 
135 232 25 
143 232 26 
151 232 78 
153 232 59 
230 232 63 
236 232 64 
237 232 60 
102 231 26 
114 231 67 
125 231 69 
132 231 19 
134 231 29 
135 231 75 
140 231 103 
155 231 101 
157 231 46 
166 231 95 
108 230 26 
155 230 61 
162 230 46 
226 230 49 
228 230 32 
106 229 70 
107 229 126 
118 229 79 
144 229 40 
145 229 107 
146 229 65 
151 229 57 
160 229 33 
115 228 45 
137 228 115 
147 228 52 
151 228 22 
155 228 37 
156 228 32 
157 228 27 
228 228 72 
107 227 8 
113 227 71 
114 227 51 
125 227 71 
129 227 108 
136 227 13 
137 227 22 
146 227 21 
147 227 91 
160 227 33 
114 226 73 
115 226 86 
126 226 102 
127 226 49 
128 226 35 
129 226 61 
152 226 50 
162 226 7 
168 226 74 
117 225 4 
122 225 93 
147 225 83 
152 225 62 
153 225 53 
158 225 70 
162 225 21 
169 225 58 
174 225 68 
199 225 63 
120 224 57 
122 224 42 
127 224 70 
133 224 54 
134 224 44 
139 224 70 
141 224 83 
154 224 72 
170 224 10 
217 224 58 
229 224 39 
129 223 62 
135 223 79 
143 223 80 
159 223 22 
176 223 27 
177 223 38 
179 223 51 
217 223 27 
131 222 80 
132 222 38 
148 222 93 
158 222 66 
93 221 49 
101 221 85 
114 221 52 
117 221 36 
118 221 19 
129 221 46 
157 221 86 
159 221 38 
114 220 73 
118 220 56 
120 220 87 
130 220 57 
135 220 54 
144 220 58 
145 220 23 
149 220 60 
151 220 54 
161 220 48 
162 220 52 
163 220 36 
179 220 35 
100 219 30 
133 219 105 
149 219 33 
151 219 52 
96 218 50 
118 218 61 
131 218 131 
142 218 35 
148 218 67 
149 218 46 
151 218 14 
208 218 58 
100 217 106 
147 217 79 
160 217 32 
167 217 15 
107 216 64 
132 216 92 
146 216 93 
178 216 56 
107 215 88 
120 215 65 
125 215 50 
130 215 88 
131 215 40 
133 215 15 
138 215 56 
143 215 71 
147 215 40 
181 215 98 
106 214 79 
109 214 56 
125 214 22 
149 214 69 
170 214 45 
156 213 87 
133 212 17 
135 212 31 
138 212 75 
154 212 40 
115 211 65 
118 211 28 
119 211 121 
120 211 34 
121 211 40 
134 211 15 
147 211 78 
153 211 44 
159 211 97 
224 211 33 
239 211 56 
119 210 72 
141 210 48 
142 210 78 
116 209 10 
120 209 63 
150 209 92 
151 209 74 
152 209 59 
155 209 18 
95 208 42 
116 208 57 
117 208 57 
131 208 61 
133 208 112 
153 208 78 
155 208 33 
128 207 78 
151 207 46 
154 207 51 
155 207 109 
117 206 53 
143 206 104 
155 206 79 
103 205 62 
117 205 36 
120 205 23 
128 205 49 
139 205 91 
146 205 49 
159 205 36 
102 204 40 
115 204 19 
125 204 41 
132 204 31 
149 204 62 
106 203 68 
118 203 27 
162 203 23 
174 203 18 
122 202 73 
126 202 24 
144 202 42 
136 201 41 
139 201 55 
145 201 53 
144 200 44 
162 200 10 
167 200 67 
112 199 38 
152 199 7 
192 199 30 
143 198 50 
113 197 94 
110 196 42 
129 195 28 
144 194 66 
130 193 17 
143 193 40 
114 192 33 
152 192 58 
118 191 63 
140 191 27 
162 191 24 
186 191 56 
132 190 67 
145 190 68 
180 190 63 
164 189 26 
136 188 25 
151 188 43 
159 188 104 
180 188 43 
135 187 40 
136 187 54 
148 186 62 
100 184 47 
133 184 51 
170 183 49 
125 182 74 
153 181 66 
158 162 55 
