155 236 66 
155 234 33 
105 219 70 
94 217 24 
97 216 87 
105 212 72 
153 206 52 
122 203 67 
124 203 76 
122 202 46 
167 200 62 
71 198 43 
146 192 59 
143 191 47 
98 186 42 
99 186 58 
83 185 25 
96 185 81 
97 185 50 
125 185 79 
113 182 58 
79 176 53 
80 176 34 
122 174 36 
96 170 26 
96 169 71 
149 168 77 
74 167 106 
88 156 82 
75 125 23 
119 86 6 
15 53 55 
31 47 30 
32 47 68 
27 42 21 
29 37 26 
15 36 23 
73 36 61 
55 34 61 
22 32 35 
36 30 43 
33 27 62 
45 21 33 
29 20 70 
32 20 14 
63 20 21 
64 20 20 
52 19 52 
52 18 30 
16 16 36 
22 16 36 
43 15 64 
22 14 46 
42 14 62 
24 11 84 
41 7 52 
17 6 31 
47 6 28 
48 6 75 
44 2 49 
