119 212 53 
87 211 38 
117 207 64 
118 207 27 
167 200 34 
91 193 22 
102 193 34 
81 190 31 
125 183 68 
117 179 21 
92 176 57 
104 168 58 
97 165 63 
100 165 78 
108 163 62 
114 160 53 
108 158 72 
124 158 62 
120 154 32 
118 151 68 
100 150 52 
117 149 37 
106 145 54 
103 144 84 
103 143 74 
93 142 30 
99 142 49 
77 141 29 
98 139 54 
127 138 58 
93 137 106 
99 137 62 
126 137 30 
125 136 41 
102 134 55 
111 134 50 
114 133 58 
98 131 48 
113 131 39 
137 131 35 
117 130 48 
131 130 52 
102 127 20 
103 126 60 
112 126 98 
132 126 67 
135 123 43 
92 122 42 
105 122 55 
111 121 78 
116 118 72 
110 117 52 
99 116 54 
109 116 29 
112 116 35 
92 113 50 
91 111 14 
113 111 62 
95 110 60 
121 109 65 
133 108 60 
131 105 32 
106 104 57 
117 94 83 
101 92 57 
108 85 66 
137 82 51 
138 82 74 
115 74 88 
116 74 49 
119 74 62 
145 67 64 
109 64 71 
118 62 45 
122 58 57 
124 58 83 
122 56 50 
110 50 52 
125 49 68 
112 42 63 
145 42 58 
119 31 52 
123 25 55 
119 24 65 
151 23 67 
162 23 100 
130 21 38 
140 16 66 
13 13 4 
133 11 75 
109 10 56 
136 9 26 
137 7 46 
