176 238 34 
149 229 57 
176 228 88 
132 227 24 
137 226 41 
165 226 64 
164 225 49 
166 223 24 
155 219 40 
156 219 54 
184 218 76 
154 217 70 
149 216 74 
151 216 87 
212 216 24 
174 214 55 
167 212 10 
167 211 32 
151 210 32 
171 207 29 
167 200 74 
136 189 32 
157 188 32 
211 182 84 
211 181 72 
212 181 31 
192 180 44 
177 175 27 
191 175 32 
177 173 44 
115 166 67 
180 147 41 
231 138 31 
193 134 51 
221 128 48 
198 126 61 
186 112 33 
186 107 46 
207 104 30 
200 95 65 
198 94 11 
214 85 55 
189 74 27 
227 56 51 
207 50 26 
