241 238 54 
196 230 38 
189 229 76 
214 228 32 
212 227 45 
185 224 41 
193 224 42 
187 223 26 
192 218 27 
208 216 22 
207 215 77 
208 215 48 
181 214 60 
196 214 50 
197 214 26 
196 213 65 
197 212 76 
213 211 69 
221 206 55 
183 204 77 
167 200 16 
178 195 46 
211 189 77 
224 186 35 
214 185 88 
218 185 62 
189 181 46 
170 179 27 
230 178 42 
138 173 76 
190 173 48 
194 169 57 
215 169 80 
211 168 80 
223 166 47 
231 165 60 
224 164 85 
232 164 86 
212 163 42 
212 162 45 
206 161 85 
208 159 45 
191 157 57 
204 154 76 
225 154 60 
225 153 48 
215 152 51 
242 148 23 
218 145 82 
217 144 46 
214 142 46 
188 141 34 
229 141 86 
229 140 65 
237 134 77 
218 121 19 
232 120 108 
205 116 81 
205 115 28 
209 113 60 
209 112 37 
178 108 89 
211 108 41 
235 108 80 
230 107 24 
183 106 47 
196 100 37 
186 99 68 
195 99 55 
217 89 30 
236 89 46 
219 84 67 
237 72 79 
208 71 47 
220 70 42 
246 67 65 
210 65 99 
211 64 78 
206 63 53 
240 51 81 
221 49 73 
218 45 60 
219 43 48 
236 41 90 
221 29 25 
237 27 42 
237 26 20 
244 23 28 
234 13 16 
201 12 65 
220 10 51 
