167 200 41 
100 191 65 
70 182 73 
116 180 57 
93 172 100 
164 172 33 
95 170 50 
83 165 24 
97 163 61 
123 163 53 
98 161 78 
76 160 50 
89 154 56 
90 150 80 
105 150 32 
82 147 61 
64 146 62 
92 146 43 
154 146 50 
63 145 122 
60 144 52 
63 144 10 
106 144 60 
96 142 62 
126 141 75 
127 141 94 
87 140 65 
104 140 76 
60 139 55 
61 139 41 
125 139 21 
41 138 73 
61 138 101 
114 137 16 
66 133 49 
117 133 36 
87 132 53 
90 132 75 
124 132 47 
61 130 63 
79 130 52 
88 130 52 
55 128 60 
78 128 49 
84 125 71 
84 124 64 
92 124 47 
113 124 65 
131 124 37 
55 123 40 
83 123 30 
72 122 27 
91 121 41 
102 121 59 
98 118 40 
128 118 37 
43 117 17 
84 117 15 
42 116 56 
60 116 93 
131 116 42 
33 115 45 
120 115 12 
74 112 52 
81 112 22 
37 111 66 
83 110 63 
88 109 56 
43 106 54 
74 106 77 
75 106 49 
73 105 61 
65 103 26 
117 101 50 
61 100 46 
61 99 34 
33 98 10 
42 98 14 
30 97 56 
51 97 19 
32 96 69 
54 94 37 
75 94 26 
80 94 34 
16 91 41 
55 91 83 
29 89 67 
62 89 23 
74 87 48 
51 85 69 
63 82 63 
40 81 93 
40 79 77 
42 79 27 
34 78 41 
41 77 53 
48 76 72 
32 75 75 
82 75 50 
81 74 68 
21 72 19 
20 70 67 
73 70 41 
19 67 46 
84 66 77 
37 65 43 
63 65 106 
16 64 38 
85 64 40 
17 63 68 
44 63 53 
23 62 38 
45 59 86 
20 56 41 
22 56 38 
41 51 28 
19 50 20 
26 34 24 
19 21 20 
19 19 43 
