167 200 32 
247 132 29 
245 130 22 
245 127 78 
243 126 54 
245 125 56 
243 115 48 
237 112 24 
238 110 65 
238 109 67 
239 109 52 
234 108 22 
237 108 44 
238 108 62 
239 108 89 
240 108 60 
241 108 53 
234 106 73 
235 106 33 
237 106 41 
238 105 38 
230 98 54 
232 98 80 
234 98 33 
232 97 51 
233 97 91 
232 95 40 
230 90 82 
229 88 42 
228 87 44 
226 81 76 
221 70 41 
211 34 84 
216 34 47 
208 33 62 
211 33 57 
217 33 47 
213 32 51 
216 32 42 
213 31 42 
214 31 41 
207 30 25 
209 30 56 
210 30 47 
211 30 27 
213 30 42 
219 30 53 
200 29 64 
204 29 61 
205 29 10 
209 29 63 
212 29 47 
213 29 105 
216 29 13 
221 29 63 
222 29 17 
225 29 79 
204 28 10 
207 28 78 
211 28 46 
214 28 68 
216 28 115 
224 28 68 
207 27 47 
208 27 83 
210 27 124 
211 27 48 
212 27 14 
213 27 28 
216 27 24 
217 27 27 
220 27 31 
204 26 23 
206 26 51 
207 26 42 
208 26 87 
209 26 120 
211 26 110 
212 26 75 
213 26 40 
215 26 38 
216 26 93 
219 26 63 
221 26 19 
204 25 63 
206 25 131 
207 25 45 
208 25 65 
209 25 82 
210 25 35 
211 25 197 
212 25 41 
215 25 63 
216 25 22 
219 25 32 
202 24 49 
203 24 60 
206 24 60 
207 24 56 
208 24 68 
209 24 68 
210 24 104 
211 24 74 
212 24 52 
213 24 110 
214 24 94 
215 24 23 
216 24 93 
217 24 46 
219 24 37 
203 23 128 
204 23 65 
205 23 49 
206 23 111 
207 23 86 
208 23 28 
209 23 104 
210 23 134 
211 23 92 
212 23 133 
213 23 98 
214 23 101 
215 23 29 
216 23 80 
218 23 117 
219 23 101 
222 23 64 
201 22 68 
203 22 93 
204 22 85 
205 22 107 
206 22 78 
207 22 65 
208 22 49 
209 22 95 
210 22 149 
211 22 154 
212 22 81 
213 22 105 
214 22 124 
215 22 39 
217 22 87 
218 22 96 
219 22 69 
202 21 116 
203 21 94 
204 21 145 
205 21 88 
206 21 85 
207 21 73 
208 21 133 
209 21 91 
210 21 104 
211 21 69 
212 21 105 
213 21 155 
214 21 103 
215 21 60 
216 21 39 
217 21 54 
218 21 101 
219 21 90 
201 20 64 
203 20 96 
204 20 110 
205 20 143 
206 20 132 
207 20 163 
208 20 62 
209 20 135 
210 20 85 
211 20 101 
212 20 115 
213 20 75 
214 20 136 
215 20 81 
216 20 99 
218 20 16 
199 19 59 
200 19 88 
201 19 59 
202 19 47 
203 19 119 
204 19 102 
205 19 80 
206 19 140 
207 19 71 
208 19 103 
209 19 97 
210 19 164 
211 19 104 
212 19 90 
213 19 146 
214 19 118 
215 19 100 
216 19 146 
219 19 100 
200 18 119 
201 18 70 
202 18 136 
203 18 37 
204 18 109 
205 18 162 
206 18 98 
207 18 158 
208 18 116 
209 18 168 
210 18 66 
211 18 124 
212 18 123 
214 18 20 
215 18 97 
216 18 113 
217 18 52 
220 18 11 
202 17 40 
203 17 146 
204 17 133 
205 17 107 
206 17 169 
207 17 208 
208 17 175 
209 17 115 
210 17 90 
211 17 127 
212 17 76 
213 17 224 
214 17 70 
215 17 26 
216 17 157 
217 17 51 
219 17 55 
221 17 13 
200 16 67 
201 16 70 
202 16 60 
203 16 122 
204 16 108 
205 16 67 
206 16 146 
207 16 137 
208 16 128 
209 16 94 
210 16 143 
211 16 119 
212 16 101 
213 16 182 
214 16 23 
216 16 110 
223 16 56 
226 16 65 
198 15 60 
199 15 106 
200 15 70 
201 15 91 
202 15 95 
203 15 143 
204 15 84 
205 15 117 
206 15 144 
207 15 130 
208 15 113 
209 15 80 
210 15 150 
211 15 105 
212 15 158 
213 15 73 
214 15 99 
215 15 39 
216 15 55 
217 15 56 
218 15 59 
219 15 41 
220 15 42 
198 14 18 
199 14 68 
200 14 99 
201 14 80 
202 14 93 
203 14 44 
205 14 139 
206 14 65 
207 14 70 
208 14 112 
209 14 142 
210 14 99 
211 14 84 
212 14 133 
213 14 89 
215 14 96 
216 14 47 
217 14 21 
200 13 54 
201 13 62 
202 13 115 
203 13 194 
204 13 54 
205 13 111 
206 13 26 
207 13 49 
208 13 58 
209 13 145 
210 13 18 
211 13 78 
212 13 21 
213 13 100 
216 13 55 
217 13 58 
218 13 49 
198 12 98 
199 12 46 
200 12 131 
201 12 116 
202 12 40 
203 12 51 
204 12 81 
205 12 111 
206 12 56 
207 12 37 
210 12 128 
211 12 55 
212 12 133 
213 12 84 
215 12 91 
216 12 61 
218 12 43 
197 11 37 
199 11 22 
201 11 65 
202 11 95 
203 11 73 
204 11 60 
205 11 51 
206 11 58 
207 11 38 
208 11 58 
209 11 77 
212 11 76 
213 11 70 
214 11 123 
216 11 70 
218 11 61 
193 10 87 
196 10 22 
197 10 42 
198 10 39 
199 10 48 
203 10 80 
204 10 77 
206 10 48 
207 10 71 
208 10 10 
209 10 42 
210 10 82 
211 10 74 
212 10 78 
196 9 108 
199 9 56 
202 9 74 
203 9 16 
207 9 7 
209 9 54 
211 9 78 
215 9 45 
199 8 37 
204 8 16 
206 8 30 
211 8 25 
217 8 60 
194 7 46 
206 7 31 
209 7 73 
210 7 83 
211 7 77 
204 6 40 
210 6 30 
214 6 45 
206 4 23 
208 3 23 
