38 229 23 
40 229 42 
39 228 60 
35 226 52 
43 223 27 
42 220 105 
28 213 54 
40 213 39 
39 209 29 
44 209 35 
49 209 37 
42 208 40 
38 207 74 
44 206 109 
33 205 51 
36 204 78 
41 203 55 
167 200 60 
39 190 58 
57 179 21 
39 175 44 
44 174 26 
53 170 45 
52 169 46 
62 169 56 
47 168 45 
49 165 53 
56 165 31 
60 165 41 
55 163 30 
52 162 36 
60 162 84 
47 161 102 
48 161 97 
44 160 34 
48 160 35 
50 160 56 
55 160 60 
50 159 77 
54 159 10 
57 159 63 
59 159 48 
44 157 76 
49 157 84 
51 157 62 
55 157 111 
47 155 20 
53 154 17 
53 153 49 
49 152 17 
60 150 80 
50 149 34 
55 147 80 
59 142 54 
59 131 38 
63 129 38 
64 127 93 
58 125 76 
71 119 30 
67 116 31 
65 115 27 
64 114 30 
62 112 33 
69 112 38 
70 112 55 
62 111 113 
70 111 78 
64 108 68 
65 108 130 
67 108 81 
77 108 41 
58 107 58 
64 107 33 
65 107 20 
67 107 119 
67 106 52 
68 105 41 
69 105 54 
70 105 54 
64 103 79 
69 103 58 
70 103 62 
76 96 48 
77 94 49 
71 93 42 
74 88 73 
74 87 70 
72 84 43 
75 82 54 
71 77 62 
73 77 77 
61 73 45 
79 71 50 
78 65 44 
78 61 55 
80 56 67 
81 53 45 
81 45 26 
93 34 45 
83 33 40 
90 32 70 
88 30 55 
88 29 93 
87 27 56 
247 26 41 
81 22 57 
83 19 72 
83 18 74 
90 11 57 
