167 240 46 
146 238 65 
155 237 47 
113 235 33 
109 231 71 
158 231 36 
159 231 64 
159 229 45 
182 229 66 
159 228 86 
146 225 45 
182 225 40 
132 223 49 
161 222 51 
152 221 49 
162 221 57 
163 221 98 
177 216 66 
195 216 49 
133 215 59 
156 213 39 
177 213 47 
178 212 75 
144 211 45 
134 209 13 
175 209 57 
133 207 41 
164 207 49 
137 206 36 
156 206 49 
196 206 52 
153 200 104 
167 200 41 
154 197 16 
159 196 71 
122 195 14 
185 195 85 
166 193 43 
117 191 75 
131 191 61 
135 191 35 
116 189 71 
133 188 64 
155 186 55 
156 185 83 
152 173 89 
174 173 67 
170 172 27 
174 171 84 
153 170 16 
156 170 75 
156 169 57 
106 162 64 
163 160 38 
142 154 52 
87 151 41 
113 151 22 
89 150 64 
113 150 82 
113 148 104 
112 147 31 
113 147 34 
160 147 56 
143 145 49 
139 144 25 
167 144 59 
167 143 43 
139 142 62 
142 142 51 
157 138 60 
82 136 46 
83 136 35 
140 136 54 
165 136 25 
154 135 28 
166 135 56 
141 134 14 
123 133 27 
134 132 66 
173 131 34 
110 130 19 
118 130 81 
142 130 46 
95 129 73 
141 129 66 
151 129 50 
68 128 63 
126 128 82 
87 127 60 
123 127 46 
126 127 63 
133 127 66 
142 127 51 
143 127 19 
108 126 60 
109 126 88 
142 126 90 
114 125 44 
127 125 54 
133 125 72 
146 125 47 
119 124 52 
135 124 50 
111 123 52 
113 123 66 
145 123 58 
117 122 47 
118 122 31 
134 122 73 
115 121 67 
122 121 59 
130 121 54 
131 121 52 
147 121 44 
151 121 22 
129 119 29 
148 119 68 
125 118 83 
126 118 51 
160 118 61 
125 117 84 
111 116 12 
125 116 48 
102 115 33 
107 115 60 
155 115 57 
111 114 21 
121 114 48 
145 114 73 
146 114 33 
141 113 19 
100 112 62 
113 112 48 
147 112 36 
93 111 51 
99 111 59 
134 111 18 
104 109 36 
112 109 68 
127 109 25 
144 109 41 
118 108 60 
136 108 52 
142 108 64 
109 107 46 
118 107 42 
140 107 78 
116 106 52 
124 106 36 
108 105 84 
125 105 94 
144 105 49 
126 104 29 
146 104 77 
152 104 44 
90 103 53 
111 103 54 
103 102 53 
110 102 86 
125 102 80 
103 101 31 
121 101 40 
137 101 24 
138 101 83 
145 101 34 
104 100 1 
105 100 24 
144 100 22 
105 99 46 
153 99 33 
105 98 37 
132 98 11 
100 97 75 
122 97 29 
145 97 58 
105 96 32 
110 96 34 
128 96 55 
130 96 76 
133 96 34 
147 96 37 
150 96 38 
158 96 86 
127 95 102 
133 95 50 
134 95 82 
155 94 46 
131 93 52 
148 93 89 
78 92 42 
113 92 51 
137 92 34 
138 92 44 
132 91 77 
137 91 30 
138 91 51 
151 91 70 
119 90 58 
126 90 70 
70 89 37 
112 89 50 
122 89 46 
138 89 48 
141 88 26 
148 88 59 
108 87 79 
114 87 47 
106 86 80 
108 85 32 
118 85 59 
111 84 74 
157 84 90 
114 83 93 
125 83 30 
141 83 19 
109 82 19 
121 82 79 
136 82 61 
149 82 16 
171 82 45 
123 81 55 
162 80 52 
176 80 34 
116 79 56 
128 79 54 
176 79 39 
148 78 34 
110 77 50 
154 76 22 
142 75 34 
141 73 74 
116 72 51 
109 70 79 
110 70 21 
122 70 28 
133 70 100 
109 69 15 
134 68 60 
166 66 51 
167 65 30 
117 62 86 
137 61 62 
122 59 46 
66 57 50 
131 57 81 
150 57 23 
152 57 44 
115 56 17 
114 55 26 
103 53 37 
94 49 35 
105 48 52 
131 48 52 
94 47 79 
115 47 45 
114 46 72 
91 45 77 
77 44 51 
130 41 38 
134 40 21 
120 38 40 
77 37 52 
79 36 55 
52 34 62 
85 32 23 
85 31 44 
86 31 47 
87 31 38 
93 30 63 
110 30 27 
108 27 32 
73 22 43 
94 20 68 
93 19 85 
100 19 61 
70 17 49 
136 17 42 
68 16 53 
99 16 18 
100 16 63 
84 11 71 
85 11 88 
44 8 48 
