106 234 101 
126 232 91 
109 226 54 
118 225 62 
121 225 41 
120 224 59 
126 221 14 
116 220 62 
93 217 18 
88 216 59 
115 201 31 
123 201 52 
167 200 52 
99 195 15 
107 195 51 
108 193 70 
109 187 51 
125 185 54 
120 184 97 
126 183 51 
130 179 39 
130 164 13 
112 157 76 
110 150 45 
88 149 42 
109 149 40 
82 146 54 
85 146 23 
92 144 37 
99 139 15 
98 137 30 
122 137 6 
84 135 49 
81 130 27 
88 127 20 
114 126 42 
93 117 64 
94 117 64 
76 97 71 
89 95 27 
99 95 32 
92 93 73 
101 92 37 
101 91 93 
82 90 44 
82 89 40 
87 86 50 
72 74 71 
84 72 36 
73 71 77 
55 68 66 
88 61 36 
76 60 70 
63 53 44 
78 52 53 
76 50 30 
80 50 39 
85 50 41 
78 46 100 
66 39 58 
66 37 65 
82 37 62 
67 36 38 
64 34 17 
64 32 44 
63 25 44 
65 24 78 
67 19 48 
66 18 30 
55 17 68 
68 8 62 
46 5 77 
