40 240 91 
34 238 89 
51 237 69 
63 234 33 
38 231 12 
71 231 63 
38 230 79 
38 229 78 
46 228 61 
70 228 99 
46 227 52 
50 223 22 
52 223 31 
52 221 50 
53 221 15 
70 220 54 
53 215 15 
53 208 53 
54 208 43 
55 208 48 
167 200 45 
78 198 98 
27 193 19 
82 193 45 
51 192 43 
92 189 103 
89 188 31 
89 187 11 
80 186 82 
67 185 72 
74 183 95 
67 182 40 
90 182 68 
102 182 35 
103 182 52 
69 180 48 
103 180 66 
73 179 62 
61 178 12 
54 177 19 
67 177 39 
66 176 62 
94 176 96 
53 175 61 
99 175 75 
78 174 29 
41 173 56 
91 173 26 
107 173 44 
53 172 13 
60 171 71 
72 171 14 
91 171 55 
92 171 86 
82 170 100 
78 169 62 
79 169 63 
79 168 71 
57 167 49 
69 167 38 
77 167 45 
77 166 70 
49 165 68 
80 165 65 
83 165 43 
73 164 67 
71 163 25 
58 162 27 
71 162 68 
76 162 36 
87 160 20 
98 160 66 
75 158 81 
67 154 60 
61 153 10 
61 152 56 
83 151 42 
95 151 47 
76 150 17 
75 148 15 
111 147 70 
93 146 61 
75 145 15 
77 145 68 
75 142 58 
77 142 68 
80 142 51 
84 142 27 
80 141 29 
76 140 71 
84 140 71 
85 138 58 
86 137 34 
110 137 60 
86 135 61 
88 132 28 
59 131 52 
98 126 32 
99 125 70 
97 122 41 
107 109 96 
133 104 53 
142 99 70 
115 97 54 
115 96 34 
117 87 81 
112 84 91 
109 76 64 
145 76 20 
125 75 64 
152 75 46 
145 74 92 
137 71 67 
108 70 47 
127 69 85 
128 69 55 
120 68 62 
126 68 63 
132 67 51 
137 65 67 
132 62 14 
134 54 46 
112 52 81 
125 48 51 
113 39 69 
161 38 61 
172 25 72 
174 20 16 
150 14 23 
152 14 30 
13 13 7 
139 12 45 
175 11 59 
