167 200 72 
216 168 57 
240 151 55 
231 149 22 
243 147 59 
213 145 50 
240 144 31 
219 143 40 
221 143 78 
225 143 48 
206 142 45 
217 142 81 
228 142 41 
223 140 38 
224 138 57 
226 138 56 
227 138 39 
233 137 27 
235 137 16 
229 134 18 
238 134 82 
197 133 29 
215 133 46 
226 133 56 
229 133 63 
231 133 59 
223 132 14 
228 132 51 
229 132 60 
215 131 77 
196 130 46 
209 129 54 
213 129 40 
214 129 58 
231 129 67 
198 127 38 
198 126 58 
226 126 38 
204 125 42 
226 125 77 
232 125 54 
209 124 62 
241 124 62 
209 123 52 
209 122 65 
222 122 37 
179 119 71 
219 118 38 
170 117 72 
183 117 84 
164 116 92 
204 116 48 
141 113 41 
194 113 41 
202 113 83 
152 112 49 
213 112 47 
140 109 24 
223 109 54 
170 108 57 
162 107 44 
179 107 59 
157 106 30 
161 104 47 
162 104 65 
188 104 71 
173 103 42 
182 103 51 
183 103 11 
188 103 15 
189 103 77 
185 102 41 
154 101 54 
163 101 16 
187 101 71 
201 101 63 
146 100 90 
149 100 50 
169 100 36 
172 100 60 
198 100 33 
174 99 105 
184 99 83 
189 99 70 
201 99 79 
203 99 20 
152 98 61 
159 98 52 
161 98 92 
162 98 44 
178 98 28 
162 97 68 
164 97 86 
165 97 39 
180 97 69 
113 96 83 
156 96 21 
164 96 75 
140 95 84 
141 95 52 
155 95 62 
159 95 55 
186 95 59 
93 94 41 
163 94 34 
176 94 70 
177 94 44 
146 93 47 
161 93 37 
170 93 39 
201 93 22 
118 92 30 
156 92 43 
140 91 45 
149 91 24 
150 91 118 
152 90 19 
163 90 6 
119 89 72 
150 89 77 
157 89 59 
119 88 28 
131 88 15 
139 88 40 
141 88 17 
152 88 33 
159 88 62 
163 88 45 
107 87 24 
119 87 51 
121 87 48 
165 87 63 
119 86 41 
155 86 42 
173 86 43 
175 86 59 
104 85 82 
111 85 40 
119 85 71 
125 85 90 
130 85 63 
136 85 41 
166 85 54 
171 85 57 
129 84 22 
138 84 22 
139 84 74 
160 84 100 
129 83 90 
141 83 33 
98 82 76 
126 82 70 
130 82 24 
133 82 29 
139 82 41 
144 82 58 
148 82 68 
149 82 78 
163 82 56 
172 82 68 
186 82 62 
130 81 52 
135 81 54 
144 81 52 
175 81 75 
130 80 66 
150 80 65 
140 79 64 
158 79 59 
166 79 75 
120 78 72 
123 78 40 
149 78 44 
163 78 35 
117 77 14 
129 77 75 
163 77 62 
128 76 40 
112 75 28 
175 75 44 
109 74 54 
118 74 49 
141 74 48 
99 73 22 
106 73 49 
108 73 51 
65 72 29 
135 72 57 
101 71 53 
117 71 54 
133 71 51 
157 71 25 
122 69 62 
137 69 44 
68 67 12 
137 67 32 
139 67 39 
127 66 32 
39 64 55 
116 64 27 
132 64 51 
127 63 58 
137 63 23 
154 63 31 
113 62 32 
152 62 61 
103 61 51 
108 61 80 
70 60 40 
102 60 60 
22 58 51 
55 58 77 
114 57 46 
136 56 79 
137 56 38 
23 51 41 
84 51 62 
79 49 19 
55 48 11 
111 48 30 
55 47 41 
73 47 42 
92 47 42 
39 46 56 
36 45 40 
37 45 75 
38 45 99 
47 44 72 
67 44 55 
102 44 36 
71 43 55 
73 43 66 
36 42 68 
39 42 73 
27 41 74 
28 37 71 
44 37 33 
34 36 49 
41 36 27 
55 36 52 
34 35 69 
27 34 41 
54 34 25 
68 34 64 
58 33 41 
51 32 73 
67 32 51 
68 32 84 
19 31 66 
44 31 137 
44 29 84 
47 29 38 
55 29 49 
24 28 26 
26 28 57 
56 28 85 
14 27 34 
18 27 73 
19 27 17 
20 27 96 
21 27 63 
45 27 43 
54 27 95 
49 26 49 
50 26 17 
52 26 58 
89 26 57 
26 25 63 
35 25 56 
41 25 32 
23 24 69 
24 24 18 
25 24 67 
28 24 65 
38 24 32 
45 24 25 
80 24 16 
13 23 68 
38 23 76 
48 23 84 
17 22 45 
23 22 48 
76 22 24 
22 18 64 
13 15 41 
19 15 47 
26 15 6 
43 15 60 
42 14 54 
64 13 84 
37 12 21 
38 12 41 
45 12 42 
43 11 19 
56 11 35 
57 11 22 
66 11 77 
43 10 18 
33 9 38 
68 9 30 
10 8 48 
37 7 65 
43 7 55 
44 7 40 
37 6 68 
39 6 36 
43 6 45 
53 6 59 
34 5 34 
35 5 57 
39 5 72 
31 4 39 
44 3 106 
50 3 35 
15 2 61 
