239 235 30 
230 234 31 
212 232 93 
213 232 63 
232 226 25 
228 225 76 
241 216 79 
215 214 70 
241 213 46 
216 212 65 
217 212 54 
241 211 14 
227 205 74 
223 204 79 
167 200 25 
241 195 40 
236 186 37 
231 182 60 
232 182 75 
238 181 82 
226 179 36 
234 179 42 
201 178 72 
231 174 53 
246 170 27 
209 167 50 
223 167 33 
232 166 33 
217 153 38 
241 148 50 
225 144 74 
227 142 28 
220 137 84 
223 137 42 
222 136 53 
226 136 40 
244 134 77 
235 124 69 
233 122 56 
219 121 37 
232 118 25 
238 118 52 
233 117 29 
234 117 52 
237 110 84 
223 107 50 
220 105 109 
222 102 71 
204 93 46 
213 93 68 
228 93 37 
206 92 74 
230 92 77 
233 89 57 
206 83 90 
207 83 12 
218 83 61 
225 81 74 
227 80 22 
207 79 35 
204 65 67 
199 63 70 
224 62 53 
216 58 55 
230 54 51 
209 52 21 
201 50 71 
218 46 44 
193 45 56 
218 44 29 
211 43 76 
193 42 34 
205 42 50 
216 40 33 
218 37 55 
219 30 62 
225 30 42 
219 28 66 
209 27 55 
197 26 14 
203 26 65 
200 24 33 
209 24 28 
207 22 13 
205 21 64 
212 21 44 
215 20 74 
204 19 45 
207 19 27 
209 19 51 
212 19 45 
201 17 53 
204 17 74 
205 17 48 
207 17 106 
194 16 46 
205 16 94 
200 15 91 
204 15 53 
198 14 49 
208 14 28 
198 13 86 
198 12 63 
218 12 39 
