167 200 62 
183 133 34 
234 124 34 
193 123 77 
195 119 51 
196 119 26 
187 118 70 
207 118 85 
208 117 59 
221 117 15 
200 115 32 
210 115 66 
226 115 44 
194 114 54 
201 114 67 
208 114 12 
214 114 55 
226 114 59 
227 114 70 
181 113 46 
191 113 36 
201 113 47 
212 113 15 
215 113 36 
226 113 30 
194 112 51 
197 112 43 
209 112 40 
213 112 72 
214 112 32 
220 112 106 
226 112 70 
191 111 41 
194 111 56 
195 111 61 
197 111 29 
210 111 37 
223 111 63 
227 111 77 
230 111 50 
191 110 49 
210 110 78 
199 109 49 
200 109 49 
201 109 62 
209 109 82 
220 109 35 
227 109 34 
212 108 64 
215 108 60 
206 107 62 
207 107 51 
208 107 85 
210 107 23 
198 106 52 
211 106 48 
212 106 30 
219 106 75 
226 106 63 
239 106 71 
240 106 60 
175 105 53 
196 105 17 
199 105 122 
201 105 19 
203 105 36 
209 105 28 
220 105 70 
191 104 81 
193 104 32 
199 104 17 
200 104 38 
202 104 31 
206 104 64 
207 104 99 
209 104 11 
211 104 65 
213 104 65 
200 103 75 
201 103 52 
207 103 10 
216 103 113 
224 103 26 
186 102 88 
190 102 48 
191 102 36 
194 102 56 
195 102 68 
202 102 53 
203 102 57 
206 102 98 
209 102 54 
210 102 70 
214 102 97 
216 102 37 
217 102 81 
220 102 75 
194 101 46 
200 101 50 
201 101 64 
205 101 67 
210 101 28 
213 101 57 
214 101 29 
215 101 58 
219 101 97 
192 100 12 
194 100 42 
197 100 85 
203 100 73 
204 100 60 
208 100 54 
219 100 61 
223 100 62 
225 100 45 
176 99 59 
192 99 50 
197 99 26 
199 99 68 
207 99 92 
208 99 93 
209 99 77 
211 99 54 
212 99 162 
219 99 55 
184 98 60 
195 98 19 
196 98 75 
199 98 66 
200 98 70 
201 98 62 
204 98 42 
205 98 27 
206 98 34 
211 98 19 
223 98 57 
190 97 69 
191 97 32 
192 97 51 
193 97 60 
197 97 41 
199 97 76 
201 97 64 
205 97 14 
206 97 53 
207 97 108 
208 97 86 
209 97 57 
213 97 13 
214 97 50 
218 97 47 
220 97 41 
226 97 36 
184 96 36 
188 96 25 
192 96 98 
199 96 59 
200 96 81 
202 96 42 
203 96 71 
205 96 15 
206 96 88 
207 96 102 
208 96 120 
209 96 102 
210 96 20 
213 96 61 
215 96 15 
221 96 123 
222 96 25 
182 95 67 
200 95 56 
202 95 91 
205 95 57 
206 95 141 
207 95 45 
208 95 31 
214 95 61 
215 95 23 
182 94 39 
191 94 48 
200 94 49 
204 94 84 
205 94 74 
210 94 96 
211 94 16 
223 94 33 
181 93 49 
183 93 48 
188 93 32 
196 93 27 
197 93 108 
199 93 59 
207 93 76 
208 93 29 
210 93 50 
211 93 71 
219 93 57 
220 93 106 
226 93 41 
196 92 57 
197 92 111 
201 92 128 
202 92 62 
206 92 46 
208 92 90 
210 92 87 
223 92 32 
191 91 40 
194 91 21 
195 91 14 
200 91 65 
201 91 115 
202 91 59 
204 91 11 
205 91 56 
209 91 60 
211 91 54 
221 91 23 
237 91 149 
186 90 60 
187 90 39 
189 90 63 
192 90 58 
197 90 65 
201 90 87 
206 90 140 
207 90 77 
208 90 54 
217 90 39 
219 90 67 
237 90 63 
190 89 22 
191 89 63 
195 89 62 
196 89 52 
200 89 103 
201 89 54 
206 89 60 
207 89 25 
211 89 70 
213 89 123 
217 89 67 
229 89 61 
184 88 100 
187 88 33 
203 88 54 
206 88 43 
209 88 61 
212 88 46 
184 87 67 
190 87 53 
192 87 32 
195 87 24 
196 87 52 
202 87 54 
203 87 33 
206 87 71 
207 87 65 
208 87 38 
210 87 23 
183 86 30 
210 86 57 
213 86 26 
218 86 106 
219 86 49 
180 85 57 
182 85 63 
183 85 47 
193 85 93 
196 85 45 
197 85 18 
199 85 52 
207 85 92 
242 85 58 
199 84 18 
200 84 41 
204 84 52 
210 84 78 
215 84 11 
216 84 48 
217 84 78 
219 84 73 
222 84 28 
197 83 72 
199 83 102 
209 83 66 
210 83 42 
212 83 61 
217 83 38 
222 83 69 
204 82 49 
207 82 145 
209 82 60 
214 82 23 
191 80 34 
204 80 87 
206 80 29 
207 80 57 
215 80 56 
218 80 56 
189 79 70 
196 79 49 
203 79 97 
214 79 43 
215 79 39 
216 79 55 
191 78 21 
195 78 26 
205 78 30 
209 77 59 
210 77 27 
216 77 39 
195 76 66 
197 76 28 
202 76 34 
207 76 58 
228 76 50 
196 75 39 
197 75 97 
210 75 45 
213 75 20 
205 74 54 
194 73 62 
201 73 60 
231 73 76 
205 72 58 
206 72 28 
209 72 28 
231 72 95 
232 72 22 
205 71 61 
189 69 29 
217 62 18 
216 61 65 
