107 241 90 
106 239 32 
115 234 59 
93 233 98 
113 231 91 
114 231 47 
95 228 59 
128 227 37 
140 226 46 
110 223 69 
112 223 52 
115 221 33 
133 217 36 
125 214 78 
123 213 51 
140 212 29 
128 211 92 
142 211 19 
107 210 86 
120 210 86 
124 210 45 
136 210 95 
116 207 56 
112 205 56 
133 205 72 
118 203 10 
139 202 24 
140 202 57 
110 201 70 
117 201 38 
124 201 36 
124 200 7 
167 200 31 
124 199 66 
136 195 81 
125 191 44 
147 191 75 
148 189 57 
118 188 63 
128 186 9 
109 183 58 
128 183 50 
130 183 24 
136 182 57 
140 181 74 
105 180 54 
107 180 89 
132 179 67 
142 179 50 
127 178 122 
137 178 46 
138 177 86 
126 176 44 
132 176 26 
102 174 67 
126 174 67 
138 174 67 
161 174 92 
141 173 43 
161 173 26 
131 172 44 
139 171 26 
115 170 83 
126 169 56 
139 169 22 
127 168 72 
128 168 30 
155 167 24 
155 166 99 
183 166 80 
148 165 58 
135 164 48 
145 164 45 
147 164 47 
123 161 74 
144 161 42 
149 161 45 
149 160 40 
138 159 28 
165 158 48 
191 158 62 
155 155 63 
133 152 65 
145 152 81 
148 152 58 
115 151 67 
134 151 79 
163 151 48 
166 151 29 
122 150 42 
139 150 58 
152 150 30 
151 146 48 
133 145 62 
167 144 57 
159 141 36 
133 140 33 
154 138 67 
160 138 68 
172 138 94 
128 137 16 
145 137 72 
134 136 37 
142 136 68 
148 135 49 
147 134 51 
170 134 76 
145 132 47 
145 130 96 
154 130 40 
155 130 62 
164 130 32 
141 128 52 
150 128 96 
152 128 35 
164 128 100 
176 126 52 
180 126 60 
198 126 63 
146 124 38 
166 124 20 
178 124 31 
148 123 37 
165 123 52 
168 123 34 
168 122 87 
152 121 37 
146 120 77 
151 120 71 
165 120 72 
222 119 59 
150 118 71 
149 117 22 
150 117 56 
188 117 45 
164 116 57 
188 116 40 
201 116 91 
188 115 39 
217 115 55 
191 114 54 
184 113 46 
219 113 89 
157 112 31 
159 112 88 
160 112 73 
160 111 11 
155 110 20 
157 110 67 
184 110 52 
196 110 46 
201 109 47 
184 106 41 
220 106 53 
204 105 57 
186 103 30 
241 103 57 
192 102 52 
226 102 73 
189 99 24 
203 96 89 
206 96 64 
217 95 62 
180 94 60 
211 94 57 
226 93 38 
229 91 44 
221 88 44 
213 87 92 
213 86 57 
217 84 54 
229 84 70 
205 83 76 
229 83 80 
244 83 44 
219 82 22 
225 81 59 
225 77 49 
240 77 39 
247 77 37 
219 76 37 
227 72 25 
223 69 46 
237 68 64 
225 64 67 
225 63 72 
241 61 78 
243 61 23 
230 59 92 
244 58 51 
232 57 49 
240 54 59 
244 50 98 
240 49 71 
241 49 35 
244 49 22 
238 35 58 
