237 229 74 
238 228 48 
167 200 59 
244 197 49 
197 196 56 
228 196 90 
216 171 35 
219 162 90 
220 162 84 
221 162 67 
221 160 11 
237 146 23 
214 144 51 
235 144 57 
223 142 29 
203 139 28 
222 139 61 
222 138 65 
210 136 80 
225 130 44 
203 122 24 
199 120 77 
229 102 32 
228 101 70 
177 97 25 
229 96 51 
216 95 51 
179 94 72 
196 94 32 
198 94 56 
211 93 28 
183 91 65 
211 91 24 
182 90 23 
187 90 20 
210 90 45 
219 90 22 
186 89 55 
187 89 63 
222 89 35 
221 87 56 
197 82 52 
203 82 67 
211 79 34 
165 78 46 
237 77 54 
186 76 36 
200 76 57 
230 76 48 
192 75 26 
211 75 39 
193 74 46 
201 74 46 
226 70 63 
200 69 51 
235 68 34 
180 67 46 
180 66 29 
198 61 30 
171 59 26 
195 59 13 
204 59 47 
177 55 32 
185 53 26 
201 53 69 
217 53 47 
200 52 22 
172 50 16 
191 50 77 
202 49 42 
218 49 67 
203 48 24 
199 47 86 
202 47 49 
213 47 80 
214 47 47 
218 47 51 
219 47 54 
198 46 51 
186 45 33 
192 44 16 
208 43 38 
209 43 78 
185 42 44 
193 42 44 
208 42 37 
234 42 33 
159 41 82 
195 41 63 
207 41 67 
191 39 11 
183 38 59 
187 38 75 
189 38 57 
191 38 69 
159 37 59 
194 37 35 
199 37 29 
196 36 30 
199 36 51 
161 35 59 
174 35 46 
186 35 51 
201 35 51 
211 35 16 
170 34 39 
172 34 60 
188 34 37 
197 34 63 
199 34 20 
219 33 13 
222 33 67 
171 32 41 
185 32 60 
199 32 56 
200 32 63 
201 32 31 
217 32 35 
198 31 35 
199 31 26 
200 31 87 
208 31 36 
224 31 78 
180 30 48 
175 29 72 
203 29 80 
225 29 61 
171 28 28 
173 28 60 
188 28 93 
185 27 28 
204 27 110 
188 26 34 
189 25 20 
206 25 20 
208 25 44 
210 25 48 
187 24 27 
210 24 24 
173 22 35 
192 22 48 
196 22 63 
210 22 22 
161 21 40 
178 21 48 
179 21 55 
201 21 61 
207 21 98 
172 20 34 
185 19 70 
195 19 65 
178 18 25 
210 18 46 
178 17 42 
196 16 42 
166 15 71 
237 15 48 
173 14 63 
186 14 82 
178 13 64 
208 13 31 
176 11 39 
190 10 20 
194 7 64 
