167 200 106 
27 73 45 
21 72 32 
38 69 62 
46 65 34 
31 64 61 
57 63 11 
30 59 62 
40 58 57 
44 58 47 
45 56 82 
46 56 167 
27 55 34 
48 55 50 
78 54 45 
55 53 87 
48 51 84 
48 50 65 
50 48 17 
68 47 30 
26 46 64 
38 45 30 
17 44 31 
66 44 71 
17 43 89 
24 43 34 
33 43 52 
28 42 41 
33 42 29 
17 40 19 
35 40 47 
36 40 75 
24 39 54 
28 39 58 
23 38 65 
37 38 42 
13 37 31 
28 37 41 
33 37 37 
34 37 41 
50 37 28 
51 37 74 
29 36 65 
36 36 18 
40 36 16 
15 35 77 
23 35 29 
30 35 44 
34 35 54 
51 35 31 
16 34 45 
28 34 66 
45 34 64 
27 33 9 
26 31 34 
29 31 35 
62 31 53 
27 30 9 
29 30 90 
9 29 32 
29 29 80 
42 29 15 
47 29 41 
43 28 44 
60 28 73 
9 27 27 
23 27 51 
61 27 25 
33 26 93 
21 25 49 
25 24 41 
27 24 46 
32 24 48 
18 23 71 
20 23 67 
33 23 57 
47 23 72 
49 23 82 
36 22 19 
32 21 67 
59 20 47 
30 19 80 
43 18 43 
16 17 51 
20 17 74 
21 17 38 
26 17 70 
32 17 42 
37 16 40 
41 15 53 
56 15 81 
18 14 42 
32 14 29 
31 13 30 
12 10 35 
52 10 43 
23 0 50 
