30 205 6 
32 204 87 
33 204 48 
167 200 54 
13 189 89 
20 181 56 
23 178 42 
37 177 38 
76 169 85 
130 167 62 
85 166 65 
95 166 29 
74 164 102 
75 164 29 
75 163 38 
51 161 29 
104 161 69 
52 160 56 
32 159 70 
13 155 65 
33 152 39 
171 147 77 
102 146 52 
101 143 85 
135 139 38 
142 139 100 
143 139 45 
169 139 55 
121 137 39 
237 133 34 
28 131 29 
197 131 60 
22 130 45 
171 129 48 
162 127 70 
180 126 68 
199 124 32 
162 123 49 
150 122 29 
169 122 72 
133 121 37 
164 121 20 
177 120 58 
175 119 12 
146 118 55 
146 117 103 
220 117 42 
232 117 58 
146 116 31 
138 115 51 
211 115 50 
226 115 78 
186 114 41 
188 114 29 
147 113 50 
176 113 21 
188 113 57 
136 112 51 
146 111 33 
183 110 62 
189 109 55 
216 109 65 
144 107 38 
150 107 69 
143 106 74 
144 106 53 
144 105 50 
193 105 67 
193 104 26 
194 103 72 
195 101 66 
159 100 85 
223 100 50 
208 96 77 
194 93 44 
230 88 38 
235 84 46 
227 78 62 
214 77 60 
229 75 69 
220 74 50 
221 72 39 
13 13 9 
