167 200 100 
158 126 74 
153 124 58 
153 123 89 
157 119 48 
152 118 26 
157 117 132 
147 115 67 
148 113 48 
144 111 37 
145 107 64 
147 106 33 
147 105 63 
150 105 58 
149 104 55 
137 103 56 
147 103 26 
142 102 86 
148 102 88 
144 101 120 
146 101 115 
144 100 19 
147 100 40 
140 99 70 
145 99 62 
146 99 66 
142 98 40 
139 95 74 
140 95 5 
147 95 55 
138 94 64 
138 91 74 
140 88 74 
130 87 66 
135 85 65 
126 83 53 
143 82 79 
122 81 61 
122 80 42 
124 80 82 
138 80 55 
121 79 41 
124 79 51 
120 78 73 
127 78 51 
132 78 27 
134 77 64 
125 76 56 
135 76 69 
136 76 47 
135 75 39 
139 75 70 
124 73 88 
138 73 47 
126 72 25 
132 72 54 
125 71 27 
126 71 111 
128 71 85 
134 71 53 
132 68 72 
127 67 44 
120 64 75 
112 60 63 
116 46 52 
118 46 86 
116 43 33 
109 35 47 
110 35 69 
117 33 50 
98 32 73 
93 27 77 
106 18 78 
96 17 63 
94 15 58 
88 14 35 
93 14 33 
94 14 37 
91 13 48 
94 11 44 
97 9 42 
