167 200 8 
187 102 33 
191 101 60 
211 100 52 
189 99 49 
191 99 52 
198 91 43 
225 90 68 
145 89 53 
225 88 69 
235 87 51 
203 86 12 
218 86 50 
205 85 33 
240 85 49 
212 84 70 
206 83 93 
213 83 57 
224 83 43 
213 82 67 
232 82 78 
234 82 46 
207 81 61 
232 80 16 
215 78 32 
219 78 31 
229 78 62 
211 77 76 
212 77 49 
213 77 79 
233 77 51 
239 76 45 
213 75 57 
212 74 31 
218 74 81 
232 74 29 
238 74 57 
239 74 60 
179 73 46 
238 73 40 
127 72 48 
206 72 49 
212 72 51 
231 72 46 
238 72 51 
221 71 33 
225 71 46 
226 71 32 
240 71 60 
175 70 38 
191 70 30 
195 70 48 
213 70 86 
234 70 45 
192 69 43 
207 69 9 
213 69 71 
221 69 57 
186 68 42 
213 68 76 
213 67 12 
225 67 21 
144 66 47 
162 66 53 
196 66 27 
201 66 54 
210 66 42 
213 66 55 
204 65 44 
213 65 39 
217 65 58 
218 65 59 
224 65 66 
238 64 73 
224 63 83 
226 63 112 
216 62 62 
188 61 58 
205 61 77 
210 61 27 
219 61 86 
222 61 56 
240 61 85 
159 60 6 
172 60 43 
232 60 48 
164 59 36 
195 59 62 
199 59 24 
185 58 43 
236 58 96 
164 57 39 
185 57 22 
227 57 80 
238 57 28 
241 56 57 
197 55 55 
226 54 52 
180 53 50 
189 53 25 
173 52 100 
154 51 42 
155 51 33 
174 51 46 
212 51 45 
209 47 82 
172 46 46 
200 46 50 
140 45 51 
176 44 34 
187 44 38 
215 42 90 
171 41 51 
207 41 64 
149 40 60 
184 40 30 
196 40 37 
190 39 46 
147 38 35 
211 37 85 
131 36 71 
182 36 32 
147 33 23 
183 32 73 
148 31 68 
135 29 29 
178 29 35 
182 29 114 
191 28 72 
174 27 54 
159 23 56 
160 23 66 
152 21 62 
153 21 46 
