30 241 54 
49 231 36 
61 231 36 
41 230 64 
47 230 67 
45 224 74 
66 222 57 
39 217 58 
36 216 52 
50 216 59 
51 215 57 
76 213 44 
52 209 63 
42 200 37 
82 200 90 
167 200 29 
55 198 68 
63 194 69 
64 193 57 
68 192 58 
60 190 72 
129 181 56 
86 177 64 
84 176 45 
74 167 52 
127 160 16 
87 158 53 
92 157 44 
101 152 44 
136 152 44 
137 152 50 
143 152 32 
121 143 19 
148 140 43 
163 140 56 
161 139 53 
130 135 49 
119 133 49 
147 133 75 
124 130 15 
150 130 26 
139 129 45 
131 128 19 
133 128 48 
138 128 39 
128 126 92 
143 126 36 
134 125 47 
136 125 66 
93 124 54 
122 124 68 
123 124 38 
110 123 70 
118 123 22 
121 123 41 
112 122 15 
117 122 57 
118 122 17 
119 122 35 
121 122 32 
122 122 35 
147 122 84 
150 122 81 
159 122 29 
122 121 62 
154 121 56 
111 120 14 
122 120 82 
128 119 46 
138 119 82 
136 118 65 
129 117 33 
133 117 61 
135 117 82 
126 114 34 
135 113 49 
112 112 48 
114 112 51 
131 111 65 
143 111 16 
135 109 39 
148 109 64 
157 108 36 
163 108 75 
113 107 21 
122 106 76 
128 105 27 
166 103 34 
130 101 119 
139 101 69 
151 101 30 
139 100 68 
143 99 45 
120 98 42 
159 98 39 
169 98 58 
121 97 23 
121 96 61 
133 96 74 
133 95 42 
161 84 67 
186 84 35 
170 81 60 
155 79 54 
188 79 36 
167 76 43 
143 75 78 
158 74 88 
174 74 54 
186 74 74 
157 66 57 
174 65 37 
176 65 91 
165 64 66 
197 64 37 
154 63 51 
178 63 71 
197 63 67 
177 60 58 
177 59 113 
191 58 50 
190 57 82 
203 56 52 
204 56 54 
177 55 61 
166 53 58 
170 46 51 
147 45 59 
188 44 36 
204 44 70 
156 42 57 
196 41 59 
163 40 54 
193 39 84 
177 38 28 
170 35 70 
177 32 49 
154 30 52 
229 29 85 
146 26 34 
216 24 68 
183 22 25 
191 22 34 
191 21 33 
199 19 9 
181 14 64 
196 14 38 
13 13 7 
