237 236 58 
223 233 46 
231 231 104 
246 213 46 
237 207 71 
227 206 39 
26 202 59 
37 201 80 
167 200 56 
32 199 62 
37 199 65 
36 198 18 
39 198 63 
40 198 62 
38 196 42 
39 196 124 
37 195 64 
38 195 77 
39 195 47 
40 195 74 
41 195 79 
43 195 62 
40 194 40 
50 194 66 
49 193 34 
50 192 55 
54 192 83 
234 192 81 
61 188 65 
62 188 20 
57 187 77 
59 187 45 
62 187 48 
66 187 34 
75 185 64 
74 184 19 
75 184 91 
231 184 23 
72 183 70 
74 183 60 
77 183 18 
78 183 37 
80 183 48 
86 183 65 
69 182 43 
72 182 49 
79 182 44 
72 181 73 
74 181 56 
78 181 38 
87 181 31 
231 181 83 
67 180 103 
71 180 22 
72 180 48 
78 180 89 
19 179 14 
79 179 37 
81 179 25 
89 179 80 
90 178 63 
79 177 45 
82 177 77 
80 176 45 
87 176 61 
88 176 97 
91 176 59 
81 175 87 
82 175 74 
100 175 33 
80 174 80 
83 174 46 
93 173 36 
87 172 69 
85 171 24 
83 170 73 
93 170 54 
122 169 34 
101 162 42 
103 160 20 
144 159 45 
124 158 34 
147 158 99 
153 158 95 
127 157 44 
127 156 20 
234 156 40 
127 155 19 
121 153 110 
202 153 68 
222 153 53 
215 152 67 
222 152 36 
229 152 72 
160 151 104 
161 151 57 
227 151 70 
229 151 54 
155 150 20 
156 150 73 
151 149 40 
223 149 44 
229 149 39 
155 148 35 
167 148 100 
171 148 59 
143 147 54 
150 147 45 
157 147 33 
159 147 25 
167 147 52 
168 147 44 
222 147 63 
162 146 40 
169 146 98 
153 145 19 
168 145 67 
174 145 63 
175 145 40 
144 144 79 
146 144 43 
153 144 39 
182 144 55 
163 143 62 
169 143 54 
171 143 60 
176 143 64 
175 142 30 
152 141 68 
166 141 54 
167 141 109 
168 141 44 
200 141 54 
170 140 98 
173 139 92 
183 139 101 
185 139 73 
189 139 39 
203 139 63 
168 138 44 
184 138 67 
185 138 60 
200 138 52 
207 138 29 
197 137 41 
207 137 16 
199 136 37 
183 135 64 
184 135 49 
198 135 17 
204 135 42 
208 135 110 
209 135 75 
211 135 48 
181 134 54 
193 134 73 
207 134 42 
211 134 79 
225 134 41 
200 133 78 
206 133 52 
207 133 25 
208 133 66 
209 133 35 
210 133 53 
213 133 68 
215 133 77 
216 133 85 
197 132 46 
198 132 37 
202 132 98 
204 132 56 
211 132 62 
215 132 30 
18 131 23 
185 131 26 
189 131 37 
197 131 59 
202 131 56 
203 131 94 
207 131 41 
209 131 68 
211 131 86 
219 131 42 
185 130 44 
198 130 64 
202 130 26 
204 130 64 
205 130 41 
206 130 98 
207 130 67 
208 130 120 
213 130 16 
216 130 99 
226 130 49 
195 129 64 
196 129 42 
203 129 80 
204 129 46 
205 129 47 
206 129 172 
209 129 84 
211 129 45 
212 129 64 
225 129 66 
197 128 17 
201 128 34 
202 128 22 
206 128 81 
207 128 106 
213 128 54 
196 127 98 
202 127 63 
204 127 41 
205 127 81 
207 127 55 
208 127 95 
209 127 83 
210 127 52 
212 127 96 
231 127 36 
232 127 65 
198 126 57 
201 126 111 
203 126 96 
205 126 132 
207 126 118 
208 126 113 
209 126 79 
211 126 65 
220 126 20 
222 126 63 
230 126 78 
232 126 29 
196 125 55 
200 125 90 
201 125 25 
202 125 52 
203 125 50 
205 125 57 
207 125 58 
209 125 34 
211 125 118 
237 125 43 
183 124 75 
200 124 58 
203 124 52 
205 124 48 
206 124 59 
208 124 82 
209 124 81 
210 124 52 
219 124 59 
240 124 65 
199 123 112 
204 123 33 
207 123 45 
208 123 37 
209 123 66 
226 123 25 
205 122 41 
227 122 65 
232 122 70 
19 121 33 
27 121 67 
190 121 68 
199 121 48 
201 121 76 
202 121 72 
203 121 31 
204 121 88 
207 121 72 
209 121 29 
210 121 85 
212 121 77 
230 121 68 
201 120 58 
203 120 66 
204 120 95 
205 120 41 
217 120 10 
236 120 60 
243 120 22 
28 119 52 
206 119 19 
215 119 48 
227 119 20 
228 119 31 
231 119 36 
196 118 47 
199 118 47 
204 118 51 
206 118 83 
218 118 57 
228 118 67 
229 118 84 
230 118 115 
225 117 13 
230 117 49 
231 117 37 
232 117 74 
208 116 34 
34 115 33 
231 115 31 
221 114 42 
225 114 18 
226 114 32 
237 113 54 
233 112 61 
197 111 72 
207 111 36 
228 111 59 
236 111 34 
240 111 72 
20 110 65 
204 110 45 
207 110 39 
192 109 58 
217 109 49 
227 109 60 
239 109 25 
241 109 76 
238 108 78 
32 105 48 
11 104 71 
17 102 34 
227 102 35 
216 101 65 
227 100 2 
22 97 64 
26 96 112 
242 95 32 
223 92 41 
222 91 61 
24 89 27 
17 88 28 
22 85 45 
22 84 87 
202 81 38 
30 76 35 
212 73 66 
221 72 60 
227 70 34 
229 69 85 
236 69 80 
229 68 31 
230 68 83 
231 68 51 
229 67 30 
230 67 9 
205 66 33 
185 59 78 
208 57 52 
192 56 63 
191 55 26 
210 54 17 
43 53 82 
194 53 38 
188 52 15 
200 51 24 
207 51 37 
220 50 51 
206 49 59 
28 48 84 
211 48 55 
199 47 19 
196 46 46 
209 46 46 
197 45 48 
187 43 54 
213 42 68 
201 41 56 
206 40 27 
216 40 82 
218 40 54 
232 40 72 
44 37 73 
219 33 50 
45 30 76 
213 30 50 
46 29 48 
39 28 66 
38 27 58 
40 27 90 
222 27 52 
52 26 62 
40 25 22 
194 24 39 
52 16 29 
51 14 105 
55 13 48 
201 13 68 
48 12 48 
198 11 72 
48 8 33 
