95 240 70 
84 238 110 
69 237 67 
119 237 47 
93 236 26 
118 236 31 
72 228 47 
217 228 70 
88 226 50 
236 226 101 
185 223 61 
129 221 76 
149 221 55 
200 218 48 
155 217 23 
201 217 28 
171 216 31 
219 216 96 
171 215 62 
145 213 64 
108 212 27 
218 210 51 
215 209 70 
217 209 55 
214 208 119 
209 206 47 
172 205 57 
183 204 43 
183 203 38 
160 202 19 
167 200 79 
221 200 62 
224 200 54 
221 197 15 
149 195 62 
195 195 50 
226 194 94 
232 194 26 
240 194 66 
243 194 48 
218 193 13 
209 191 91 
232 190 72 
209 186 42 
174 185 61 
175 184 17 
176 184 12 
225 183 53 
178 182 41 
236 179 55 
227 175 54 
183 168 80 
184 168 75 
219 151 119 
