144 241 63 
168 236 15 
157 235 47 
129 229 53 
156 227 24 
163 226 113 
202 226 72 
140 224 98 
148 224 60 
145 222 63 
143 218 54 
144 218 66 
156 216 32 
189 216 44 
201 216 75 
132 214 55 
118 211 55 
160 211 50 
150 210 18 
161 210 51 
134 208 34 
117 205 26 
147 205 53 
157 204 60 
167 200 62 
183 200 46 
147 199 31 
161 199 28 
145 197 73 
175 194 46 
176 194 40 
182 194 42 
192 190 88 
146 188 89 
181 182 38 
183 182 52 
184 182 28 
173 175 70 
176 173 66 
146 166 17 
221 162 79 
218 157 4 
202 155 68 
196 153 46 
183 151 64 
192 148 40 
201 147 38 
225 145 42 
204 142 45 
233 139 20 
192 136 51 
237 136 69 
193 132 43 
208 132 67 
200 129 47 
219 129 34 
232 128 54 
182 127 45 
170 125 84 
194 123 59 
213 123 63 
172 121 38 
177 119 74 
177 118 52 
219 118 46 
187 114 78 
228 114 32 
217 113 50 
207 110 25 
208 110 15 
207 109 39 
189 104 2 
198 104 24 
230 102 92 
224 101 72 
189 96 58 
206 94 30 
227 85 83 
226 83 42 
193 82 68 
222 79 57 
228 75 43 
229 75 87 
216 74 32 
217 74 33 
227 74 47 
232 55 52 
243 47 44 
230 27 81 
244 23 42 
244 14 67 
216 12 69 
