212 238 64 
186 237 56 
210 236 45 
176 235 56 
198 235 71 
210 235 56 
167 234 49 
177 234 95 
204 233 26 
205 232 88 
168 231 64 
207 228 7 
206 226 63 
204 225 10 
187 220 81 
199 220 61 
218 220 58 
186 219 59 
217 219 81 
160 217 54 
206 217 50 
162 215 58 
164 214 37 
188 214 56 
188 213 126 
201 209 49 
184 208 40 
191 207 40 
228 204 39 
198 202 56 
212 201 61 
167 200 83 
225 200 82 
189 199 25 
209 199 86 
195 198 93 
186 197 47 
194 197 40 
194 196 98 
163 195 17 
169 195 23 
196 191 69 
214 190 8 
207 186 62 
93 183 41 
94 183 55 
203 183 83 
173 182 42 
203 182 28 
163 181 61 
165 180 60 
175 179 47 
186 179 39 
192 179 19 
162 178 37 
187 169 21 
177 168 46 
166 149 36 
191 149 47 
157 146 45 
158 146 49 
167 139 22 
166 136 69 
