54 234 20 
43 233 36 
27 231 33 
27 230 46 
17 229 30 
18 225 19 
14 221 40 
20 221 66 
25 220 17 
31 217 15 
45 213 78 
43 210 52 
44 210 60 
43 209 63 
22 204 57 
40 204 68 
36 203 83 
37 203 68 
46 201 15 
35 200 9 
167 200 29 
46 196 52 
21 195 69 
30 195 71 
34 193 97 
25 191 41 
41 191 32 
28 190 35 
34 189 52 
41 189 19 
56 189 47 
22 187 72 
22 186 41 
25 185 24 
26 185 69 
27 185 76 
35 185 45 
37 185 27 
47 185 51 
28 184 46 
29 184 68 
39 184 20 
28 183 82 
37 183 34 
45 183 28 
57 183 49 
19 182 37 
24 182 60 
27 181 20 
29 181 65 
32 181 74 
28 180 50 
33 180 60 
33 179 46 
34 179 54 
26 177 43 
31 176 16 
18 175 21 
18 174 77 
35 174 58 
36 173 40 
47 173 68 
43 172 24 
13 171 84 
33 171 71 
33 170 83 
58 170 52 
27 169 60 
42 166 84 
49 166 75 
12 165 62 
27 163 73 
22 162 31 
35 162 67 
34 161 79 
21 160 67 
27 159 57 
32 159 48 
33 158 29 
34 158 46 
55 157 52 
12 156 29 
24 156 12 
29 156 23 
34 156 60 
32 155 56 
34 155 96 
48 155 41 
53 155 74 
48 154 31 
37 153 25 
40 151 62 
35 150 93 
33 149 55 
57 149 60 
58 149 52 
55 148 64 
39 146 51 
49 146 35 
37 145 79 
48 145 28 
25 141 36 
30 141 60 
50 141 20 
48 138 84 
54 137 59 
31 136 69 
48 135 54 
61 134 61 
64 134 66 
20 133 59 
25 131 10 
54 131 66 
23 130 62 
43 128 63 
30 126 56 
39 124 21 
49 124 31 
50 124 74 
47 120 66 
58 120 59 
49 119 44 
57 119 77 
45 113 46 
92 113 69 
46 112 74 
32 111 50 
33 109 25 
47 109 45 
50 108 54 
42 106 47 
58 103 53 
39 99 64 
52 95 37 
65 90 52 
50 89 33 
66 87 56 
71 87 24 
48 86 37 
50 80 98 
52 78 28 
67 78 38 
34 77 45 
51 77 18 
46 76 75 
61 76 28 
62 76 45 
34 75 36 
35 75 25 
84 72 114 
84 71 52 
49 69 32 
50 69 97 
79 67 75 
63 64 41 
65 62 6 
74 61 29 
58 59 56 
81 58 65 
54 57 28 
75 57 14 
87 57 72 
51 55 47 
69 55 59 
75 55 67 
66 53 25 
43 52 44 
44 51 27 
65 50 30 
61 48 72 
59 43 40 
46 42 47 
85 42 27 
60 38 40 
63 38 56 
62 35 65 
70 30 49 
54 23 67 
53 22 56 
73 14 66 
64 9 54 
97 9 49 
73 7 51 
