215 235 73 
226 232 119 
172 219 74 
183 218 74 
209 217 73 
162 215 72 
187 215 23 
179 214 43 
151 213 65 
219 212 49 
197 211 38 
169 210 90 
162 208 54 
198 207 97 
227 207 101 
168 206 84 
169 206 112 
170 206 82 
146 205 94 
153 205 87 
177 205 57 
128 204 86 
135 204 36 
177 204 50 
128 203 69 
177 203 39 
186 203 60 
189 203 57 
191 203 91 
128 202 30 
139 202 112 
188 202 58 
154 201 60 
117 200 48 
145 200 30 
167 200 7 
203 200 53 
122 199 89 
185 199 70 
187 199 37 
203 199 87 
142 198 66 
145 198 83 
207 198 90 
212 197 36 
97 196 19 
123 195 57 
159 195 71 
140 193 77 
160 192 29 
172 192 53 
191 190 62 
158 189 82 
172 189 37 
184 189 76 
132 187 68 
133 187 60 
124 185 39 
28 184 76 
123 184 47 
142 184 54 
145 184 112 
148 182 57 
179 182 35 
46 181 75 
170 181 64 
29 180 81 
57 180 51 
81 180 63 
88 180 45 
114 180 69 
134 179 65 
21 177 30 
41 177 67 
131 177 60 
122 175 77 
37 174 23 
35 173 51 
56 173 71 
72 173 43 
90 173 50 
17 171 89 
77 171 24 
53 170 66 
73 170 70 
45 169 72 
42 168 80 
44 167 54 
53 167 38 
35 166 100 
20 164 49 
53 163 86 
15 162 58 
27 162 45 
35 160 24 
46 160 72 
119 86 7 
