96 218 42 
95 216 49 
106 214 31 
114 214 78 
107 211 77 
104 210 59 
111 210 58 
117 210 55 
118 210 75 
108 209 35 
91 208 38 
103 208 74 
105 208 93 
119 208 27 
121 208 108 
103 207 34 
110 207 24 
111 207 84 
105 206 38 
110 206 68 
117 206 93 
101 205 62 
102 205 73 
103 205 68 
104 205 49 
118 205 73 
125 205 36 
105 204 55 
107 204 25 
112 204 42 
115 204 95 
116 204 48 
110 203 35 
114 203 62 
117 203 80 
102 202 74 
103 202 20 
115 202 28 
102 201 28 
104 201 35 
110 201 61 
128 201 76 
185 201 19 
103 200 16 
104 200 47 
105 200 79 
106 200 65 
124 200 36 
167 200 54 
88 199 33 
89 199 84 
101 199 78 
104 199 50 
106 199 64 
111 199 122 
115 199 57 
116 199 62 
132 199 48 
116 198 24 
125 198 61 
107 197 35 
109 197 32 
110 197 31 
113 197 67 
123 197 52 
116 196 83 
120 196 42 
122 196 73 
138 196 94 
139 195 39 
109 194 37 
117 194 63 
142 194 31 
117 193 25 
122 193 47 
136 193 99 
182 193 39 
126 192 43 
116 191 65 
117 191 45 
131 191 54 
108 190 57 
117 190 79 
148 190 30 
113 189 71 
117 189 74 
107 188 74 
115 188 58 
114 187 47 
192 187 31 
121 186 39 
124 186 46 
125 186 47 
150 186 26 
108 185 54 
112 185 19 
122 185 97 
126 185 19 
104 184 81 
116 184 50 
135 183 64 
115 182 39 
121 182 71 
165 182 52 
169 182 29 
170 182 58 
124 181 40 
127 181 75 
169 181 48 
130 179 32 
127 178 19 
101 177 86 
107 177 63 
118 177 32 
119 177 60 
131 177 27 
114 176 49 
123 176 40 
127 176 33 
131 176 44 
146 176 49 
153 176 44 
115 175 98 
119 175 65 
131 175 49 
143 175 54 
121 174 29 
123 173 20 
125 173 57 
136 173 51 
110 172 77 
112 172 86 
114 172 21 
116 172 63 
118 172 50 
132 172 40 
139 172 52 
143 172 51 
113 170 65 
129 170 29 
151 170 75 
177 170 63 
133 169 111 
134 169 34 
141 169 71 
143 169 68 
151 169 57 
168 169 49 
104 168 83 
129 168 25 
134 168 45 
146 167 37 
147 167 109 
115 166 118 
116 166 27 
122 166 68 
129 166 73 
115 165 52 
116 165 52 
117 165 29 
128 165 57 
131 165 61 
121 164 17 
127 164 40 
122 163 70 
164 163 41 
115 162 50 
153 162 16 
159 162 59 
161 162 66 
102 161 43 
112 161 14 
122 161 50 
125 161 63 
126 161 90 
135 161 18 
160 161 65 
125 160 35 
133 160 67 
141 160 60 
145 160 12 
179 160 62 
194 160 54 
108 159 27 
122 159 104 
129 159 92 
130 159 106 
113 158 54 
120 158 70 
136 158 39 
140 158 15 
118 157 67 
120 157 124 
153 157 97 
160 157 81 
123 156 115 
128 156 53 
131 156 44 
132 156 40 
137 156 45 
147 156 26 
148 156 56 
149 156 43 
148 155 33 
125 154 18 
135 154 54 
119 153 51 
120 153 59 
136 153 49 
123 152 62 
147 152 71 
114 151 38 
132 151 45 
137 151 8 
146 151 31 
124 150 66 
131 150 42 
114 149 25 
117 149 64 
131 149 66 
133 149 40 
140 149 84 
114 148 52 
116 148 52 
131 148 42 
168 148 24 
94 147 13 
136 146 68 
150 146 44 
165 145 66 
169 145 37 
120 144 71 
123 144 105 
126 143 67 
128 143 41 
133 142 72 
106 141 28 
146 140 40 
150 140 66 
168 140 37 
146 139 37 
150 139 92 
120 138 34 
139 138 58 
123 137 36 
110 136 47 
134 136 50 
129 135 52 
149 135 42 
163 135 77 
172 135 67 
121 132 64 
143 131 29 
148 130 43 
161 130 73 
166 130 85 
167 130 15 
156 129 69 
155 128 32 
151 126 49 
199 126 59 
193 125 58 
155 123 64 
128 120 36 
