200 227 69 
172 220 30 
226 219 46 
228 216 65 
228 215 30 
229 215 76 
207 214 43 
206 212 51 
177 211 66 
196 211 47 
210 210 48 
221 210 78 
181 208 47 
232 208 67 
171 207 17 
182 207 66 
235 207 51 
183 206 80 
187 206 63 
203 204 57 
193 203 16 
234 203 93 
235 203 16 
230 202 51 
232 201 49 
151 200 45 
167 200 20 
191 200 44 
190 199 52 
191 198 40 
188 197 70 
222 197 38 
187 196 41 
193 196 48 
187 195 30 
188 195 46 
193 195 21 
205 195 70 
206 195 59 
175 194 48 
219 194 60 
204 193 57 
220 193 36 
201 192 29 
212 192 70 
175 191 53 
181 191 70 
183 191 35 
176 190 103 
228 190 73 
168 189 37 
186 189 48 
210 188 87 
156 187 84 
207 187 35 
213 187 47 
217 187 33 
187 186 37 
175 185 55 
225 185 22 
139 184 16 
172 184 92 
184 184 107 
138 183 27 
139 183 86 
159 183 49 
183 183 37 
184 183 61 
200 183 77 
138 182 75 
183 182 30 
187 182 61 
195 182 43 
230 182 59 
137 181 106 
183 181 29 
184 181 59 
179 180 19 
229 180 59 
145 179 75 
172 179 45 
138 178 28 
202 178 64 
184 177 74 
216 177 63 
182 176 49 
234 176 38 
235 176 50 
202 175 69 
204 175 38 
191 174 35 
194 174 70 
204 174 40 
245 174 37 
201 173 106 
182 172 72 
201 172 39 
213 172 29 
185 171 75 
194 171 24 
195 171 66 
201 169 77 
211 169 43 
164 168 55 
188 167 64 
194 166 70 
200 166 71 
228 166 90 
168 165 62 
180 165 52 
216 165 72 
181 164 42 
174 162 54 
175 162 29 
178 161 70 
191 161 28 
107 160 83 
156 160 62 
179 157 27 
199 157 38 
113 156 83 
171 156 31 
172 156 9 
103 155 67 
163 155 53 
181 155 67 
186 154 36 
221 154 81 
179 153 49 
200 153 35 
168 152 70 
179 152 57 
165 149 23 
179 148 58 
190 147 79 
217 147 46 
217 145 34 
205 143 77 
70 142 73 
117 139 90 
118 139 45 
119 139 72 
71 136 36 
105 136 67 
130 136 44 
204 135 52 
45 133 54 
134 133 52 
59 128 65 
121 128 68 
80 125 70 
64 124 57 
65 124 48 
61 122 14 
150 122 68 
45 121 43 
133 121 46 
43 120 33 
119 120 66 
150 120 57 
86 119 44 
19 117 36 
57 117 46 
83 117 31 
103 117 46 
50 116 28 
47 115 71 
129 113 63 
130 113 31 
49 112 62 
128 112 49 
23 111 38 
64 111 25 
55 110 38 
28 109 40 
50 108 74 
78 107 53 
137 107 78 
145 107 33 
61 106 75 
62 105 68 
74 105 79 
81 105 36 
147 105 13 
33 104 38 
39 104 39 
41 104 46 
146 104 78 
26 103 62 
29 102 26 
39 102 31 
111 102 54 
50 101 62 
51 101 65 
64 101 65 
86 101 77 
115 101 67 
122 100 56 
65 99 69 
23 98 62 
107 98 34 
44 97 68 
62 97 23 
70 97 32 
60 96 80 
12 95 21 
48 94 99 
49 94 88 
31 93 50 
32 93 56 
48 93 19 
39 92 33 
43 92 38 
37 91 78 
42 91 22 
57 90 46 
62 90 34 
27 89 41 
60 89 33 
39 88 65 
103 88 55 
17 87 51 
27 87 39 
62 87 81 
23 86 73 
44 86 75 
41 84 31 
28 83 36 
34 83 41 
34 82 80 
40 82 27 
42 81 64 
16 80 57 
44 80 29 
43 79 39 
44 79 47 
37 78 60 
39 78 72 
38 77 176 
68 76 2 
29 74 61 
40 74 49 
21 73 106 
24 73 62 
29 73 71 
44 73 59 
25 71 38 
39 71 51 
58 71 69 
46 70 36 
17 69 54 
29 69 42 
37 69 59 
17 68 126 
36 68 30 
77 68 42 
22 66 55 
27 66 55 
41 66 59 
26 65 39 
48 65 55 
24 64 45 
40 64 48 
22 63 32 
42 63 97 
28 62 64 
32 62 56 
42 62 64 
54 62 57 
64 61 74 
12 60 62 
24 60 39 
29 60 38 
30 60 46 
25 59 47 
28 59 69 
12 58 49 
34 58 39 
64 58 59 
68 58 46 
19 57 69 
65 57 97 
21 56 49 
20 54 62 
48 54 47 
66 51 29 
60 50 70 
19 48 49 
46 48 26 
15 37 59 
24 35 51 
24 34 31 
22 30 77 
20 29 22 
26 20 79 
55 11 11 
