67 241 66 
107 241 46 
106 239 49 
80 236 85 
81 235 59 
85 226 37 
78 225 63 
99 219 34 
74 218 46 
80 216 50 
82 215 111 
83 215 70 
83 214 105 
53 212 49 
64 212 40 
65 205 45 
86 205 30 
64 204 64 
99 203 29 
77 201 12 
167 200 68 
75 196 54 
44 194 63 
54 194 68 
76 193 30 
66 192 70 
45 191 49 
78 191 58 
57 190 32 
57 189 67 
59 188 57 
35 186 44 
97 186 60 
77 185 29 
79 185 63 
57 182 57 
66 179 46 
61 177 117 
61 174 57 
67 174 66 
68 174 28 
69 174 68 
68 173 19 
69 173 80 
70 173 32 
51 172 49 
46 171 60 
53 171 63 
58 171 56 
90 171 51 
19 170 59 
48 170 81 
83 170 53 
84 170 85 
52 168 39 
84 168 58 
31 167 28 
39 164 59 
53 164 34 
79 164 40 
39 163 36 
58 163 16 
37 161 72 
36 159 99 
49 159 65 
37 158 64 
39 158 34 
46 158 64 
32 157 47 
42 157 74 
55 157 62 
32 156 85 
55 156 19 
39 155 23 
38 154 128 
29 153 79 
36 153 72 
36 152 75 
49 152 34 
21 151 28 
35 151 25 
36 151 51 
46 151 90 
49 151 75 
50 151 39 
32 150 67 
33 150 36 
32 149 30 
33 149 98 
13 148 79 
24 148 73 
28 148 25 
38 148 40 
17 147 30 
24 147 63 
29 147 52 
26 145 38 
27 145 67 
40 145 33 
50 144 52 
29 143 46 
53 143 60 
34 142 38 
50 142 88 
51 142 44 
33 141 87 
34 141 49 
37 141 72 
42 141 51 
26 140 78 
29 139 26 
32 139 37 
38 139 30 
38 137 33 
54 137 80 
44 136 40 
53 135 50 
29 134 48 
39 134 45 
19 133 27 
29 132 24 
48 132 72 
34 130 70 
42 129 54 
31 128 89 
36 128 55 
27 127 81 
29 126 54 
20 118 33 
34 118 36 
26 112 70 
27 111 80 
30 111 101 
