161 236 54 
178 235 11 
148 232 46 
164 232 64 
182 230 75 
184 225 42 
156 223 28 
138 222 17 
139 220 50 
165 219 53 
173 218 48 
174 218 22 
164 217 86 
155 211 85 
195 210 47 
196 210 19 
167 200 72 
165 197 59 
186 195 38 
210 195 28 
163 192 38 
200 190 22 
210 190 31 
201 189 71 
165 185 32 
187 185 73 
211 183 49 
176 180 59 
153 177 46 
176 176 51 
177 175 80 
218 175 67 
195 174 51 
199 174 62 
214 173 31 
193 172 70 
203 171 52 
215 169 41 
175 168 100 
237 168 22 
231 167 60 
238 166 47 
169 164 33 
188 156 70 
172 154 69 
211 151 48 
196 150 58 
194 149 22 
198 149 5 
233 146 46 
242 146 98 
233 145 87 
211 143 44 
232 143 13 
184 140 78 
186 139 52 
231 138 46 
186 136 33 
186 135 42 
200 135 39 
227 133 40 
193 132 25 
192 130 41 
212 128 71 
215 128 54 
159 127 62 
217 124 51 
224 124 57 
232 124 61 
170 123 94 
242 118 22 
220 117 54 
240 116 74 
196 114 44 
212 114 96 
214 114 83 
238 114 25 
196 113 51 
197 113 57 
198 111 36 
200 111 23 
214 111 54 
215 111 24 
193 108 46 
221 108 62 
233 108 17 
240 108 70 
207 107 45 
223 107 40 
228 107 41 
191 106 90 
193 106 40 
220 106 63 
221 106 84 
193 105 103 
220 105 46 
225 105 45 
204 103 57 
211 102 105 
179 101 56 
205 99 32 
212 96 23 
230 96 59 
232 91 50 
217 89 51 
207 88 23 
205 87 16 
206 87 71 
236 86 54 
240 82 88 
205 81 42 
215 79 43 
229 79 34 
223 70 40 
216 62 49 
236 59 113 
215 58 71 
222 56 63 
217 55 30 
247 55 23 
234 51 82 
243 51 24 
245 47 98 
231 44 74 
199 43 98 
235 37 41 
232 34 35 
219 28 63 
233 25 55 
245 21 39 
236 11 72 
237 11 42 
