134 237 27 
137 237 59 
172 214 37 
139 208 97 
142 208 62 
130 205 44 
134 201 66 
167 200 87 
128 190 90 
149 176 59 
168 176 31 
159 170 21 
186 168 40 
133 164 45 
134 164 72 
140 162 58 
163 162 64 
162 159 43 
142 157 66 
154 156 83 
156 155 70 
151 154 24 
132 153 38 
151 153 51 
151 152 68 
154 152 52 
141 151 20 
135 149 39 
148 149 59 
143 148 47 
165 148 59 
139 147 43 
143 147 62 
136 145 58 
158 145 36 
136 140 49 
152 140 12 
128 138 60 
132 135 66 
127 126 28 
171 121 57 
135 112 25 
157 112 48 
156 111 84 
159 110 43 
162 103 117 
163 100 55 
164 100 23 
173 99 76 
155 94 59 
160 81 69 
138 79 8 
179 79 21 
175 66 71 
173 53 54 
178 51 52 
172 42 45 
158 41 39 
141 37 69 
167 36 70 
172 36 39 
172 32 41 
183 32 36 
187 32 32 
154 31 24 
181 30 54 
154 29 77 
177 27 76 
188 27 74 
175 21 28 
203 20 34 
202 19 41 
203 19 60 
172 16 64 
177 11 32 
207 6 88 
