152 238 99 
143 233 44 
149 228 85 
154 220 53 
155 219 46 
116 218 36 
165 208 30 
151 206 65 
161 200 36 
167 200 90 
166 199 44 
155 197 36 
143 181 74 
164 180 45 
166 168 16 
140 166 75 
154 166 82 
156 158 59 
153 154 42 
172 132 63 
170 127 41 
154 105 36 
185 105 42 
169 95 42 
166 94 68 
169 94 23 
176 90 91 
177 90 54 
179 89 43 
180 88 67 
156 83 45 
168 83 67 
179 65 101 
187 52 49 
176 50 43 
180 49 62 
188 49 64 
183 48 77 
184 48 27 
185 47 38 
184 44 38 
199 44 33 
174 41 26 
182 41 54 
171 40 48 
172 39 38 
188 39 46 
195 39 98 
180 38 72 
187 37 47 
190 37 37 
187 36 37 
193 36 33 
195 36 16 
200 36 41 
167 35 74 
196 35 41 
161 34 42 
177 34 53 
195 34 54 
168 33 15 
174 33 72 
180 33 22 
186 32 62 
188 32 21 
178 31 60 
186 31 41 
192 30 22 
196 30 78 
182 29 73 
194 28 78 
203 28 58 
184 27 52 
192 26 36 
157 25 36 
178 25 98 
178 23 145 
186 23 31 
177 22 84 
188 22 53 
192 22 61 
200 22 39 
181 20 54 
182 15 40 
194 11 23 
193 8 13 
