110 229 46 
119 228 70 
120 226 32 
120 225 50 
147 222 56 
114 221 73 
117 209 37 
104 200 46 
167 200 5 
124 195 47 
99 190 54 
131 186 61 
117 178 88 
126 178 79 
137 172 55 
102 165 42 
101 160 57 
103 158 49 
118 153 36 
114 151 88 
120 149 43 
121 148 17 
168 145 88 
110 142 50 
143 142 28 
154 142 40 
119 137 57 
79 136 59 
114 136 67 
120 136 41 
134 136 8 
136 136 57 
156 136 20 
114 135 64 
108 134 73 
115 134 61 
116 134 47 
117 134 63 
99 133 18 
116 133 33 
81 131 70 
125 129 63 
129 129 102 
125 127 54 
149 127 18 
146 126 48 
129 125 43 
135 125 47 
103 124 20 
104 124 43 
159 124 23 
103 123 84 
108 123 138 
158 122 86 
134 121 67 
135 121 37 
139 121 60 
141 121 48 
117 120 44 
99 119 71 
117 119 41 
130 119 78 
155 119 41 
156 119 73 
102 118 83 
112 118 55 
116 118 37 
159 118 19 
104 116 57 
134 116 33 
141 116 61 
103 115 61 
112 114 46 
136 114 74 
106 113 41 
112 113 68 
135 113 89 
140 112 69 
145 112 9 
172 112 78 
144 111 63 
118 110 33 
130 110 62 
114 109 48 
161 108 62 
130 107 35 
167 107 52 
128 106 33 
143 106 57 
119 105 45 
124 105 78 
127 105 54 
123 104 48 
144 104 30 
172 104 40 
100 103 30 
115 103 45 
126 101 34 
102 100 37 
116 100 38 
124 100 29 
166 99 58 
91 95 29 
100 95 26 
124 92 42 
125 92 25 
94 91 69 
118 88 32 
119 87 95 
117 86 35 
109 85 26 
129 85 74 
131 85 15 
141 85 12 
141 84 67 
132 83 24 
132 82 50 
133 82 62 
135 81 60 
166 79 26 
128 78 60 
131 76 52 
159 76 82 
106 75 54 
115 75 58 
136 74 39 
132 70 52 
127 69 84 
132 67 56 
157 66 65 
105 65 47 
106 65 41 
171 61 52 
124 57 68 
148 49 60 
144 45 40 
147 33 54 
158 31 55 
163 29 62 
129 16 36 
129 13 55 
