65 228 29 
118 223 52 
47 218 76 
40 217 53 
48 217 84 
71 208 73 
78 207 63 
76 206 78 
83 205 62 
167 200 68 
107 196 32 
110 196 48 
110 195 39 
111 195 21 
66 194 49 
73 192 71 
77 177 36 
76 176 62 
55 173 49 
115 169 58 
90 158 50 
159 151 65 
74 150 34 
116 150 61 
112 148 71 
130 148 49 
117 145 67 
100 140 27 
112 138 52 
92 137 73 
114 137 32 
122 137 52 
119 134 93 
100 133 59 
110 132 46 
108 131 50 
87 129 14 
99 125 28 
134 123 60 
125 121 33 
73 120 45 
91 119 93 
92 119 41 
103 119 36 
87 117 79 
98 115 62 
102 114 71 
88 111 52 
91 109 41 
105 105 22 
82 93 24 
96 83 55 
138 82 58 
114 64 57 
165 63 52 
153 62 53 
146 58 38 
151 51 27 
123 50 59 
143 50 37 
122 49 46 
144 49 51 
161 49 77 
137 46 51 
177 45 33 
161 43 29 
150 42 24 
131 39 88 
200 36 58 
201 35 34 
132 32 45 
156 31 70 
157 29 39 
149 27 57 
145 19 44 
208 18 79 
148 16 48 
149 15 12 
151 12 65 
163 9 57 
