132 226 82 
133 226 82 
120 218 53 
140 217 75 
120 207 48 
155 207 110 
165 207 65 
120 206 54 
155 206 27 
155 205 24 
141 204 42 
157 202 62 
167 200 74 
145 198 69 
146 198 31 
131 197 58 
146 197 57 
147 196 46 
139 195 47 
131 193 51 
151 191 97 
129 188 21 
146 188 35 
147 188 55 
170 188 66 
145 187 74 
147 187 40 
155 187 44 
124 186 67 
145 186 40 
143 185 37 
154 185 36 
161 185 60 
125 183 67 
157 183 82 
133 182 37 
134 182 76 
135 182 101 
141 182 86 
164 178 69 
142 176 60 
128 175 46 
143 175 21 
119 174 42 
139 174 20 
126 173 37 
115 172 97 
154 172 55 
147 171 29 
120 169 49 
150 169 19 
168 167 82 
169 167 38 
166 165 58 
181 165 78 
109 163 49 
139 160 28 
161 160 80 
159 159 31 
138 157 76 
139 156 23 
157 155 51 
129 154 38 
165 154 73 
159 153 23 
143 152 68 
159 152 11 
153 142 50 
181 141 71 
128 139 65 
149 139 36 
155 139 47 
148 137 40 
145 136 26 
144 135 91 
134 134 60 
135 134 71 
146 134 24 
130 133 58 
93 132 69 
129 131 30 
141 131 46 
141 130 46 
185 129 69 
147 128 34 
169 118 69 
150 117 78 
171 102 50 
171 94 52 
186 94 34 
185 93 12 
164 92 88 
188 82 36 
144 81 64 
187 81 48 
204 81 40 
182 48 56 
152 45 57 
171 45 41 
205 43 28 
166 37 19 
169 34 36 
170 33 45 
167 32 75 
161 24 33 
164 24 70 
224 19 30 
223 18 87 
224 18 139 
189 17 21 
224 17 33 
188 16 84 
189 16 31 
