129 229 37 
83 223 50 
122 223 54 
125 222 47 
144 212 37 
138 207 81 
105 204 59 
119 203 64 
142 200 38 
167 200 83 
112 192 96 
54 189 51 
150 180 6 
72 172 71 
57 168 62 
46 167 68 
79 166 41 
86 166 7 
44 165 29 
77 162 61 
98 161 42 
92 147 53 
93 147 48 
103 147 64 
55 146 54 
44 145 46 
66 145 22 
53 144 49 
59 143 33 
82 140 39 
96 140 51 
88 139 51 
80 138 47 
57 137 49 
61 137 72 
67 136 27 
104 136 91 
54 135 46 
66 135 35 
80 135 54 
64 134 14 
71 134 71 
79 133 51 
98 133 36 
41 132 74 
42 132 71 
60 132 57 
63 132 55 
64 132 69 
69 132 50 
74 131 40 
81 131 50 
41 130 42 
61 129 52 
96 129 25 
97 129 66 
19 128 67 
44 128 103 
45 128 42 
70 128 52 
31 127 97 
70 127 34 
71 127 54 
80 126 46 
54 125 73 
57 125 59 
51 123 30 
81 123 51 
87 123 26 
63 121 33 
116 121 54 
56 120 67 
63 120 18 
76 120 28 
95 120 38 
77 119 24 
88 119 67 
50 118 87 
76 117 37 
65 116 40 
123 116 54 
53 115 73 
75 115 34 
47 114 88 
65 114 50 
81 114 61 
45 113 61 
87 113 76 
69 112 22 
75 112 76 
99 112 34 
103 112 49 
58 111 89 
99 111 62 
104 111 56 
117 111 100 
61 110 75 
76 110 93 
103 110 22 
104 110 31 
83 109 43 
86 109 92 
98 109 38 
32 108 38 
64 108 80 
91 108 61 
92 108 43 
94 107 103 
65 106 47 
47 105 52 
52 105 54 
83 105 15 
42 104 37 
91 103 71 
99 103 54 
62 102 77 
62 101 94 
74 101 81 
75 101 68 
63 100 41 
89 100 39 
100 100 41 
61 99 55 
62 99 71 
64 99 23 
69 99 51 
70 99 14 
80 99 55 
81 99 39 
88 99 46 
89 99 75 
90 99 90 
39 98 54 
77 98 62 
87 98 58 
94 96 44 
72 95 32 
41 94 99 
102 92 52 
43 90 28 
44 90 68 
51 90 46 
100 90 44 
58 89 39 
66 89 31 
93 88 34 
85 84 44 
30 83 49 
31 83 37 
32 83 51 
76 83 54 
31 81 19 
20 75 82 
58 74 20 
51 68 48 
59 64 78 
74 62 56 
22 60 35 
43 60 68 
26 54 47 
23 48 43 
35 46 41 
34 45 65 
35 45 71 
30 39 68 
35 36 53 
16 35 72 
42 30 39 
42 29 70 
54 27 57 
28 13 69 
