167 200 91 
63 137 15 
61 136 42 
37 135 42 
28 134 37 
19 128 30 
34 128 34 
58 128 76 
32 127 69 
42 127 56 
34 126 49 
48 126 44 
33 125 18 
34 125 55 
40 125 71 
49 125 40 
33 124 29 
56 124 21 
41 121 79 
23 117 57 
65 117 65 
38 116 90 
38 113 51 
72 113 51 
44 111 57 
37 106 16 
59 106 48 
72 105 31 
66 104 68 
41 103 51 
65 101 23 
34 96 79 
42 96 64 
61 96 73 
62 94 41 
63 94 40 
50 92 35 
34 91 51 
32 90 49 
34 90 92 
71 79 67 
60 77 17 
99 74 67 
56 72 34 
44 66 34 
87 66 51 
44 65 51 
39 64 35 
100 63 59 
110 62 67 
101 61 43 
78 56 41 
56 48 64 
79 47 45 
94 43 29 
127 38 58 
102 36 50 
104 33 38 
62 32 44 
94 30 63 
91 29 61 
89 27 64 
104 24 45 
100 15 42 
101 15 38 
84 5 59 
