115 227 62 
114 225 75 
72 222 78 
89 205 20 
88 203 77 
167 200 60 
69 195 42 
56 190 68 
79 190 29 
81 190 50 
87 184 49 
116 180 71 
116 179 104 
116 178 57 
111 168 28 
122 163 33 
45 161 60 
50 161 78 
84 160 21 
125 156 34 
65 155 74 
104 152 32 
99 143 24 
100 143 92 
101 142 45 
99 141 52 
107 141 48 
108 138 31 
116 138 76 
106 133 54 
118 131 70 
151 130 36 
108 125 45 
114 124 58 
159 113 72 
80 109 49 
153 107 71 
135 106 70 
102 105 42 
112 105 54 
121 105 30 
121 104 76 
109 102 53 
120 100 35 
131 99 49 
112 98 35 
140 96 33 
111 90 71 
113 90 15 
172 81 78 
128 76 54 
132 76 71 
133 75 75 
133 74 69 
155 71 83 
163 68 82 
165 68 72 
166 68 22 
167 68 51 
165 67 25 
141 65 72 
112 63 46 
130 59 13 
157 50 84 
192 50 59 
165 44 27 
147 43 49 
148 43 74 
153 43 23 
154 39 34 
168 37 63 
169 37 30 
174 36 57 
153 31 36 
163 31 55 
148 28 41 
175 28 37 
183 26 67 
174 18 65 
161 15 38 
