167 200 69 
238 71 52 
229 69 66 
226 67 53 
238 67 60 
244 67 21 
233 66 32 
234 66 52 
237 66 49 
238 66 66 
227 65 64 
228 65 54 
230 65 43 
232 65 52 
233 65 46 
236 65 72 
243 65 93 
226 64 33 
229 64 60 
231 64 72 
232 64 29 
233 64 36 
235 64 75 
239 64 57 
245 64 15 
230 63 76 
231 63 42 
235 63 55 
237 63 105 
239 63 86 
225 62 17 
226 62 96 
227 62 72 
231 62 90 
232 62 36 
237 62 89 
244 62 26 
226 61 46 
228 61 38 
231 61 26 
233 61 137 
234 61 42 
235 61 90 
236 61 51 
237 61 67 
239 61 103 
244 61 29 
226 60 78 
229 60 95 
231 60 41 
233 60 130 
234 60 92 
235 60 67 
236 60 42 
238 60 81 
239 60 14 
240 60 62 
245 60 37 
226 59 61 
230 59 53 
232 59 70 
233 59 63 
234 59 124 
235 59 124 
236 59 67 
238 59 81 
241 59 62 
243 59 38 
228 58 68 
232 58 70 
234 58 131 
235 58 103 
238 58 86 
246 58 83 
225 57 74 
228 57 71 
230 57 24 
231 57 52 
232 57 80 
234 57 69 
237 57 72 
238 57 38 
244 57 42 
226 56 55 
227 56 24 
229 56 77 
231 56 97 
232 56 94 
233 56 62 
234 56 86 
239 56 38 
242 56 61 
245 56 48 
227 55 15 
228 55 60 
229 55 68 
230 55 64 
231 55 85 
232 55 118 
235 55 18 
238 55 69 
239 55 137 
240 55 90 
226 54 54 
227 54 80 
230 54 115 
237 54 43 
240 54 78 
242 54 55 
223 53 22 
224 53 49 
225 53 60 
226 53 94 
228 53 89 
231 53 41 
239 53 45 
242 53 56 
231 52 58 
232 52 40 
237 52 31 
238 52 47 
225 51 110 
230 51 52 
234 51 66 
236 51 62 
237 51 98 
240 51 22 
221 50 63 
226 49 52 
232 49 47 
234 49 54 
238 49 47 
226 48 59 
230 48 75 
229 47 63 
230 47 80 
232 47 74 
231 46 45 
235 46 20 
222 39 86 
211 35 67 
208 33 63 
204 28 56 
