149 234 34 
143 221 53 
153 221 25 
148 210 63 
154 208 42 
149 205 77 
156 204 64 
157 200 34 
167 200 152 
145 199 60 
152 198 42 
155 196 21 
155 194 66 
153 193 70 
132 181 38 
143 181 61 
148 178 56 
133 170 34 
135 170 28 
137 170 85 
155 163 43 
158 162 40 
167 160 20 
148 159 42 
156 159 39 
159 159 79 
159 158 26 
139 155 45 
156 154 57 
158 154 21 
154 153 58 
156 153 72 
157 153 53 
159 153 23 
133 151 91 
155 151 50 
132 150 19 
164 150 67 
150 149 45 
154 149 86 
133 148 58 
149 148 34 
154 148 97 
164 148 62 
154 147 87 
133 146 42 
158 143 52 
148 142 43 
142 141 31 
148 140 73 
150 140 48 
146 139 57 
148 139 95 
143 138 72 
144 138 31 
152 138 98 
154 138 37 
157 138 12 
144 137 45 
155 137 53 
156 137 108 
157 137 62 
151 136 59 
162 136 51 
168 136 70 
145 135 86 
147 135 76 
148 135 75 
152 135 84 
147 134 62 
155 134 71 
155 133 63 
159 133 54 
159 132 12 
163 129 31 
157 128 25 
161 128 59 
156 127 51 
157 125 57 
147 121 23 
158 121 42 
151 120 55 
152 119 76 
161 115 37 
153 113 78 
159 112 15 
153 111 57 
140 106 22 
146 102 58 
150 100 66 
134 86 56 
141 85 61 
157 84 39 
145 83 40 
167 83 54 
158 82 63 
159 82 81 
164 82 72 
157 80 57 
155 77 52 
162 77 90 
163 77 61 
162 76 20 
128 75 40 
156 70 59 
156 69 54 
156 67 58 
150 65 40 
136 64 51 
153 62 76 
158 61 101 
157 60 20 
143 56 51 
164 56 47 
148 53 59 
149 53 53 
158 53 50 
166 53 73 
150 50 43 
144 49 44 
155 49 49 
166 49 53 
167 49 39 
154 47 46 
174 44 41 
157 43 29 
151 42 31 
152 41 56 
176 41 42 
169 39 56 
150 36 43 
156 30 58 
155 29 21 
148 25 38 
163 20 44 
160 19 60 
