195 232 70 
196 231 22 
177 220 33 
204 212 83 
205 212 14 
205 206 18 
206 206 28 
167 200 204 
184 200 44 
189 198 53 
190 198 79 
191 198 36 
184 197 16 
212 191 24 
182 167 20 
192 167 48 
216 164 51 
179 161 49 
190 159 28 
184 158 57 
179 154 47 
199 154 37 
208 141 88 
197 140 59 
202 140 49 
200 138 22 
214 115 76 
214 113 40 
216 110 48 
205 108 19 
216 108 74 
203 107 72 
204 107 12 
210 106 54 
175 96 39 
204 95 61 
219 94 56 
189 92 46 
198 91 54 
222 91 40 
197 90 43 
222 90 90 
214 89 30 
189 88 71 
217 88 75 
189 87 49 
227 86 45 
205 85 21 
218 85 95 
225 85 38 
215 84 68 
225 84 97 
226 84 29 
212 83 40 
216 83 85 
220 83 96 
225 83 95 
226 83 46 
215 82 33 
225 82 56 
239 82 66 
248 82 67 
245 77 60 
222 74 47 
236 73 83 
231 61 49 
228 60 50 
228 59 49 
228 55 56 
198 49 59 
229 48 47 
226 45 45 
198 44 14 
226 43 64 
233 42 33 
232 41 55 
216 37 55 
229 8 38 
229 7 13 
