224 238 11 
217 227 24 
176 225 59 
205 220 71 
233 220 70 
205 218 52 
183 212 52 
188 209 48 
194 209 63 
191 208 30 
220 208 41 
214 205 103 
218 205 59 
213 203 55 
170 202 84 
200 201 44 
167 200 30 
195 200 53 
198 200 29 
180 199 51 
188 196 46 
190 196 46 
205 194 30 
192 191 71 
195 191 77 
191 190 73 
202 190 74 
206 190 16 
220 190 22 
206 188 66 
182 187 54 
185 187 48 
166 186 37 
192 186 34 
184 185 73 
186 185 78 
192 184 62 
216 184 35 
194 179 42 
192 177 23 
198 177 80 
174 176 62 
194 176 95 
167 169 46 
176 166 72 
184 164 38 
183 163 60 
141 162 25 
138 143 19 
149 139 69 
135 135 54 
153 133 38 
186 133 55 
142 131 38 
142 130 69 
150 128 48 
113 124 57 
145 121 76 
137 120 44 
144 118 46 
143 117 17 
131 112 29 
117 110 46 
96 109 102 
100 109 73 
105 106 55 
78 97 45 
79 90 38 
74 86 95 
116 86 54 
71 85 23 
74 85 22 
80 83 25 
94 83 50 
106 83 23 
49 81 127 
84 81 50 
70 80 33 
84 80 26 
135 80 57 
108 79 20 
108 78 75 
75 77 65 
56 75 49 
75 75 11 
76 75 47 
88 75 41 
73 74 45 
82 74 26 
59 73 54 
95 73 80 
110 71 52 
57 70 60 
86 70 101 
95 70 47 
62 68 42 
68 68 66 
82 68 69 
84 68 38 
85 68 41 
60 67 84 
59 66 70 
73 66 57 
106 65 29 
80 64 42 
85 61 68 
88 61 40 
100 61 71 
101 61 32 
81 60 75 
69 59 30 
69 58 40 
94 58 50 
104 57 55 
106 57 61 
66 56 61 
35 55 89 
71 55 35 
76 54 40 
61 52 48 
80 52 69 
72 51 73 
69 50 89 
78 50 65 
95 49 66 
56 46 18 
56 45 84 
63 40 50 
67 40 62 
82 40 53 
74 35 49 
54 28 21 
55 28 57 
57 28 53 
50 20 39 
