167 200 95 
192 192 38 
203 176 25 
145 174 28 
203 174 84 
214 174 65 
171 167 37 
204 167 100 
155 161 75 
156 160 39 
176 159 66 
149 158 65 
156 158 20 
157 157 46 
158 156 81 
168 156 29 
167 155 49 
171 155 57 
158 154 44 
166 154 11 
133 152 25 
165 150 109 
179 150 44 
200 150 31 
162 148 42 
188 148 52 
185 147 40 
190 147 82 
228 146 57 
179 144 92 
155 143 23 
169 143 26 
152 139 22 
176 138 50 
193 138 79 
174 136 72 
171 135 54 
208 135 64 
132 133 72 
143 132 75 
175 132 77 
181 131 56 
159 130 24 
168 130 69 
190 130 62 
167 129 36 
156 128 78 
124 126 47 
172 126 79 
147 125 36 
161 125 49 
166 125 31 
167 125 51 
150 124 45 
219 124 61 
135 123 55 
186 123 67 
132 122 127 
127 121 51 
128 121 81 
138 121 75 
141 119 58 
152 119 43 
141 118 39 
160 118 45 
128 117 62 
160 117 49 
193 117 26 
142 115 16 
132 114 56 
138 114 69 
179 114 10 
151 113 34 
157 113 32 
159 113 92 
156 112 60 
158 112 50 
121 110 17 
164 110 68 
89 109 50 
116 109 59 
165 109 68 
160 107 54 
129 106 20 
149 106 49 
140 104 66 
146 104 114 
149 104 52 
155 104 74 
129 103 46 
151 103 39 
113 101 19 
165 101 31 
111 100 63 
119 100 7 
124 100 74 
120 99 57 
123 99 72 
125 99 64 
157 99 58 
114 98 89 
120 98 84 
116 97 26 
150 97 92 
162 97 17 
129 96 27 
131 96 56 
164 96 62 
115 95 81 
130 95 96 
147 95 60 
179 95 17 
100 94 37 
156 94 52 
135 93 36 
135 92 105 
136 92 66 
140 92 79 
170 91 10 
102 90 51 
129 90 8 
141 90 45 
142 90 81 
162 90 36 
143 89 40 
147 89 53 
162 89 48 
122 88 35 
126 88 126 
128 88 32 
137 88 42 
146 88 67 
148 88 58 
131 86 49 
143 86 69 
116 84 46 
118 84 60 
121 84 42 
136 84 77 
135 83 24 
138 83 80 
139 83 28 
144 83 51 
145 83 11 
146 83 28 
151 83 35 
157 83 45 
119 82 44 
151 82 64 
119 81 71 
124 81 38 
102 80 83 
105 80 60 
117 80 70 
122 80 55 
130 80 58 
131 80 62 
136 80 27 
144 80 54 
105 79 101 
115 79 35 
145 79 40 
146 78 58 
125 77 94 
133 77 82 
134 77 55 
137 77 64 
138 77 32 
160 77 62 
120 76 51 
124 76 79 
125 76 22 
126 76 71 
136 76 95 
138 76 56 
108 75 53 
125 75 52 
129 75 18 
132 75 52 
107 74 16 
108 74 52 
117 74 68 
121 74 88 
122 74 25 
129 74 40 
152 74 94 
168 74 49 
95 73 15 
103 73 38 
107 73 51 
111 73 63 
117 73 41 
127 73 50 
129 73 49 
91 72 58 
100 72 34 
116 72 37 
138 72 52 
145 72 40 
164 72 26 
166 72 67 
112 71 44 
130 71 55 
131 71 56 
133 71 36 
134 71 75 
137 71 15 
143 71 52 
164 71 109 
165 71 54 
107 70 49 
123 70 45 
124 70 6 
125 70 62 
135 70 116 
147 70 40 
148 70 46 
165 70 72 
101 69 46 
103 69 61 
114 69 62 
115 69 34 
125 69 21 
129 69 70 
137 69 17 
98 68 54 
117 68 18 
118 68 82 
138 68 83 
140 68 67 
105 67 65 
107 67 54 
118 67 93 
125 67 39 
126 67 20 
127 67 114 
129 67 81 
138 67 102 
122 66 58 
126 66 20 
107 65 47 
124 65 37 
126 65 32 
129 65 75 
130 65 58 
132 65 40 
167 65 31 
101 64 35 
105 64 35 
106 64 51 
130 64 39 
143 64 33 
170 64 75 
109 63 45 
121 63 48 
123 63 60 
127 63 95 
128 63 106 
137 63 52 
142 63 71 
144 63 39 
150 63 99 
91 62 25 
130 62 65 
120 61 80 
121 61 68 
136 61 74 
92 60 33 
96 60 26 
125 60 27 
126 60 31 
131 60 48 
142 60 83 
149 60 43 
92 59 81 
123 59 68 
130 59 32 
141 59 38 
117 58 54 
149 58 43 
99 57 22 
114 57 21 
128 57 20 
140 57 67 
143 56 29 
109 55 15 
114 55 71 
120 55 48 
143 55 78 
155 55 66 
116 54 28 
109 53 13 
110 53 46 
118 53 84 
120 53 46 
136 53 36 
144 53 49 
149 53 42 
159 53 69 
148 52 39 
106 50 33 
125 50 51 
126 50 81 
139 50 43 
111 49 55 
117 49 23 
123 48 20 
125 48 50 
141 48 47 
147 48 76 
117 47 65 
118 47 87 
123 47 21 
147 47 29 
120 46 76 
88 45 31 
97 45 29 
133 45 65 
136 45 47 
100 44 43 
123 44 8 
124 44 70 
133 44 32 
99 43 70 
100 43 28 
106 43 51 
107 43 41 
110 43 63 
122 43 59 
106 42 78 
107 42 73 
89 39 37 
103 39 46 
104 39 16 
134 39 66 
151 39 44 
107 37 40 
107 36 49 
108 36 62 
128 36 36 
131 36 16 
134 35 85 
144 35 85 
90 34 27 
91 34 47 
113 34 31 
114 34 52 
120 33 45 
131 33 84 
113 31 54 
111 29 78 
102 28 84 
115 28 82 
95 27 73 
102 27 76 
108 26 47 
104 23 38 
88 21 67 
93 21 33 
109 21 73 
100 20 52 
95 19 36 
99 18 61 
99 17 84 
98 16 42 
85 14 27 
90 14 33 
91 14 26 
115 14 25 
84 11 19 
98 4 85 
