143 234 42 
169 227 37 
174 220 34 
162 215 72 
178 215 11 
159 214 87 
210 214 30 
182 210 42 
202 209 74 
216 207 20 
172 206 13 
188 205 71 
191 204 81 
209 204 66 
166 202 21 
171 202 49 
177 201 83 
192 201 49 
167 200 45 
165 199 43 
179 196 128 
180 196 58 
177 195 34 
179 195 54 
159 193 61 
212 188 79 
188 187 96 
189 187 49 
213 181 72 
213 177 50 
214 177 67 
196 175 36 
222 174 74 
168 173 54 
199 171 66 
209 171 62 
212 171 25 
180 170 44 
220 166 44 
227 166 92 
218 164 85 
193 162 94 
206 162 45 
192 161 73 
223 161 30 
213 160 74 
222 160 87 
209 159 32 
211 158 56 
210 157 27 
202 155 46 
209 154 29 
193 153 60 
210 151 54 
217 150 60 
202 147 53 
222 146 56 
232 141 71 
221 136 62 
230 136 49 
236 136 48 
193 135 72 
246 135 51 
234 134 60 
246 132 66 
229 131 80 
237 130 98 
194 129 87 
237 129 90 
238 129 53 
227 128 17 
221 127 23 
236 126 68 
236 125 74 
226 124 69 
221 121 20 
232 116 38 
223 115 36 
224 115 60 
216 114 57 
226 113 79 
243 113 94 
242 112 19 
225 111 37 
238 97 72 
234 96 84 
232 95 20 
236 93 62 
214 92 41 
228 89 68 
231 89 30 
242 84 44 
226 81 57 
232 81 38 
244 81 35 
237 75 22 
217 68 57 
227 67 71 
217 66 49 
219 66 70 
221 66 28 
201 64 41 
232 64 31 
217 63 52 
220 63 69 
210 62 69 
217 62 39 
216 57 43 
232 51 21 
242 47 19 
217 45 61 
219 45 28 
219 44 18 
216 43 36 
205 41 85 
216 41 67 
197 40 73 
196 39 70 
197 39 36 
216 38 43 
230 37 73 
234 37 54 
233 36 30 
236 36 37 
215 35 54 
223 35 57 
226 35 77 
233 35 22 
208 34 52 
235 34 29 
207 33 71 
240 33 20 
198 32 27 
216 32 40 
210 31 59 
214 31 74 
230 30 34 
191 29 29 
213 29 23 
220 29 62 
213 28 78 
237 28 67 
211 27 43 
231 27 70 
193 26 53 
223 26 55 
215 25 45 
217 25 77 
222 25 28 
228 25 41 
237 24 27 
229 23 75 
216 21 57 
228 21 55 
232 21 95 
234 21 78 
236 21 20 
186 20 116 
218 20 43 
244 20 46 
213 19 48 
197 18 56 
219 18 76 
232 18 79 
197 17 64 
214 17 79 
229 17 47 
230 17 113 
163 16 50 
209 16 73 
219 16 72 
232 16 39 
189 15 71 
213 15 55 
228 15 45 
229 15 48 
203 14 25 
212 14 34 
217 14 71 
221 14 23 
217 13 53 
226 13 56 
227 13 65 
231 13 71 
233 13 31 
186 12 48 
204 12 60 
200 11 31 
209 11 74 
239 11 40 
205 10 33 
214 10 26 
217 10 74 
203 9 74 
213 9 49 
211 8 73 
213 8 78 
197 7 41 
205 7 72 
207 7 29 
216 7 54 
234 7 34 
242 7 59 
