169 238 62 
168 237 39 
145 234 49 
164 232 50 
169 230 81 
157 227 62 
152 226 16 
141 225 46 
144 224 104 
150 222 49 
144 221 99 
160 221 89 
137 215 28 
142 215 60 
167 200 42 
123 194 29 
128 191 29 
120 190 57 
128 190 49 
98 186 69 
125 184 67 
117 182 33 
99 174 46 
96 172 51 
97 172 26 
93 171 58 
96 170 47 
87 154 68 
84 139 75 
73 136 92 
72 130 57 
62 121 50 
50 89 49 
51 89 29 
52 85 58 
51 84 30 
186 84 66 
187 84 35 
188 84 40 
46 83 95 
53 83 60 
184 83 47 
186 83 65 
187 82 71 
54 81 52 
185 81 59 
187 81 65 
50 79 44 
53 79 41 
54 79 106 
56 79 13 
59 79 41 
188 79 63 
46 78 70 
57 77 44 
188 75 29 
190 75 52 
186 70 75 
188 67 56 
191 65 47 
197 62 52 
201 57 45 
194 56 84 
190 55 68 
196 55 44 
188 54 48 
192 54 23 
66 53 54 
85 53 31 
198 53 48 
191 52 70 
196 50 10 
203 50 54 
198 48 46 
193 47 32 
196 47 81 
197 47 43 
192 46 69 
200 46 40 
78 45 109 
197 45 54 
208 45 47 
192 44 63 
196 44 14 
197 44 24 
57 43 67 
192 43 87 
198 42 56 
75 41 78 
193 40 64 
195 40 27 
196 40 29 
195 39 38 
75 38 49 
195 37 63 
196 37 46 
202 34 35 
196 33 36 
194 32 66 
200 32 49 
206 31 64 
199 29 45 
208 29 66 
211 29 54 
193 28 25 
202 28 43 
204 28 36 
183 27 33 
200 27 43 
202 27 72 
194 26 67 
208 26 63 
192 25 67 
196 25 34 
200 25 43 
191 24 51 
199 24 41 
204 24 37 
209 24 26 
192 23 142 
199 23 31 
200 23 98 
208 23 49 
209 23 32 
200 22 91 
199 21 78 
214 21 56 
93 20 45 
198 20 28 
200 20 81 
202 20 74 
205 20 57 
92 19 50 
95 19 59 
194 19 60 
202 19 29 
195 18 44 
196 18 71 
196 17 57 
197 17 25 
203 17 95 
205 17 54 
203 16 45 
208 16 57 
200 14 30 
201 14 104 
191 12 41 
89 11 47 
193 11 36 
205 11 37 
208 11 53 
205 10 22 
206 10 83 
207 10 45 
190 6 69 
209 5 73 
