25 237 44 
42 237 58 
37 236 72 
45 235 73 
40 234 59 
32 232 46 
24 230 80 
29 230 59 
31 230 78 
40 230 23 
42 230 35 
26 229 64 
32 229 49 
32 228 57 
17 227 14 
23 227 63 
29 227 14 
32 227 56 
24 225 62 
15 224 42 
22 224 71 
45 223 48 
32 222 73 
33 222 54 
35 222 31 
35 221 45 
43 221 63 
30 220 63 
31 220 24 
34 220 22 
18 219 44 
34 219 62 
16 218 26 
26 217 60 
28 217 48 
44 217 49 
20 216 77 
30 216 60 
15 215 51 
29 215 34 
33 215 35 
31 214 103 
31 213 41 
24 211 3 
36 211 53 
21 210 59 
28 210 39 
35 210 66 
39 210 70 
42 210 54 
18 208 18 
16 204 42 
43 204 92 
19 203 60 
15 202 38 
20 201 69 
167 200 41 
10 198 78 
27 198 52 
10 197 99 
22 196 22 
10 195 26 
12 192 16 
40 191 26 
18 189 64 
37 189 26 
27 186 62 
