189 242 54 
217 234 48 
180 232 26 
223 230 48 
196 228 46 
208 225 33 
212 224 69 
240 220 70 
210 219 54 
213 218 49 
207 214 12 
242 214 36 
207 211 73 
191 210 50 
188 209 102 
192 209 37 
201 208 81 
202 208 62 
211 208 47 
201 207 40 
198 206 73 
210 205 63 
205 204 52 
228 204 114 
230 204 41 
220 202 100 
229 202 38 
222 201 86 
167 200 18 
188 200 59 
190 199 26 
220 196 51 
194 195 63 
195 194 68 
212 193 34 
213 193 86 
196 190 47 
200 185 34 
223 185 62 
212 184 36 
211 180 51 
229 180 48 
241 180 73 
206 179 67 
240 177 10 
204 176 28 
231 175 4 
241 174 34 
216 172 48 
212 170 22 
227 170 64 
237 163 115 
215 161 44 
221 157 59 
241 156 16 
232 155 52 
224 151 64 
228 150 49 
230 149 56 
224 147 75 
230 147 37 
215 146 78 
224 146 51 
214 144 91 
219 143 47 
240 142 25 
220 141 51 
231 139 97 
211 138 26 
230 138 85 
245 138 51 
233 137 68 
223 136 41 
225 135 41 
236 135 47 
221 132 109 
222 132 33 
230 132 34 
245 132 50 
219 131 48 
222 131 26 
230 131 71 
240 131 86 
241 131 83 
218 130 31 
234 130 108 
215 129 54 
233 127 36 
235 127 8 
234 117 29 
241 71 90 
