130 241 80 
135 241 25 
141 241 93 
133 240 40 
123 238 21 
120 237 28 
117 236 62 
120 236 54 
128 236 19 
132 234 47 
135 234 103 
145 233 32 
140 232 79 
115 231 32 
129 231 75 
145 231 38 
132 229 26 
146 229 68 
119 228 89 
131 228 90 
132 228 127 
149 228 63 
131 227 62 
145 227 30 
107 226 69 
129 222 64 
149 222 69 
127 221 13 
121 220 31 
127 220 87 
128 220 25 
137 220 33 
146 220 20 
102 219 36 
117 219 60 
127 219 70 
128 218 15 
136 218 48 
129 216 30 
83 215 36 
130 215 94 
143 215 75 
144 215 52 
145 215 55 
147 215 43 
105 214 109 
122 214 71 
130 214 37 
104 213 68 
105 213 16 
130 213 79 
131 213 35 
135 213 59 
126 211 109 
142 211 78 
120 210 52 
103 209 69 
114 209 75 
142 209 69 
138 208 33 
139 208 104 
135 207 30 
119 206 67 
147 206 71 
122 205 36 
132 205 24 
124 204 35 
123 203 73 
128 202 29 
152 202 62 
138 200 26 
167 200 38 
110 199 47 
117 199 30 
116 196 51 
164 196 52 
142 195 24 
131 193 55 
115 192 59 
130 192 60 
131 192 62 
110 188 67 
107 182 17 
132 181 40 
137 180 66 
127 179 58 
133 179 33 
134 175 71 
104 174 39 
120 173 22 
129 172 96 
103 171 33 
120 171 75 
145 171 69 
123 170 79 
118 166 66 
125 161 23 
137 158 32 
125 157 28 
117 156 19 
114 152 59 
112 151 21 
118 151 31 
114 150 77 
115 148 67 
122 148 40 
117 146 32 
123 144 40 
130 143 116 
131 143 16 
134 143 64 
120 142 60 
127 142 41 
148 142 43 
114 141 40 
115 141 59 
126 141 61 
152 141 73 
93 140 46 
100 140 14 
109 140 73 
104 139 101 
112 139 11 
113 139 56 
114 139 66 
123 139 95 
122 138 80 
123 136 64 
135 136 18 
153 134 71 
104 132 45 
120 132 46 
130 132 49 
152 132 43 
110 131 31 
111 131 41 
110 130 42 
114 129 48 
116 128 41 
117 127 34 
133 127 84 
89 126 54 
109 126 62 
123 126 32 
107 125 65 
108 125 45 
114 125 23 
106 124 91 
111 124 48 
144 123 113 
101 122 38 
119 122 70 
108 121 67 
91 120 58 
96 120 37 
127 120 38 
101 119 21 
121 119 67 
110 118 55 
123 118 27 
98 117 72 
110 117 84 
111 117 31 
139 117 34 
122 116 54 
108 115 20 
113 115 69 
148 115 44 
156 115 48 
112 114 67 
118 114 75 
121 114 57 
110 113 27 
111 113 16 
105 112 46 
114 112 37 
132 112 27 
97 111 91 
102 110 128 
118 110 64 
136 110 56 
103 109 4 
116 109 37 
117 109 40 
126 109 70 
130 109 65 
151 109 68 
100 108 57 
110 108 79 
132 108 32 
85 106 40 
86 106 64 
123 106 26 
85 105 19 
134 104 45 
103 103 94 
107 103 54 
118 103 66 
141 103 31 
142 103 79 
131 100 54 
100 99 54 
158 99 41 
112 96 51 
127 96 32 
83 95 63 
131 94 67 
142 92 12 
142 91 79 
131 85 39 
107 84 38 
109 79 70 
119 79 44 
107 76 57 
121 74 46 
155 74 71 
108 72 50 
107 71 42 
118 70 43 
132 70 47 
114 67 52 
117 67 48 
87 65 63 
124 65 34 
89 64 120 
137 62 17 
121 61 72 
99 60 67 
101 60 77 
102 60 71 
123 58 72 
105 57 43 
119 56 13 
110 47 67 
126 44 23 
122 22 12 
131 19 51 
