97 238 23 
121 236 49 
125 216 93 
115 212 61 
140 210 35 
143 209 92 
128 208 29 
132 206 63 
125 204 37 
135 204 44 
141 203 52 
143 203 35 
144 203 10 
134 202 46 
145 202 56 
141 201 64 
129 200 26 
167 200 56 
129 197 63 
130 197 23 
127 192 48 
134 192 82 
142 191 47 
122 190 75 
124 190 85 
123 189 66 
157 187 46 
129 185 66 
156 181 16 
162 178 87 
169 178 34 
167 177 48 
182 175 81 
151 174 97 
155 174 58 
183 174 99 
161 172 49 
162 172 50 
166 172 69 
166 171 34 
157 170 95 
156 168 33 
165 168 49 
174 168 124 
155 164 78 
169 158 53 
180 155 19 
187 155 104 
174 152 69 
180 152 52 
196 152 57 
194 151 66 
195 151 25 
196 151 68 
171 150 70 
190 150 58 
179 148 45 
182 147 47 
189 147 56 
190 146 58 
188 145 71 
191 145 42 
196 145 57 
187 144 62 
188 144 39 
187 143 38 
193 143 84 
193 142 21 
193 141 96 
200 141 68 
192 136 76 
198 136 66 
199 135 48 
212 135 19 
213 135 104 
185 134 69 
203 134 113 
179 133 17 
210 131 41 
219 131 52 
198 127 54 
208 122 54 
209 122 39 
221 121 101 
220 118 48 
228 116 57 
213 112 92 
218 112 34 
222 111 80 
218 110 66 
202 109 41 
224 109 49 
223 106 17 
224 105 85 
234 105 103 
230 104 61 
245 102 75 
236 101 66 
244 98 32 
243 97 89 
242 96 27 
231 95 55 
242 95 23 
238 87 56 
245 81 25 
239 33 37 
240 33 48 
239 28 59 
224 22 20 
241 15 52 
