167 200 46 
206 177 34 
219 177 124 
220 177 52 
216 168 26 
144 160 35 
140 159 103 
144 159 59 
218 159 34 
129 155 101 
164 151 67 
192 151 10 
225 151 54 
162 150 33 
229 150 64 
133 148 66 
168 148 36 
188 146 68 
172 145 39 
171 143 83 
147 140 55 
164 139 45 
232 139 29 
132 138 80 
172 137 38 
203 136 32 
124 135 61 
138 133 60 
150 133 90 
151 133 72 
83 132 42 
86 132 44 
91 132 57 
94 132 98 
138 132 51 
151 131 36 
193 130 93 
223 129 151 
169 128 53 
223 128 82 
172 127 95 
156 126 98 
167 126 74 
197 126 85 
158 125 34 
187 125 78 
199 125 69 
162 124 41 
163 123 50 
177 123 52 
135 120 47 
203 120 55 
87 119 59 
144 119 70 
139 118 46 
177 117 42 
177 116 53 
144 115 50 
147 115 54 
129 114 72 
188 114 14 
137 113 54 
109 112 60 
151 111 30 
166 108 34 
123 107 22 
125 106 71 
149 105 87 
188 105 29 
150 103 25 
151 103 53 
158 102 76 
123 100 31 
240 99 70 
72 98 60 
99 96 71 
105 96 40 
106 96 62 
118 95 68 
103 94 84 
190 91 48 
92 90 65 
60 89 70 
76 84 46 
115 84 38 
117 84 55 
58 83 47 
68 83 72 
69 83 57 
124 82 56 
119 79 35 
125 79 106 
93 77 59 
124 76 50 
122 75 61 
22 74 15 
147 74 69 
111 72 54 
128 71 37 
127 70 19 
43 68 19 
78 66 52 
34 64 66 
35 64 48 
28 63 54 
30 63 78 
56 48 49 
73 45 42 
15 43 33 
27 41 51 
28 41 58 
40 33 20 
20 25 51 
31 23 49 
26 15 29 
