17 227 32 
39 214 37 
26 213 43 
27 208 23 
32 205 51 
50 200 37 
167 200 43 
36 197 48 
31 194 5 
42 194 46 
38 193 30 
41 193 74 
28 192 78 
36 191 62 
44 188 78 
22 187 64 
24 185 59 
43 185 43 
46 185 52 
48 185 16 
43 184 83 
44 184 20 
38 183 63 
39 183 83 
39 179 30 
11 178 61 
25 178 36 
66 178 99 
25 174 75 
40 174 33 
42 174 68 
18 173 68 
24 170 60 
26 170 47 
50 170 51 
52 169 50 
54 169 28 
51 168 25 
77 168 15 
48 167 58 
52 167 40 
55 167 32 
43 166 103 
54 166 50 
42 165 22 
43 165 41 
61 165 48 
62 165 43 
63 165 57 
41 164 54 
26 162 58 
31 162 51 
32 162 68 
45 162 44 
54 162 19 
63 162 67 
69 162 50 
48 161 29 
98 161 52 
57 159 68 
84 158 47 
85 158 53 
29 157 76 
55 157 17 
63 157 33 
74 157 43 
33 156 41 
38 156 70 
49 156 76 
55 156 48 
56 156 48 
38 155 80 
40 155 38 
49 155 44 
53 155 88 
57 154 82 
56 153 50 
57 153 29 
53 152 51 
58 152 45 
62 151 63 
57 150 67 
58 149 87 
60 149 87 
49 148 60 
59 148 67 
60 148 29 
61 148 27 
48 147 40 
51 146 70 
53 145 49 
70 145 47 
43 144 57 
62 144 54 
75 144 18 
38 143 55 
59 143 66 
53 142 55 
57 142 74 
67 142 23 
71 141 26 
81 141 62 
92 141 34 
37 140 63 
38 140 66 
65 139 56 
136 139 48 
65 138 66 
89 138 36 
73 137 61 
78 137 48 
79 137 51 
76 136 83 
94 136 38 
66 135 65 
67 135 50 
104 135 37 
62 133 63 
50 131 108 
127 131 74 
53 130 73 
60 130 40 
127 130 73 
51 129 51 
62 129 53 
86 129 27 
90 129 58 
111 129 52 
81 128 65 
119 128 49 
132 125 47 
80 124 14 
120 124 74 
122 124 12 
123 124 67 
133 124 19 
69 123 29 
104 123 70 
128 123 61 
130 123 86 
134 123 65 
116 122 58 
120 122 18 
139 122 93 
100 120 36 
102 120 25 
105 120 40 
120 120 58 
131 120 45 
98 119 88 
122 119 13 
74 118 36 
141 118 45 
142 118 43 
109 117 29 
115 117 77 
144 116 19 
76 115 59 
109 115 60 
112 115 58 
119 115 109 
158 115 40 
171 115 76 
54 114 41 
59 114 49 
69 114 35 
82 114 51 
105 114 57 
107 114 28 
111 114 28 
112 114 23 
137 114 63 
146 114 51 
168 114 84 
169 114 77 
104 113 27 
111 113 49 
121 113 52 
129 113 31 
132 113 7 
133 113 47 
142 113 41 
146 113 18 
148 113 75 
150 113 40 
168 113 44 
69 112 44 
112 112 55 
120 112 54 
122 112 57 
123 112 13 
130 112 76 
132 112 51 
149 112 29 
88 111 46 
117 111 31 
123 111 76 
124 111 62 
125 111 104 
149 111 51 
169 111 15 
98 110 55 
99 110 17 
112 110 25 
122 110 57 
123 110 30 
124 110 13 
129 110 52 
131 110 27 
161 110 25 
81 109 31 
100 109 64 
104 109 20 
110 109 90 
122 109 32 
125 109 27 
129 109 80 
149 109 54 
151 109 43 
164 109 25 
100 108 23 
110 108 92 
113 108 36 
118 108 55 
121 108 19 
122 108 29 
124 108 52 
125 108 21 
129 108 43 
150 108 36 
153 108 22 
160 108 18 
84 107 62 
107 107 36 
110 107 54 
121 107 51 
123 107 66 
127 107 30 
128 107 71 
131 107 50 
142 107 49 
155 107 91 
116 106 26 
118 106 38 
120 106 82 
128 106 42 
149 106 12 
155 106 57 
159 106 67 
167 106 36 
173 106 92 
89 105 32 
96 105 43 
107 105 16 
120 105 19 
121 105 35 
126 105 76 
132 105 38 
134 105 23 
138 105 56 
159 105 52 
116 104 45 
119 104 46 
127 104 35 
133 104 52 
139 104 37 
142 104 118 
143 104 14 
154 104 71 
158 104 53 
166 104 69 
102 103 30 
111 103 55 
116 103 56 
117 103 28 
122 103 41 
127 103 41 
146 103 90 
148 103 55 
156 103 53 
166 103 76 
169 103 44 
102 102 48 
106 102 66 
109 102 37 
111 102 24 
120 102 75 
121 102 137 
131 102 30 
134 102 69 
144 102 67 
145 102 41 
153 102 39 
159 102 119 
160 102 57 
109 101 20 
122 101 78 
123 101 24 
132 101 21 
134 101 104 
135 101 83 
152 101 72 
181 101 15 
182 101 59 
99 100 64 
102 100 49 
103 100 41 
120 100 47 
125 100 60 
126 100 25 
129 100 106 
130 100 5 
136 100 70 
143 100 19 
145 100 48 
155 100 60 
157 100 25 
111 99 34 
113 99 16 
124 99 52 
125 99 95 
128 99 86 
133 99 46 
134 99 146 
135 99 48 
141 99 43 
142 99 39 
177 99 75 
182 99 45 
101 98 45 
106 98 85 
108 98 103 
109 98 49 
111 98 45 
115 98 65 
126 98 110 
127 98 97 
131 98 85 
136 98 61 
141 98 64 
143 98 69 
146 98 31 
149 98 92 
108 97 44 
114 97 53 
118 97 60 
126 97 75 
127 97 37 
142 97 85 
144 97 35 
152 97 23 
96 96 72 
108 96 17 
117 96 37 
123 96 49 
127 96 13 
128 96 26 
129 96 98 
136 96 30 
138 96 14 
142 96 40 
143 96 21 
147 96 60 
148 96 36 
155 96 34 
169 96 65 
172 96 35 
184 96 69 
189 96 86 
114 95 70 
115 95 56 
122 95 98 
127 95 73 
136 95 122 
137 95 89 
140 95 26 
144 95 57 
147 95 18 
148 95 55 
149 95 97 
153 95 51 
154 95 64 
178 95 48 
77 94 48 
102 94 56 
110 94 35 
111 94 63 
116 94 30 
118 94 68 
119 94 20 
122 94 52 
124 94 52 
125 94 58 
126 94 41 
129 94 57 
130 94 48 
133 94 44 
134 94 91 
137 94 103 
139 94 26 
141 94 100 
142 94 72 
143 94 66 
147 94 26 
149 94 18 
156 94 59 
173 94 27 
177 94 48 
181 94 37 
191 94 58 
103 93 15 
106 93 20 
108 93 54 
116 93 52 
122 93 24 
128 93 61 
129 93 90 
131 93 65 
133 93 63 
135 93 65 
138 93 31 
141 93 38 
154 93 62 
156 93 56 
159 93 88 
170 93 24 
178 93 25 
179 93 70 
192 93 25 
76 92 6 
95 92 41 
100 92 18 
105 92 19 
110 92 17 
114 92 54 
120 92 68 
123 92 130 
132 92 44 
133 92 3 
137 92 35 
138 92 15 
139 92 66 
141 92 48 
142 92 75 
143 92 37 
157 92 56 
158 92 35 
170 92 48 
179 92 33 
183 92 34 
77 91 44 
95 91 44 
110 91 9 
115 91 45 
116 91 69 
120 91 22 
121 91 22 
122 91 41 
123 91 39 
124 91 80 
127 91 51 
129 91 35 
130 91 103 
131 91 73 
133 91 53 
137 91 86 
138 91 94 
142 91 162 
148 91 106 
158 91 53 
165 91 44 
115 90 16 
121 90 7 
122 90 123 
123 90 79 
130 90 80 
133 90 35 
134 90 22 
135 90 57 
139 90 56 
142 90 17 
147 90 29 
148 90 56 
159 90 24 
165 90 102 
168 90 34 
172 90 59 
173 90 67 
207 90 54 
95 89 58 
96 89 46 
109 89 65 
118 89 13 
133 89 102 
142 89 71 
155 89 39 
166 89 28 
209 89 82 
109 88 30 
112 88 39 
116 88 49 
120 88 60 
131 88 59 
137 88 119 
143 88 92 
147 88 55 
155 88 25 
166 88 54 
117 87 79 
120 87 68 
122 87 25 
128 87 31 
132 87 75 
142 87 93 
146 87 33 
150 87 100 
151 87 66 
153 87 59 
158 87 92 
162 87 52 
163 87 69 
171 87 55 
198 87 49 
74 86 20 
112 86 12 
115 86 75 
117 86 9 
118 86 31 
127 86 38 
130 86 79 
131 86 51 
139 86 26 
141 86 50 
142 86 26 
143 86 83 
147 86 79 
149 86 33 
152 86 50 
154 86 52 
160 86 55 
167 86 76 
170 86 25 
173 86 49 
174 86 52 
182 86 37 
111 85 42 
112 85 50 
113 85 56 
114 85 25 
118 85 51 
122 85 56 
125 85 52 
131 85 59 
134 85 15 
137 85 41 
140 85 54 
142 85 51 
143 85 63 
145 85 71 
146 85 59 
147 85 66 
152 85 60 
153 85 46 
159 85 47 
161 85 53 
173 85 21 
174 85 68 
182 85 80 
198 85 83 
209 85 22 
99 84 68 
106 84 63 
107 84 25 
116 84 100 
125 84 34 
127 84 50 
130 84 66 
137 84 92 
139 84 46 
141 84 117 
142 84 84 
148 84 81 
153 84 46 
161 84 25 
162 84 77 
168 84 80 
108 83 57 
122 83 42 
126 83 93 
129 83 53 
131 83 59 
132 83 70 
137 83 55 
138 83 42 
145 83 20 
160 83 22 
163 83 46 
179 83 38 
93 82 69 
95 82 19 
106 82 25 
114 82 87 
115 82 23 
117 82 84 
127 82 15 
128 82 56 
130 82 43 
136 82 47 
138 82 11 
140 82 36 
149 82 90 
150 82 55 
153 82 83 
154 82 40 
156 82 37 
157 82 42 
160 82 70 
170 82 14 
176 82 35 
184 82 22 
202 82 29 
107 81 42 
113 81 43 
121 81 36 
123 81 21 
126 81 45 
128 81 8 
129 81 45 
133 81 60 
136 81 106 
137 81 77 
140 81 60 
148 81 68 
150 81 61 
152 81 46 
153 81 63 
163 81 57 
167 81 24 
170 81 66 
110 80 17 
123 80 35 
124 80 32 
125 80 66 
126 80 51 
134 80 45 
136 80 67 
140 80 48 
141 80 80 
144 80 68 
148 80 56 
149 80 90 
150 80 101 
159 80 22 
162 80 58 
168 80 45 
178 80 13 
184 80 27 
110 79 20 
112 79 11 
115 79 67 
131 79 11 
135 79 60 
137 79 70 
143 79 18 
145 79 17 
147 79 24 
155 79 32 
159 79 56 
163 79 15 
179 79 48 
184 79 95 
115 78 16 
128 78 22 
130 78 92 
132 78 29 
133 78 20 
134 78 37 
140 78 25 
142 78 4 
147 78 39 
153 78 81 
155 78 13 
164 78 63 
168 78 17 
169 78 52 
174 78 68 
208 78 32 
116 77 45 
120 77 26 
121 77 28 
122 77 74 
127 77 80 
129 77 13 
132 77 68 
133 77 46 
138 77 41 
140 77 43 
141 77 47 
142 77 57 
143 77 74 
148 77 38 
149 77 59 
150 77 44 
151 77 34 
152 77 66 
161 77 7 
163 77 19 
172 77 25 
181 77 73 
96 76 49 
107 76 47 
115 76 40 
122 76 67 
130 76 77 
133 76 41 
134 76 36 
138 76 82 
139 76 49 
142 76 63 
145 76 28 
150 76 29 
153 76 39 
161 76 21 
167 76 61 
182 76 76 
190 76 62 
86 75 49 
99 75 38 
101 75 15 
107 75 63 
118 75 45 
119 75 20 
133 75 7 
136 75 72 
150 75 49 
152 75 64 
153 75 16 
155 75 73 
172 75 32 
203 75 63 
100 74 6 
127 74 75 
137 74 58 
159 74 57 
163 74 43 
169 74 50 
180 74 70 
189 74 39 
102 73 84 
116 73 68 
117 73 50 
118 73 76 
119 73 61 
121 73 49 
124 73 81 
133 73 38 
136 73 36 
138 73 55 
143 73 80 
174 73 57 
179 73 29 
183 73 25 
184 73 52 
189 73 71 
191 73 13 
199 73 56 
211 73 61 
107 72 57 
119 72 94 
130 72 71 
131 72 88 
138 72 45 
139 72 33 
153 72 25 
158 72 76 
109 71 51 
115 71 64 
116 71 22 
117 71 101 
121 71 41 
126 71 30 
154 71 49 
158 71 26 
159 71 41 
169 71 77 
173 71 25 
179 71 82 
191 71 7 
192 71 56 
200 71 50 
119 70 64 
133 70 32 
144 70 74 
146 70 63 
156 70 26 
166 70 67 
168 70 38 
174 70 71 
95 69 66 
118 69 79 
125 69 55 
126 69 47 
131 69 75 
136 69 33 
142 69 25 
144 69 75 
149 69 68 
166 69 38 
182 69 22 
198 69 60 
214 69 45 
94 68 52 
107 68 15 
108 68 41 
112 68 51 
122 68 55 
128 68 20 
129 68 94 
138 68 66 
140 68 7 
143 68 57 
144 68 16 
145 68 65 
148 68 34 
155 68 42 
167 68 19 
177 68 89 
188 68 27 
116 67 51 
127 67 12 
142 67 27 
143 67 34 
146 67 42 
158 67 91 
198 67 68 
109 66 75 
124 66 75 
126 66 30 
131 66 68 
148 66 42 
168 66 6 
175 66 24 
176 66 45 
185 66 42 
188 66 81 
107 65 60 
110 65 40 
111 65 70 
122 65 62 
124 65 46 
136 65 77 
157 65 73 
159 65 80 
176 65 63 
187 65 65 
190 65 8 
118 64 21 
119 64 38 
134 64 74 
135 64 85 
145 64 27 
146 64 15 
194 64 29 
207 64 46 
111 63 12 
119 63 49 
130 63 33 
136 63 20 
143 63 22 
153 63 24 
163 63 30 
166 63 51 
186 63 19 
190 63 71 
114 62 20 
116 62 17 
130 62 86 
144 62 46 
156 62 61 
168 62 36 
170 62 71 
181 62 61 
184 62 89 
197 62 31 
98 61 28 
120 61 71 
133 61 29 
135 61 48 
148 61 56 
149 61 102 
181 61 59 
208 61 36 
133 60 16 
163 60 52 
164 60 45 
180 60 128 
191 60 70 
194 60 62 
202 60 41 
103 59 41 
107 59 54 
167 59 79 
171 59 75 
181 59 14 
197 59 67 
124 58 55 
129 58 46 
134 58 78 
166 58 17 
184 58 106 
193 58 36 
203 58 48 
204 58 56 
206 58 23 
213 58 84 
127 57 47 
160 57 66 
165 57 52 
167 57 69 
175 57 7 
182 57 24 
183 57 59 
191 57 51 
207 57 15 
213 57 19 
139 56 51 
149 56 27 
175 56 68 
135 55 30 
139 55 46 
156 55 37 
178 55 57 
193 55 25 
195 55 31 
204 55 52 
156 54 32 
161 54 84 
170 54 40 
175 54 20 
180 54 90 
190 54 38 
203 54 20 
204 54 35 
205 54 9 
220 54 57 
229 54 57 
140 53 27 
151 53 34 
158 53 155 
162 53 44 
164 53 58 
167 53 24 
168 53 70 
177 53 16 
183 53 28 
189 53 71 
193 53 83 
167 52 62 
177 52 21 
178 52 41 
183 52 51 
189 52 18 
190 52 60 
191 52 31 
206 52 47 
123 51 23 
154 51 60 
168 51 73 
181 51 56 
184 51 18 
187 51 29 
190 51 30 
193 51 49 
199 51 68 
205 51 85 
208 51 38 
214 51 43 
154 50 73 
158 50 49 
178 50 76 
181 50 75 
197 50 40 
135 49 26 
152 49 45 
155 49 24 
156 49 21 
157 49 72 
173 49 75 
180 49 114 
181 49 71 
183 49 38 
184 49 56 
197 49 86 
199 49 35 
204 49 57 
137 48 29 
156 48 33 
169 48 48 
176 48 19 
187 48 16 
154 47 87 
155 47 27 
156 47 48 
203 47 27 
173 46 13 
174 46 86 
175 46 72 
188 46 29 
194 46 46 
195 46 39 
215 46 39 
128 45 38 
155 45 36 
165 45 19 
172 45 55 
182 45 70 
198 45 46 
206 45 22 
211 45 54 
97 44 45 
154 44 48 
162 44 53 
169 44 26 
171 44 77 
182 44 48 
186 44 64 
199 44 51 
149 43 75 
156 43 100 
157 43 32 
165 43 61 
168 43 44 
171 43 48 
180 43 52 
193 43 47 
194 43 81 
197 43 66 
200 43 91 
201 43 46 
208 43 99 
209 43 53 
158 42 22 
160 42 24 
168 42 50 
169 42 48 
173 42 32 
176 42 42 
182 42 54 
188 42 37 
193 42 48 
196 42 56 
197 42 75 
209 42 45 
211 42 40 
224 42 22 
136 41 78 
149 41 27 
151 41 47 
152 41 65 
168 41 100 
172 41 46 
173 41 122 
185 41 48 
209 41 26 
215 41 87 
216 41 26 
151 40 100 
156 40 24 
163 40 47 
167 40 56 
168 40 98 
174 40 42 
182 40 14 
185 40 34 
189 40 57 
192 40 50 
214 40 25 
217 40 54 
122 39 41 
161 39 37 
162 39 44 
167 39 30 
170 39 39 
173 39 68 
184 39 47 
188 39 52 
189 39 53 
200 39 29 
202 39 54 
211 39 71 
160 38 89 
182 38 62 
183 38 49 
184 38 24 
185 38 35 
186 38 78 
199 38 85 
200 38 25 
209 38 65 
146 37 104 
154 37 77 
157 37 89 
159 37 22 
162 37 89 
163 37 61 
164 37 48 
169 37 101 
170 37 53 
172 37 65 
180 37 23 
181 37 116 
188 37 55 
189 37 69 
196 37 48 
200 37 57 
126 36 59 
147 36 38 
148 36 44 
156 36 60 
157 36 52 
158 36 108 
159 36 22 
165 36 101 
172 36 64 
176 36 20 
185 36 25 
189 36 33 
192 36 71 
196 36 62 
198 36 35 
204 36 34 
144 35 36 
159 35 17 
160 35 28 
169 35 30 
176 35 57 
183 35 23 
187 35 37 
195 35 37 
196 35 67 
211 35 42 
217 35 18 
158 34 55 
159 34 117 
162 34 29 
171 34 23 
175 34 15 
178 34 59 
179 34 13 
181 34 58 
182 34 32 
183 34 20 
187 34 39 
189 34 36 
190 34 50 
196 34 36 
205 34 41 
208 34 73 
156 33 19 
160 33 26 
161 33 83 
164 33 42 
165 33 23 
170 33 50 
173 33 47 
174 33 83 
175 33 26 
178 33 86 
179 33 25 
182 33 55 
183 33 70 
189 33 61 
196 33 63 
203 33 53 
224 33 79 
153 32 52 
154 32 42 
155 32 103 
157 32 71 
161 32 48 
162 32 20 
163 32 86 
174 32 94 
176 32 28 
178 32 46 
182 32 56 
183 32 40 
190 32 39 
191 32 7 
195 32 16 
198 32 37 
204 32 64 
207 32 45 
150 31 61 
157 31 26 
167 31 33 
169 31 42 
171 31 33 
174 31 23 
175 31 49 
176 31 57 
179 31 18 
180 31 62 
183 31 25 
189 31 43 
194 31 61 
195 31 58 
139 30 20 
146 30 39 
147 30 108 
152 30 20 
154 30 41 
161 30 58 
162 30 50 
167 30 47 
169 30 47 
171 30 69 
178 30 10 
181 30 39 
185 30 106 
187 30 59 
188 30 7 
190 30 31 
191 30 112 
194 30 19 
199 30 63 
201 30 49 
203 30 65 
204 30 41 
211 30 21 
151 29 25 
154 29 79 
155 29 54 
159 29 44 
167 29 37 
170 29 25 
176 29 61 
186 29 92 
190 29 60 
193 29 25 
194 29 47 
210 29 42 
139 28 57 
149 28 44 
152 28 43 
156 28 87 
165 28 48 
171 28 58 
177 28 91 
185 28 55 
188 28 47 
189 28 31 
191 28 29 
200 28 18 
202 28 28 
211 28 50 
224 28 28 
226 28 50 
159 27 44 
160 27 46 
161 27 52 
166 27 51 
167 27 63 
168 27 57 
169 27 53 
170 27 52 
171 27 47 
173 27 73 
175 27 37 
178 27 59 
181 27 53 
184 27 56 
185 27 82 
198 27 48 
201 27 42 
206 27 36 
225 27 41 
158 26 48 
159 26 12 
161 26 42 
162 26 45 
163 26 83 
166 26 38 
168 26 25 
172 26 86 
185 26 30 
190 26 38 
191 26 60 
201 26 72 
206 26 53 
159 25 20 
160 25 99 
163 25 45 
168 25 46 
169 25 56 
170 25 54 
172 25 107 
174 25 39 
179 25 50 
192 25 24 
197 25 58 
198 25 44 
201 25 61 
208 25 49 
209 25 41 
210 25 23 
212 25 57 
146 24 90 
155 24 37 
158 24 33 
168 24 50 
172 24 38 
173 24 34 
181 24 26 
182 24 28 
183 24 60 
188 24 56 
190 24 31 
199 24 62 
210 24 39 
211 24 18 
230 24 21 
147 23 62 
151 23 14 
156 23 52 
157 23 92 
163 23 52 
164 23 116 
170 23 38 
177 23 35 
181 23 102 
185 23 18 
187 23 48 
189 23 49 
190 23 83 
191 23 72 
196 23 31 
198 23 52 
214 23 20 
137 22 34 
142 22 72 
146 22 17 
155 22 20 
159 22 57 
167 22 22 
173 22 49 
180 22 72 
186 22 6 
202 22 49 
224 22 16 
146 21 24 
147 21 45 
153 21 36 
163 21 60 
164 21 83 
167 21 42 
170 21 59 
174 21 36 
177 21 76 
178 21 56 
179 21 62 
180 21 52 
181 21 14 
192 21 44 
205 21 107 
138 20 70 
149 20 48 
157 20 57 
159 20 93 
160 20 30 
181 20 31 
182 20 49 
186 20 51 
191 20 41 
211 20 80 
152 19 25 
155 19 65 
165 19 9 
171 19 48 
176 19 60 
178 19 53 
181 19 45 
185 19 77 
187 19 52 
201 19 62 
152 18 25 
156 18 60 
159 18 37 
166 18 48 
169 18 33 
170 18 55 
172 18 32 
176 18 109 
187 18 75 
190 18 30 
208 18 21 
217 18 39 
147 17 12 
148 17 68 
183 17 13 
185 17 58 
201 17 57 
203 17 59 
209 17 35 
224 17 60 
139 16 71 
140 16 41 
158 16 63 
177 16 32 
179 16 17 
186 16 54 
187 16 55 
190 16 33 
196 16 92 
197 16 32 
137 15 21 
157 15 38 
174 15 38 
175 15 35 
183 15 22 
144 14 52 
157 14 54 
162 14 90 
166 14 39 
172 14 42 
193 14 82 
194 14 36 
195 14 51 
201 14 37 
224 14 26 
161 13 74 
166 13 54 
168 13 80 
169 13 82 
173 13 46 
174 13 72 
176 13 46 
181 13 83 
185 13 38 
189 13 42 
211 13 67 
221 13 21 
142 12 36 
155 12 98 
156 12 65 
159 12 30 
173 12 80 
174 12 21 
180 12 30 
182 12 54 
184 12 86 
186 12 41 
193 12 29 
194 12 6 
204 12 67 
162 11 48 
192 11 53 
197 11 69 
224 11 47 
145 10 23 
168 10 80 
179 10 44 
185 10 10 
187 10 51 
196 10 63 
161 9 54 
162 9 22 
168 9 92 
187 9 35 
155 8 38 
192 8 18 
165 7 57 
171 7 70 
177 7 34 
184 7 40 
187 7 62 
166 6 29 
187 6 24 
