192 234 79 
173 221 29 
194 216 19 
156 215 34 
175 214 61 
209 214 30 
226 211 65 
149 210 84 
147 209 47 
148 209 61 
195 207 26 
192 206 37 
176 205 55 
151 204 73 
152 204 29 
160 203 42 
169 203 44 
176 203 37 
145 201 14 
161 201 51 
163 201 74 
177 201 29 
145 200 59 
167 200 83 
151 199 23 
174 199 66 
181 199 13 
183 199 41 
180 198 38 
175 197 40 
185 197 39 
146 196 90 
146 195 52 
181 195 45 
182 195 68 
160 194 24 
199 194 46 
197 193 56 
198 193 36 
205 193 68 
183 192 65 
200 192 34 
144 191 67 
160 191 50 
169 191 33 
151 190 89 
169 190 24 
192 190 80 
219 190 76 
139 189 53 
177 189 48 
178 189 68 
181 189 20 
195 189 59 
158 188 21 
160 188 20 
172 188 36 
194 188 78 
133 187 63 
173 187 76 
189 187 109 
135 186 75 
163 182 32 
171 182 65 
194 182 26 
188 180 63 
171 178 46 
172 177 42 
146 176 38 
134 175 65 
135 175 103 
181 175 45 
143 174 65 
156 173 44 
200 173 64 
150 172 22 
170 172 39 
153 171 49 
159 171 102 
191 170 75 
167 168 66 
192 168 31 
164 167 24 
182 167 36 
115 166 62 
116 166 54 
191 165 20 
153 163 15 
152 162 113 
201 162 26 
134 161 74 
144 161 57 
196 161 86 
139 160 42 
142 160 43 
125 159 57 
168 159 59 
138 158 60 
164 158 30 
179 158 56 
135 157 73 
162 157 31 
165 157 67 
119 156 46 
156 156 47 
192 156 67 
145 155 52 
165 155 64 
167 155 89 
163 153 37 
152 152 30 
152 151 52 
171 151 59 
163 150 102 
167 150 16 
169 150 62 
113 148 48 
124 148 59 
131 148 103 
195 148 77 
142 146 67 
173 146 64 
179 146 90 
132 144 74 
151 143 39 
179 142 55 
111 141 103 
122 141 67 
133 141 31 
145 141 56 
156 141 24 
177 141 22 
132 140 95 
177 139 59 
122 138 82 
194 138 65 
112 136 39 
129 136 26 
136 136 62 
149 136 105 
172 136 41 
173 136 57 
149 135 46 
156 135 14 
154 134 64 
150 133 29 
101 131 63 
105 131 22 
120 129 63 
110 128 46 
181 127 13 
113 125 80 
176 124 79 
177 123 13 
102 122 66 
121 122 34 
95 121 49 
134 121 28 
141 121 47 
142 121 53 
120 119 54 
145 118 55 
117 117 39 
126 117 44 
138 117 61 
158 117 56 
117 116 37 
147 116 49 
97 114 99 
120 113 33 
122 113 40 
114 112 89 
119 112 66 
106 111 69 
109 111 39 
119 109 60 
103 108 79 
150 108 85 
101 107 78 
88 105 86 
98 104 25 
140 102 71 
120 101 48 
129 101 78 
85 99 76 
109 98 47 
119 97 71 
104 96 32 
124 90 84 
93 89 59 
102 87 47 
109 85 24 
129 85 76 
159 81 27 
91 76 46 
107 75 36 
106 70 54 
72 69 19 
92 68 47 
61 67 36 
100 67 24 
65 66 89 
99 61 68 
68 60 73 
34 59 43 
76 59 41 
83 57 68 
54 56 65 
84 55 61 
49 54 65 
96 54 71 
98 54 77 
82 53 26 
41 48 29 
41 43 89 
43 43 44 
59 42 71 
62 41 53 
64 41 55 
39 39 23 
70 38 88 
72 37 66 
38 35 52 
57 34 84 
58 34 69 
61 34 24 
39 33 52 
48 33 34 
57 31 73 
58 31 104 
44 30 53 
56 29 55 
38 28 79 
50 28 13 
51 28 79 
54 28 62 
39 27 50 
40 27 29 
40 26 78 
62 26 17 
63 26 36 
64 26 65 
40 25 29 
52 24 74 
45 23 65 
46 23 55 
53 23 57 
60 23 55 
36 22 49 
51 22 36 
36 21 52 
49 21 82 
50 21 46 
52 21 69 
42 20 29 
47 20 79 
50 20 55 
58 20 65 
35 19 95 
39 19 49 
43 19 79 
47 19 65 
53 19 44 
43 17 53 
32 16 50 
40 16 100 
50 16 49 
54 16 41 
61 16 47 
34 15 56 
38 15 103 
42 15 79 
50 14 7 
42 13 63 
49 13 66 
51 13 45 
40 12 34 
41 12 23 
43 12 29 
44 12 108 
45 12 17 
56 12 45 
62 12 37 
20 11 58 
32 11 32 
38 11 56 
30 10 111 
43 10 65 
48 10 34 
33 9 20 
45 8 67 
50 7 70 
51 7 25 
43 6 55 
31 4 61 
31 3 38 
56 2 76 
51 1 75 
43 0 51 
56 0 55 
