177 227 29 
164 224 24 
169 217 44 
191 215 50 
187 214 64 
202 214 71 
189 211 30 
204 210 24 
194 206 44 
202 205 11 
167 200 87 
192 199 54 
151 198 60 
184 198 25 
185 196 20 
167 189 72 
122 186 22 
188 185 82 
151 182 84 
162 178 34 
187 177 29 
171 175 57 
183 170 57 
198 157 76 
182 154 24 
141 150 99 
141 149 44 
140 148 27 
135 127 67 
136 127 47 
112 125 58 
151 125 77 
142 124 57 
154 102 55 
120 95 39 
110 94 53 
130 93 42 
108 90 43 
115 88 18 
101 87 35 
107 86 68 
112 84 58 
113 84 44 
112 83 76 
113 83 74 
114 83 18 
127 81 37 
147 71 23 
142 67 79 
123 66 33 
69 63 55 
109 62 52 
98 59 61 
106 58 53 
99 53 71 
100 53 29 
99 52 38 
100 51 33 
113 47 33 
102 46 84 
17 41 14 
87 40 33 
108 39 73 
10 37 62 
95 37 24 
101 35 51 
56 34 56 
140 33 32 
82 31 57 
87 31 58 
113 26 15 
30 22 71 
21 21 49 
41 19 21 
61 17 48 
62 17 2 
63 16 42 
63 15 16 
57 10 53 
