39 243 41 
37 234 79 
28 226 53 
44 224 34 
45 224 71 
57 224 39 
47 218 49 
40 217 31 
59 216 19 
62 216 45 
16 214 51 
20 213 66 
13 212 39 
16 212 112 
15 211 28 
18 211 70 
15 210 42 
51 208 30 
21 207 44 
27 206 90 
22 205 87 
44 205 46 
25 204 51 
27 204 52 
43 204 44 
56 204 81 
74 204 89 
26 203 77 
27 203 60 
21 202 36 
28 202 28 
29 202 35 
31 201 42 
167 200 62 
44 198 75 
70 198 56 
31 196 70 
34 195 54 
35 195 32 
41 195 71 
22 194 39 
14 193 47 
22 192 43 
37 192 100 
38 192 20 
17 191 50 
42 191 65 
53 189 48 
38 186 6 
29 184 63 
34 184 77 
33 183 50 
54 183 29 
24 182 39 
12 181 40 
45 180 71 
46 180 73 
21 178 60 
13 176 51 
15 175 60 
53 175 40 
14 174 76 
40 172 76 
34 171 75 
36 170 49 
49 170 54 
54 167 56 
63 167 48 
25 166 31 
28 166 37 
37 166 48 
48 166 66 
26 165 29 
21 163 11 
51 159 30 
39 157 16 
32 156 94 
18 155 60 
40 155 100 
18 154 87 
19 154 82 
36 151 45 
36 145 10 
15 141 20 
27 119 55 
