77 237 49 
79 237 76 
60 234 106 
61 234 17 
62 234 19 
65 233 15 
93 230 76 
116 226 67 
244 225 25 
79 223 75 
215 223 75 
246 222 54 
76 221 31 
77 221 65 
225 221 35 
76 220 32 
78 220 50 
73 219 60 
218 219 39 
222 219 35 
102 218 44 
44 216 49 
74 216 30 
53 215 65 
224 215 33 
230 215 56 
231 215 44 
238 215 55 
71 212 50 
74 212 50 
81 212 37 
98 211 54 
245 210 49 
44 208 33 
92 203 42 
81 201 17 
167 200 70 
97 199 11 
69 191 73 
70 187 73 
83 184 68 
83 183 77 
99 175 101 
92 170 43 
64 168 52 
65 168 65 
66 167 91 
66 166 71 
83 163 52 
74 162 32 
68 156 37 
96 151 18 
59 145 102 
61 145 57 
58 144 44 
60 144 27 
57 143 30 
85 137 38 
78 136 51 
98 120 62 
98 112 75 
94 111 65 
96 102 76 
90 98 39 
93 98 45 
108 98 44 
91 92 27 
111 91 43 
90 87 48 
90 86 66 
82 79 90 
95 78 53 
120 78 32 
82 76 59 
98 75 93 
90 72 63 
99 71 27 
92 69 54 
79 68 56 
113 67 71 
125 58 65 
92 56 66 
105 54 49 
106 53 54 
110 52 38 
120 51 75 
104 47 55 
84 44 25 
91 40 84 
124 37 35 
125 37 41 
126 37 50 
99 36 36 
113 36 41 
124 36 79 
125 36 24 
94 33 73 
124 29 32 
99 28 67 
114 28 44 
99 24 60 
88 20 42 
102 18 72 
13 13 7 
109 13 54 
109 12 96 
101 11 71 
71 10 66 
