167 200 56 
236 154 43 
224 139 79 
233 139 67 
238 128 63 
241 124 89 
229 114 76 
203 111 73 
204 110 54 
203 108 52 
243 105 44 
233 99 48 
238 99 41 
220 98 56 
226 95 48 
231 92 53 
222 90 60 
235 88 49 
214 86 45 
240 84 65 
239 82 57 
240 82 56 
213 80 17 
223 80 26 
207 71 42 
205 70 98 
219 70 82 
209 69 49 
219 69 59 
209 67 49 
246 67 36 
236 65 38 
211 61 44 
222 56 40 
225 55 60 
208 49 48 
231 48 43 
200 45 36 
240 45 27 
220 43 68 
222 43 57 
204 35 38 
211 32 60 
215 30 45 
214 28 67 
214 27 100 
212 26 35 
224 21 71 
223 19 94 
224 19 76 
225 19 23 
