103 241 65 
103 240 51 
104 239 77 
105 239 18 
101 238 76 
99 235 70 
94 234 63 
99 234 44 
101 233 80 
95 230 81 
91 229 35 
135 225 21 
139 219 66 
117 218 51 
108 207 74 
120 203 54 
167 200 30 
82 196 71 
118 189 39 
83 185 48 
85 178 16 
228 178 67 
78 172 33 
76 171 60 
85 170 37 
89 168 79 
72 167 91 
77 164 51 
51 161 53 
40 157 79 
41 157 58 
40 156 100 
40 155 75 
235 155 71 
59 154 25 
232 154 28 
48 153 64 
66 152 33 
42 146 44 
210 145 40 
217 144 47 
219 144 69 
201 137 24 
237 136 43 
37 135 80 
34 133 48 
16 130 38 
209 127 47 
28 126 59 
32 126 38 
18 125 54 
218 124 107 
188 120 82 
186 119 77 
189 118 77 
171 114 85 
208 114 80 
209 114 10 
11 113 30 
26 113 19 
212 112 21 
215 111 62 
188 108 46 
158 99 16 
192 88 62 
154 87 67 
168 86 42 
125 77 76 
125 76 81 
148 76 38 
145 74 79 
157 74 78 
144 73 40 
117 71 78 
168 71 73 
158 66 42 
112 61 29 
114 60 73 
137 57 51 
147 57 91 
110 56 84 
124 56 22 
127 55 65 
105 54 38 
119 54 52 
124 54 27 
162 53 35 
103 52 33 
139 52 26 
120 50 22 
143 50 57 
141 49 35 
125 48 65 
125 47 30 
126 47 34 
136 47 54 
130 46 54 
120 45 73 
127 45 34 
136 45 45 
149 45 37 
157 45 17 
129 44 26 
122 43 79 
140 43 57 
144 43 53 
106 42 45 
120 39 26 
123 39 44 
122 38 68 
127 38 68 
128 38 52 
129 38 31 
136 38 40 
112 37 59 
122 36 50 
136 35 22 
89 32 54 
120 31 33 
88 30 73 
121 30 75 
103 29 37 
120 28 24 
117 27 27 
118 27 67 
120 27 64 
155 27 59 
137 26 30 
71 25 52 
125 25 52 
124 24 50 
128 18 44 
99 14 48 
118 13 59 
119 13 25 
135 13 60 
119 12 70 
76 9 30 
105 6 46 
