58 241 45 
61 238 57 
194 238 40 
52 232 59 
230 232 83 
234 228 37 
210 227 67 
235 227 51 
211 226 54 
55 223 53 
57 222 47 
53 221 24 
178 218 76 
212 218 46 
190 217 40 
209 214 37 
227 212 38 
246 209 44 
221 208 59 
225 207 64 
216 203 49 
44 202 46 
208 202 46 
241 202 33 
167 200 23 
179 199 30 
196 199 36 
214 195 77 
174 194 50 
230 192 103 
230 191 21 
222 190 44 
153 189 19 
222 189 16 
144 187 82 
152 187 24 
144 186 20 
234 186 20 
144 185 66 
190 185 74 
157 184 70 
181 183 41 
219 182 67 
238 182 78 
182 181 36 
188 180 50 
31 179 38 
216 176 79 
219 176 70 
142 173 37 
29 170 94 
152 169 61 
153 169 75 
172 167 73 
20 165 101 
22 165 93 
20 164 44 
31 164 104 
146 164 98 
27 163 6 
24 162 56 
24 161 64 
37 161 29 
33 160 93 
38 160 46 
25 159 38 
29 159 68 
32 159 42 
170 159 67 
28 158 41 
29 158 62 
30 158 29 
34 158 82 
39 158 54 
31 157 99 
32 157 28 
33 157 37 
31 156 56 
37 156 63 
39 156 87 
225 156 62 
27 155 120 
30 155 18 
36 155 85 
22 154 71 
25 154 44 
29 154 95 
31 154 50 
34 154 99 
35 154 60 
39 154 36 
207 154 70 
29 153 48 
35 153 68 
19 152 56 
37 152 108 
38 152 62 
133 152 38 
25 151 34 
30 151 47 
25 150 83 
26 146 37 
25 144 67 
34 144 26 
17 142 81 
24 142 52 
16 141 56 
114 141 64 
198 141 16 
20 140 105 
28 140 54 
194 138 21 
136 135 29 
195 135 164 
15 127 55 
16 127 67 
17 127 53 
14 114 15 
