101 231 29 
121 226 36 
43 224 94 
40 220 44 
107 216 80 
69 214 37 
120 213 44 
109 208 96 
110 208 85 
110 207 33 
44 202 106 
167 200 87 
27 199 37 
45 194 66 
97 192 32 
98 191 67 
99 191 54 
121 190 54 
35 182 91 
39 181 19 
109 181 70 
23 180 27 
37 180 66 
125 177 44 
38 175 69 
104 174 35 
140 172 57 
137 170 57 
27 165 42 
31 164 33 
59 157 90 
41 155 20 
135 155 51 
170 148 59 
133 147 62 
36 143 48 
147 142 51 
148 142 55 
17 137 33 
133 136 51 
31 134 61 
20 131 40 
72 128 66 
29 126 70 
37 125 40 
19 124 70 
27 123 34 
128 123 56 
46 122 82 
30 119 74 
32 119 77 
33 119 30 
68 119 46 
39 118 27 
68 118 62 
26 115 56 
31 115 41 
51 115 23 
70 115 41 
39 113 57 
40 113 46 
56 113 22 
141 113 58 
30 111 54 
133 110 25 
129 109 53 
33 107 73 
37 107 65 
40 107 80 
144 106 52 
155 106 68 
154 105 79 
152 104 63 
34 102 74 
136 101 23 
27 100 56 
49 100 49 
50 100 58 
62 100 59 
143 100 58 
37 99 42 
144 97 81 
20 95 64 
124 93 42 
145 93 50 
22 92 36 
50 92 21 
159 91 39 
22 90 66 
50 89 78 
33 86 49 
18 85 36 
25 84 3 
21 83 63 
32 82 34 
124 82 49 
139 82 68 
26 81 27 
165 81 32 
35 74 43 
139 74 21 
20 73 18 
25 72 68 
25 71 16 
53 71 50 
54 71 45 
166 71 53 
33 70 32 
27 67 101 
58 66 30 
28 65 20 
29 65 33 
18 64 60 
28 64 71 
58 62 54 
16 61 63 
26 60 73 
38 60 44 
130 59 84 
47 57 29 
40 56 4 
25 54 34 
19 51 83 
26 51 62 
183 51 70 
56 50 14 
90 50 62 
167 50 41 
40 45 48 
55 45 75 
81 45 30 
28 44 81 
20 43 20 
21 42 52 
54 42 51 
36 41 73 
30 40 17 
60 39 33 
150 39 38 
191 39 60 
18 37 94 
42 36 33 
80 36 33 
49 35 23 
43 34 58 
164 33 96 
164 32 38 
49 31 172 
50 31 21 
204 31 82 
44 30 96 
48 30 67 
49 30 41 
60 30 76 
193 30 50 
48 28 57 
155 28 56 
166 28 67 
42 27 46 
44 27 60 
45 27 64 
42 26 54 
67 25 52 
197 25 22 
43 24 53 
68 24 40 
38 23 54 
37 22 52 
178 22 57 
32 21 60 
22 20 43 
158 20 39 
175 20 45 
28 19 38 
28 18 77 
29 18 36 
73 18 36 
175 18 19 
198 18 23 
48 17 77 
55 17 56 
167 17 54 
174 16 42 
200 16 54 
157 15 63 
201 15 85 
40 14 33 
189 13 57 
42 12 50 
54 12 70 
87 12 31 
88 12 34 
89 12 39 
42 11 63 
191 10 53 
158 9 58 
30 7 67 
56 7 46 
31 6 26 
55 5 77 
185 5 42 
21 4 53 
47 4 51 
50 1 27 
