131 234 76 
141 233 54 
142 233 78 
143 232 42 
116 227 57 
123 224 49 
129 224 63 
145 221 25 
146 221 91 
104 217 65 
103 214 43 
128 214 63 
117 213 30 
167 200 48 
120 199 70 
77 196 57 
78 194 80 
81 194 7 
91 190 60 
86 186 34 
91 186 41 
93 185 57 
96 185 17 
93 183 59 
94 181 104 
76 180 63 
79 180 62 
99 179 55 
99 178 94 
73 173 96 
73 172 52 
74 172 16 
103 172 31 
84 171 76 
84 170 12 
58 169 59 
67 169 68 
90 168 58 
80 165 77 
101 163 68 
66 161 29 
67 161 77 
81 161 47 
87 161 19 
67 160 51 
76 158 66 
35 156 58 
47 151 12 
54 151 30 
79 150 48 
43 144 54 
45 142 54 
33 139 74 
53 139 27 
45 136 79 
58 135 22 
67 135 73 
60 134 80 
37 133 20 
40 133 53 
70 131 38 
28 129 66 
57 127 45 
59 125 44 
60 125 31 
18 123 47 
27 121 47 
31 121 86 
35 116 55 
34 114 64 
50 113 89 
23 112 29 
24 112 114 
58 112 40 
27 107 64 
38 102 44 
