101 240 63 
98 238 28 
104 236 81 
94 235 79 
107 235 58 
109 234 45 
100 233 42 
108 233 51 
100 227 51 
95 216 61 
114 213 50 
167 200 47 
103 193 59 
92 177 57 
97 176 67 
106 176 57 
104 174 44 
100 168 33 
83 154 40 
100 154 55 
99 153 47 
90 150 38 
97 140 73 
99 139 53 
88 136 54 
90 135 80 
85 134 46 
86 133 41 
102 133 36 
90 132 95 
90 131 29 
92 130 52 
90 129 53 
85 128 36 
90 127 75 
84 126 68 
87 126 70 
90 126 71 
94 126 119 
94 125 26 
95 125 53 
83 123 87 
82 120 42 
83 120 58 
83 119 72 
83 106 51 
75 104 54 
76 104 32 
93 104 50 
73 102 55 
79 101 40 
81 101 61 
84 101 121 
85 101 36 
77 100 19 
88 99 82 
79 98 44 
81 98 10 
76 97 49 
77 96 30 
83 95 49 
82 94 46 
81 92 70 
81 91 30 
81 90 38 
75 89 60 
80 89 64 
80 87 43 
