22 224 67 
167 200 27 
16 171 27 
17 171 69 
19 165 37 
35 157 50 
30 142 34 
43 142 53 
17 133 45 
15 110 26 
24 110 51 
38 104 54 
29 102 58 
23 97 38 
24 97 90 
31 96 28 
20 95 44 
56 94 69 
30 92 67 
13 88 51 
39 80 22 
30 75 43 
31 74 71 
32 74 58 
24 73 43 
53 72 22 
58 72 71 
34 67 24 
44 66 30 
33 65 75 
24 64 37 
39 61 67 
34 59 103 
49 59 71 
41 58 63 
50 57 59 
35 56 99 
34 55 53 
29 54 20 
30 53 59 
34 52 37 
42 52 48 
32 48 51 
61 39 51 
31 37 46 
17 36 61 
32 36 21 
19 34 59 
42 27 68 
38 25 62 
56 25 63 
53 16 49 
77 16 25 
47 15 48 
58 15 25 
45 11 63 
88 11 55 
89 10 46 
21 7 54 
38 6 65 
38 5 45 
53 1 46 
56 1 25 
55 0 59 
