92 225 29 
93 224 39 
95 223 52 
61 216 52 
55 213 41 
108 209 104 
64 208 67 
79 208 93 
167 200 76 
87 193 13 
41 190 42 
48 189 69 
40 185 70 
76 165 44 
73 164 57 
50 162 40 
75 162 36 
76 160 18 
97 160 60 
100 160 37 
54 157 44 
81 145 67 
36 140 56 
77 138 69 
103 126 20 
104 126 23 
108 126 23 
104 125 136 
104 124 41 
103 122 76 
53 115 29 
40 109 60 
57 77 75 
30 74 14 
30 73 54 
65 72 31 
77 71 16 
64 58 91 
55 57 71 
58 57 45 
59 57 30 
61 57 65 
55 52 40 
62 51 50 
57 47 42 
59 46 32 
60 46 76 
61 43 26 
42 41 100 
50 41 59 
38 40 67 
43 40 32 
68 40 53 
40 39 55 
43 39 36 
33 38 46 
67 38 66 
34 37 30 
35 37 50 
25 36 42 
27 35 52 
54 33 65 
45 31 44 
60 30 37 
43 28 33 
73 28 75 
38 27 34 
40 27 62 
44 27 111 
74 27 67 
44 26 47 
47 25 45 
48 25 56 
78 25 51 
51 24 46 
64 24 80 
18 23 43 
19 23 60 
31 23 37 
44 23 54 
61 23 40 
63 23 59 
13 22 66 
58 22 42 
22 20 62 
28 20 68 
45 20 4 
26 19 17 
64 19 55 
30 17 58 
55 17 26 
42 16 57 
49 16 22 
71 16 66 
38 15 79 
49 15 56 
64 15 14 
39 14 70 
41 14 60 
79 12 47 
78 11 30 
38 10 95 
44 10 28 
17 9 65 
39 9 50 
42 9 87 
43 9 25 
46 9 94 
39 8 19 
57 8 26 
