146 235 62 
103 225 70 
146 216 35 
110 213 42 
148 208 75 
138 202 63 
167 200 59 
169 198 33 
179 194 22 
145 191 61 
160 179 99 
149 166 95 
164 161 88 
186 160 55 
152 155 59 
151 154 74 
147 153 27 
187 152 46 
139 141 48 
140 141 85 
141 141 37 
151 140 66 
170 140 28 
165 137 39 
166 137 72 
150 135 22 
168 134 98 
182 130 31 
183 130 60 
169 128 46 
190 128 48 
170 109 26 
184 109 59 
188 109 58 
188 107 51 
178 106 42 
170 95 11 
183 82 56 
213 69 47 
190 56 44 
208 55 78 
197 41 63 
190 38 67 
189 37 64 
182 35 23 
188 30 94 
206 29 72 
182 27 26 
186 17 45 
188 12 39 
206 8 64 
