189 233 32 
191 228 35 
167 200 112 
203 197 30 
144 188 51 
219 188 66 
188 183 75 
186 181 60 
186 180 6 
199 175 40 
182 170 67 
150 162 98 
184 139 18 
172 136 63 
180 134 29 
172 133 57 
133 132 60 
176 131 76 
179 122 62 
115 115 30 
138 112 40 
158 110 54 
122 103 31 
112 101 41 
124 101 49 
126 101 70 
183 101 35 
126 100 35 
157 100 66 
159 100 48 
140 99 68 
145 99 76 
147 98 60 
164 97 48 
126 96 55 
151 96 66 
125 94 26 
184 93 21 
128 90 79 
153 90 59 
124 89 31 
127 89 74 
126 88 40 
159 88 15 
129 87 52 
114 86 49 
118 85 63 
123 85 88 
159 85 15 
125 84 49 
139 84 100 
118 83 26 
138 83 43 
166 83 51 
114 81 61 
122 81 46 
135 81 90 
138 81 57 
145 81 68 
161 81 59 
85 80 77 
114 80 57 
129 80 37 
135 80 79 
137 80 65 
150 80 61 
144 79 56 
170 79 19 
126 78 44 
118 77 95 
145 77 45 
151 77 47 
157 77 14 
122 76 41 
139 76 16 
151 76 50 
171 76 62 
172 76 48 
127 75 65 
128 75 6 
130 75 10 
145 75 59 
125 74 19 
130 74 62 
171 74 71 
98 73 47 
163 73 16 
168 73 20 
122 72 60 
127 72 27 
129 72 103 
139 72 79 
128 71 25 
146 71 78 
152 71 40 
111 70 65 
124 70 87 
156 70 63 
157 70 70 
120 69 35 
124 69 92 
125 69 73 
148 69 25 
124 68 10 
140 68 30 
154 68 62 
113 67 39 
97 66 52 
98 66 25 
151 65 31 
167 65 51 
120 64 39 
136 63 48 
144 63 55 
152 63 52 
124 62 29 
137 61 42 
119 60 34 
126 59 63 
142 59 59 
108 58 75 
127 58 82 
144 58 26 
138 57 67 
131 55 61 
108 54 23 
149 52 33 
150 52 38 
148 51 146 
148 50 41 
126 48 21 
123 47 57 
109 46 68 
114 46 17 
114 45 62 
133 45 58 
137 45 29 
99 44 37 
140 42 60 
128 41 82 
130 41 49 
158 41 54 
139 38 43 
128 33 64 
77 32 64 
131 31 47 
161 29 36 
100 26 62 
163 25 54 
157 20 19 
67 7 29 
