118 230 54 
143 222 21 
76 207 88 
78 202 67 
167 200 57 
79 197 39 
35 195 21 
58 194 95 
64 194 79 
17 193 76 
42 193 75 
51 193 84 
64 193 14 
76 193 43 
17 192 32 
17 191 49 
60 191 66 
62 191 33 
79 191 61 
57 190 28 
61 190 48 
63 190 43 
24 189 26 
46 189 42 
47 189 49 
61 188 90 
26 187 16 
16 186 80 
58 186 47 
82 186 95 
82 185 52 
30 184 73 
60 184 47 
60 183 62 
63 183 72 
41 182 40 
46 181 45 
52 180 48 
30 179 98 
54 179 28 
59 179 43 
46 178 46 
25 176 58 
47 176 22 
52 175 67 
54 175 55 
20 174 68 
26 174 55 
27 174 54 
34 174 56 
27 173 39 
28 173 20 
56 173 41 
21 169 36 
38 169 45 
32 166 77 
52 162 30 
12 160 57 
