108 242 61 
58 237 49 
81 236 58 
103 236 46 
81 234 72 
117 234 38 
120 234 37 
111 233 40 
81 232 92 
82 232 54 
113 231 34 
119 231 48 
88 229 39 
103 227 41 
54 225 52 
66 223 58 
72 223 67 
97 222 50 
93 221 86 
96 221 118 
102 221 70 
58 220 85 
67 220 70 
87 220 50 
94 219 68 
66 218 47 
60 217 49 
51 214 34 
57 214 52 
73 214 85 
13 213 70 
56 213 40 
57 213 68 
59 213 42 
60 213 67 
78 211 46 
46 210 75 
47 210 41 
52 210 68 
51 207 41 
47 206 93 
36 204 44 
51 203 51 
37 201 88 
167 200 49 
