22 233 60 
28 228 50 
16 224 62 
26 224 21 
26 222 36 
31 222 99 
23 221 37 
24 221 40 
26 221 34 
35 221 33 
28 217 46 
28 216 131 
37 215 48 
38 214 50 
34 213 62 
37 213 26 
40 213 61 
22 212 79 
27 210 32 
37 210 133 
38 209 49 
30 208 42 
38 207 66 
31 200 40 
49 200 48 
167 200 15 
36 197 91 
44 194 55 
47 191 52 
61 191 61 
54 178 61 
55 169 57 
81 167 31 
81 166 62 
72 164 22 
81 164 59 
93 159 63 
57 153 19 
68 151 59 
57 149 70 
85 149 76 
86 147 84 
88 147 67 
80 145 74 
84 145 41 
99 142 66 
83 141 86 
83 140 19 
83 135 109 
84 135 58 
127 132 16 
93 131 46 
94 131 37 
119 129 49 
102 121 105 
127 121 60 
129 121 66 
124 113 45 
126 113 78 
104 112 57 
104 109 40 
130 102 56 
101 100 31 
130 97 107 
166 94 59 
146 93 12 
145 92 55 
119 86 6 
191 86 21 
154 85 65 
190 83 39 
152 80 60 
130 73 54 
149 73 47 
169 72 38 
136 71 79 
149 71 59 
136 69 77 
180 69 25 
181 69 81 
182 69 64 
153 59 32 
178 51 39 
156 47 61 
169 46 88 
166 43 44 
169 39 45 
185 39 48 
180 38 56 
185 38 49 
186 38 58 
185 37 52 
187 37 40 
183 36 73 
183 35 40 
178 34 8 
180 34 4 
188 34 46 
147 33 57 
192 33 62 
179 32 41 
169 31 77 
164 30 17 
151 29 82 
152 29 74 
153 29 35 
185 28 51 
184 27 77 
227 27 99 
179 26 69 
159 25 72 
176 25 29 
198 22 29 
205 22 70 
193 21 59 
167 20 83 
177 20 83 
200 19 81 
209 19 30 
187 18 39 
183 17 42 
184 17 68 
188 17 49 
180 16 54 
191 16 56 
181 15 30 
182 15 57 
161 14 60 
191 14 69 
176 11 58 
