17 234 18 
17 233 37 
23 233 62 
25 229 92 
23 223 54 
26 223 75 
31 219 43 
15 217 32 
28 217 42 
11 214 54 
24 206 94 
25 206 68 
167 200 36 
20 192 46 
38 181 41 
30 179 52 
30 178 16 
26 172 22 
18 161 40 
38 158 34 
17 157 81 
17 156 83 
22 154 89 
24 153 14 
24 149 48 
26 140 54 
23 138 65 
23 137 53 
15 129 74 
24 117 59 
25 87 38 
215 56 21 
216 53 43 
214 52 47 
215 52 94 
215 51 78 
217 51 47 
215 50 62 
211 47 44 
215 47 30 
211 46 63 
215 39 48 
210 34 45 
211 34 12 
212 34 65 
214 33 30 
214 32 48 
212 27 85 
214 27 22 
215 27 84 
211 22 59 
212 11 67 
212 8 42 
