16 241 13 
26 240 44 
69 235 35 
18 230 42 
50 228 86 
65 228 17 
75 222 59 
74 221 22 
68 219 53 
50 217 76 
67 215 25 
84 209 23 
85 209 51 
72 208 87 
72 205 78 
80 201 83 
81 201 56 
84 200 56 
167 200 115 
102 199 34 
93 197 92 
87 193 34 
87 192 4 
80 191 50 
94 190 74 
90 187 38 
104 185 45 
87 182 78 
88 182 27 
88 181 56 
115 181 68 
104 179 71 
110 179 57 
93 178 56 
113 178 31 
116 175 34 
99 172 32 
114 172 40 
118 171 29 
121 170 49 
123 168 33 
123 165 30 
129 165 68 
128 164 94 
132 161 73 
122 160 98 
