128 242 60 
126 230 88 
135 228 48 
118 222 84 
129 221 71 
120 217 49 
107 216 57 
117 213 44 
127 210 49 
111 209 41 
135 209 39 
112 208 52 
135 206 47 
139 206 45 
123 205 42 
130 204 21 
135 204 30 
141 204 44 
121 201 42 
167 200 80 
116 199 74 
132 199 36 
114 198 26 
129 198 79 
114 195 51 
111 185 84 
125 181 75 
126 181 206 
137 167 27 
126 159 60 
130 152 60 
136 152 83 
115 142 46 
135 140 62 
155 95 43 
120 87 78 
142 84 18 
133 81 42 
127 67 40 
143 67 34 
140 65 37 
140 64 36 
134 63 37 
119 61 57 
132 59 55 
128 58 35 
135 57 94 
126 55 76 
127 55 33 
128 55 65 
143 55 70 
146 55 87 
130 54 60 
136 54 21 
149 54 49 
130 53 57 
134 53 34 
141 53 66 
144 52 53 
125 50 47 
141 50 32 
144 50 70 
154 50 21 
140 49 42 
143 49 77 
148 48 29 
126 46 26 
143 46 54 
144 46 34 
124 45 50 
139 45 53 
125 44 44 
130 44 53 
142 44 58 
151 44 26 
126 43 109 
137 43 25 
136 42 84 
131 41 33 
132 41 58 
136 41 103 
137 41 48 
140 41 58 
151 41 42 
128 40 40 
136 40 75 
140 40 38 
142 39 41 
152 39 74 
132 38 64 
139 38 27 
148 38 77 
149 38 56 
150 38 56 
135 37 67 
136 37 50 
141 37 68 
142 37 27 
143 37 45 
129 36 56 
132 36 46 
134 36 94 
136 36 46 
137 36 49 
141 36 42 
130 35 49 
132 35 83 
136 35 85 
142 35 130 
143 35 65 
146 35 65 
130 34 73 
133 34 75 
135 34 31 
137 34 66 
140 34 49 
143 34 27 
147 34 57 
139 33 46 
145 33 31 
146 33 117 
147 33 82 
148 33 51 
127 32 25 
135 32 63 
139 32 53 
145 32 22 
133 31 56 
154 28 106 
135 27 34 
136 27 38 
136 26 17 
132 25 65 
133 25 27 
134 25 59 
146 25 8 
122 22 45 
137 22 51 
133 21 58 
159 21 38 
135 16 123 
137 10 35 
