194 244 48 
200 242 45 
201 238 58 
201 236 64 
190 234 41 
212 234 112 
192 232 49 
218 227 47 
209 223 34 
202 221 29 
211 221 38 
215 221 23 
197 219 91 
197 217 46 
201 214 66 
180 210 51 
202 206 52 
205 205 41 
182 202 35 
170 201 13 
167 200 70 
220 200 60 
160 197 48 
185 197 41 
184 190 53 
187 190 17 
188 190 34 
181 189 73 
182 189 86 
184 189 30 
164 188 65 
165 188 58 
169 188 95 
172 188 73 
183 188 56 
184 188 34 
167 186 61 
170 185 40 
159 183 89 
166 183 79 
177 183 30 
158 181 33 
164 180 68 
169 180 14 
173 179 42 
162 178 70 
163 178 73 
162 177 57 
165 177 111 
169 177 41 
170 177 57 
185 177 50 
161 176 94 
164 176 75 
153 175 49 
165 175 97 
164 174 23 
165 174 111 
167 174 48 
168 174 30 
169 174 84 
173 174 33 
154 173 51 
159 173 56 
166 173 55 
167 173 84 
170 173 61 
174 173 79 
177 173 74 
187 173 30 
148 172 25 
167 172 62 
147 171 50 
150 171 51 
153 171 59 
157 171 65 
161 171 76 
163 171 73 
168 171 16 
175 171 59 
178 171 63 
158 170 36 
159 170 67 
175 170 58 
156 169 35 
161 169 40 
166 169 56 
171 169 13 
173 169 81 
175 169 40 
155 168 40 
161 168 78 
164 168 122 
165 168 58 
166 168 112 
168 168 110 
172 168 30 
176 168 93 
177 168 60 
178 168 54 
184 168 44 
156 167 36 
164 167 53 
169 167 85 
153 166 70 
157 166 74 
161 166 38 
162 166 70 
165 166 37 
169 166 81 
170 166 92 
176 166 31 
179 166 74 
148 165 60 
155 165 78 
167 165 48 
170 165 70 
172 165 21 
149 164 38 
159 164 59 
162 164 35 
167 164 41 
170 164 99 
181 164 77 
165 163 54 
168 163 75 
185 163 47 
191 163 30 
155 162 68 
159 162 73 
162 162 69 
163 162 116 
171 162 61 
172 162 32 
173 162 17 
175 162 41 
157 161 57 
196 161 37 
159 160 37 
163 160 40 
166 160 93 
179 160 8 
147 159 53 
159 159 85 
163 159 14 
164 156 22 
166 156 87 
170 156 60 
173 155 27 
182 154 80 
181 153 40 
155 151 67 
182 150 59 
166 149 73 
157 148 54 
173 148 23 
177 147 62 
160 146 59 
163 146 69 
164 145 43 
143 144 71 
173 144 62 
144 142 91 
159 139 36 
139 135 31 
147 134 37 
132 128 56 
133 122 10 
132 120 48 
133 120 70 
129 118 88 
131 116 38 
125 115 61 
132 114 64 
118 107 45 
113 105 33 
118 104 7 
122 104 22 
122 103 44 
125 102 42 
111 101 65 
114 101 19 
115 101 30 
121 101 68 
122 101 102 
118 100 75 
119 98 77 
114 94 71 
105 91 18 
114 90 67 
115 90 66 
114 89 32 
109 86 71 
100 80 95 
97 79 61 
105 79 62 
98 78 35 
99 78 65 
92 77 59 
96 77 76 
99 77 81 
92 76 47 
99 76 42 
102 75 43 
100 74 86 
99 73 42 
106 73 83 
98 72 49 
102 72 58 
98 71 35 
92 70 46 
97 70 65 
101 70 46 
87 68 26 
91 68 78 
98 68 50 
99 68 83 
97 61 136 
