82 226 71 
96 210 39 
107 208 32 
107 207 59 
167 200 38 
71 198 26 
101 191 36 
78 188 62 
78 187 60 
85 186 42 
82 183 49 
95 179 39 
105 178 10 
89 170 42 
106 165 85 
106 164 24 
121 164 49 
242 164 57 
244 162 49 
245 162 60 
243 161 26 
245 161 95 
102 160 87 
120 160 45 
91 159 104 
92 159 52 
244 159 114 
91 158 92 
98 158 28 
247 157 26 
131 156 65 
239 156 64 
128 155 60 
116 154 63 
206 154 36 
103 153 43 
111 153 55 
100 152 35 
240 152 20 
74 149 19 
229 149 18 
108 148 67 
93 147 49 
115 147 41 
146 147 33 
112 146 37 
59 145 41 
70 145 56 
127 145 29 
175 145 56 
176 145 2 
56 144 22 
173 144 90 
209 144 49 
56 143 50 
82 143 68 
85 143 54 
153 143 24 
85 142 49 
87 142 29 
146 142 64 
72 141 84 
72 140 55 
73 140 31 
181 140 49 
183 140 80 
82 139 51 
143 139 55 
144 139 47 
108 138 25 
135 138 91 
149 138 44 
103 137 60 
149 137 84 
133 136 28 
134 136 71 
138 136 12 
135 135 53 
89 134 63 
129 134 40 
88 133 36 
153 133 38 
97 132 55 
110 132 27 
124 132 54 
155 132 83 
156 132 67 
92 131 43 
98 131 70 
153 131 40 
119 130 29 
122 130 69 
127 130 35 
122 129 47 
126 129 38 
135 129 36 
150 129 57 
160 129 20 
163 129 59 
164 129 87 
121 128 49 
125 128 14 
153 128 43 
62 127 52 
98 127 72 
100 127 70 
121 127 26 
150 127 42 
153 127 69 
160 127 82 
168 127 62 
70 126 55 
89 126 46 
120 126 31 
121 126 68 
137 126 67 
170 126 51 
78 125 45 
100 125 26 
128 125 57 
134 125 68 
137 125 57 
152 125 44 
112 124 56 
118 124 88 
124 123 77 
138 122 61 
108 121 22 
117 121 63 
126 121 26 
107 120 71 
75 119 68 
119 119 38 
74 118 13 
110 118 27 
120 118 32 
125 118 42 
160 118 52 
59 117 48 
88 117 44 
93 117 27 
103 117 42 
134 117 62 
135 117 57 
138 117 43 
88 116 40 
104 116 46 
105 116 54 
116 116 34 
124 116 47 
50 115 41 
90 115 46 
119 115 66 
69 114 37 
135 114 67 
107 113 46 
50 112 41 
102 112 64 
118 112 66 
86 111 67 
98 110 52 
102 110 69 
103 110 84 
133 110 52 
78 109 42 
101 109 72 
38 108 57 
81 108 38 
84 108 28 
94 108 34 
142 108 43 
73 107 57 
74 107 28 
90 107 33 
96 107 31 
19 106 87 
87 106 56 
89 105 65 
30 104 71 
85 102 84 
112 101 58 
123 100 38 
64 99 54 
77 99 82 
154 97 54 
154 96 43 
95 95 13 
154 95 35 
51 94 47 
47 93 32 
65 93 56 
116 91 17 
17 90 41 
22 90 47 
19 89 63 
19 88 63 
31 81 56 
137 78 30 
142 72 52 
142 71 29 
19 70 34 
114 63 31 
114 62 62 
152 55 38 
124 52 25 
154 46 21 
110 41 68 
153 29 49 
168 26 63 
132 23 55 
142 19 45 
147 19 58 
154 13 39 
168 11 87 
168 10 2 
151 7 53 
