84 236 79 
69 227 54 
68 225 44 
89 225 70 
68 223 72 
87 223 77 
85 220 54 
46 218 61 
76 218 29 
59 213 67 
60 213 43 
58 212 73 
59 212 43 
77 212 58 
62 209 55 
58 200 68 
167 200 68 
28 189 77 
30 176 68 
36 175 35 
23 170 12 
15 168 52 
34 167 111 
35 167 14 
18 164 59 
17 163 48 
18 163 82 
21 163 49 
32 162 78 
48 162 21 
12 161 59 
25 160 65 
11 159 38 
12 159 78 
13 159 83 
15 156 65 
18 156 44 
23 156 69 
30 156 20 
13 155 65 
25 155 63 
26 155 126 
16 154 87 
17 154 42 
20 154 23 
27 154 89 
34 154 23 
47 154 35 
14 153 36 
16 153 65 
25 153 52 
29 153 95 
31 153 41 
14 152 65 
21 152 57 
25 152 96 
35 152 65 
62 152 39 
20 151 56 
32 151 49 
34 151 31 
50 151 36 
59 151 45 
26 150 28 
29 150 55 
30 150 25 
50 150 64 
52 150 67 
39 148 56 
25 147 115 
29 147 35 
36 147 38 
58 147 35 
24 146 70 
26 146 63 
31 146 60 
35 146 30 
45 146 33 
16 145 96 
17 145 104 
21 145 82 
23 145 25 
25 145 62 
30 145 74 
31 145 122 
32 145 22 
35 145 55 
40 145 56 
45 145 34 
54 145 42 
10 144 37 
15 144 22 
16 144 84 
17 144 64 
20 144 47 
21 144 51 
22 144 82 
23 144 74 
30 144 62 
31 144 115 
32 144 86 
34 144 32 
37 144 1 
46 144 51 
12 143 70 
14 143 20 
17 143 47 
22 143 16 
23 143 78 
25 143 13 
27 143 38 
28 143 80 
29 143 82 
32 143 51 
33 143 99 
43 143 60 
15 142 25 
20 142 54 
25 142 39 
28 142 52 
35 142 27 
40 142 80 
42 142 63 
15 141 10 
17 141 53 
18 141 50 
19 141 30 
25 141 87 
26 141 66 
27 141 40 
28 141 23 
53 141 39 
18 140 77 
22 140 47 
25 140 63 
26 140 64 
27 140 94 
30 140 54 
34 140 100 
38 140 60 
43 140 88 
53 140 27 
60 140 37 
20 139 75 
23 139 84 
24 139 89 
26 139 65 
27 139 31 
28 139 23 
29 139 109 
30 139 59 
34 139 59 
41 139 43 
48 139 53 
10 138 85 
23 138 67 
25 138 84 
27 138 70 
28 138 87 
29 138 44 
30 138 99 
31 138 29 
44 138 59 
14 137 56 
19 137 24 
24 137 79 
25 137 25 
26 137 35 
10 136 78 
15 136 69 
16 136 29 
18 136 75 
21 136 80 
23 136 74 
24 136 57 
27 136 8 
28 136 57 
36 136 11 
37 136 58 
41 136 16 
53 136 69 
10 135 81 
16 135 94 
17 135 25 
18 135 44 
23 135 97 
26 135 101 
27 135 45 
28 135 79 
31 135 105 
32 135 19 
35 135 103 
37 135 51 
44 135 31 
12 134 55 
14 134 94 
17 134 29 
19 134 73 
21 134 79 
26 134 41 
30 134 41 
31 134 73 
33 134 26 
34 134 20 
35 134 45 
36 134 122 
38 134 113 
45 134 38 
17 133 54 
19 133 22 
23 133 78 
26 133 16 
27 133 60 
28 133 51 
32 133 69 
34 133 8 
35 133 53 
36 133 65 
37 133 56 
38 133 150 
42 133 80 
44 133 77 
46 133 45 
48 133 17 
28 132 17 
29 132 73 
30 132 54 
32 132 84 
33 132 65 
40 132 54 
41 132 66 
42 132 43 
45 132 70 
46 132 62 
17 131 35 
19 131 78 
20 131 37 
21 131 30 
25 131 90 
30 131 3 
31 131 66 
34 131 88 
37 131 69 
43 131 56 
44 131 62 
11 130 42 
15 130 29 
16 130 101 
18 130 67 
19 130 54 
20 130 46 
25 130 11 
27 130 14 
29 130 12 
30 130 111 
37 130 51 
38 130 60 
40 130 78 
41 130 45 
42 130 42 
10 129 44 
11 129 96 
19 129 69 
24 129 20 
25 129 56 
26 129 52 
29 129 82 
34 129 52 
36 129 93 
37 129 50 
39 129 14 
45 129 67 
46 129 49 
22 128 55 
23 128 64 
25 128 61 
30 128 41 
40 128 20 
41 128 82 
42 128 23 
45 128 25 
51 128 22 
10 127 60 
14 127 41 
16 127 79 
17 127 61 
19 127 23 
20 127 27 
21 127 30 
23 127 33 
24 127 62 
27 127 51 
28 127 66 
31 127 87 
35 127 32 
38 127 29 
41 127 108 
43 127 24 
44 127 54 
45 127 56 
12 126 103 
15 126 52 
22 126 93 
23 126 80 
24 126 78 
25 126 35 
29 126 79 
30 126 83 
32 126 67 
35 126 68 
39 126 43 
42 126 60 
48 126 82 
58 126 63 
22 125 33 
23 125 20 
26 125 59 
28 125 48 
29 125 56 
33 125 23 
34 125 67 
41 125 113 
10 124 54 
16 124 31 
23 124 74 
24 124 57 
37 124 39 
41 124 63 
44 124 68 
14 123 79 
16 123 71 
22 123 76 
26 123 46 
27 123 55 
32 123 53 
33 123 120 
34 123 36 
36 123 19 
41 123 46 
47 123 65 
10 122 59 
14 122 54 
18 122 40 
19 122 47 
30 122 77 
32 122 40 
38 122 38 
18 121 57 
20 121 13 
21 121 22 
22 121 33 
23 121 23 
25 121 83 
28 121 20 
29 121 66 
30 121 68 
36 121 46 
42 121 41 
18 120 21 
22 120 96 
23 120 18 
29 120 34 
34 120 45 
36 120 52 
44 120 65 
13 119 28 
19 119 48 
29 119 64 
40 119 71 
14 117 91 
18 117 29 
19 117 64 
24 117 55 
31 117 46 
32 117 126 
37 117 137 
46 117 65 
52 117 47 
13 116 44 
14 116 59 
23 116 46 
29 116 18 
9 115 27 
14 115 48 
18 114 44 
25 114 45 
33 114 53 
41 114 59 
12 113 86 
18 113 45 
20 113 63 
34 113 49 
13 112 106 
17 112 34 
21 112 54 
32 112 35 
36 112 54 
37 112 78 
43 112 70 
47 112 83 
24 111 56 
32 111 71 
36 111 90 
17 110 34 
31 110 23 
41 110 20 
23 109 18 
24 109 40 
25 109 41 
15 108 31 
29 108 85 
14 107 112 
31 103 51 
46 101 44 
