130 224 66 
86 223 89 
93 222 48 
56 214 95 
125 214 83 
56 213 70 
57 213 49 
103 212 53 
95 211 66 
104 210 68 
125 210 88 
126 210 62 
128 210 72 
129 209 49 
126 206 43 
108 204 63 
82 200 41 
167 200 30 
35 199 58 
59 198 71 
53 196 89 
105 195 73 
57 191 18 
60 191 75 
100 190 73 
102 190 40 
53 188 86 
68 188 19 
49 186 28 
15 184 80 
46 184 42 
55 184 102 
71 184 76 
70 183 53 
54 182 29 
87 181 53 
9 180 64 
52 180 50 
20 179 35 
41 179 63 
52 178 34 
88 178 55 
66 177 101 
60 176 139 
78 175 66 
103 175 29 
50 172 40 
72 172 31 
69 171 52 
72 170 23 
72 169 99 
70 168 65 
58 166 59 
72 165 31 
73 163 52 
26 162 67 
60 161 61 
28 160 49 
41 160 32 
20 158 37 
46 158 30 
46 157 67 
19 156 83 
70 156 62 
20 155 35 
37 155 73 
22 154 78 
36 154 94 
37 154 37 
27 150 22 
28 150 70 
38 150 62 
46 148 79 
34 147 59 
40 147 44 
43 147 50 
23 145 87 
25 141 29 
44 141 47 
49 140 8 
29 134 45 
19 133 66 
20 133 75 
31 131 49 
