167 200 41 
28 138 48 
27 127 67 
29 121 39 
22 113 38 
36 110 24 
26 108 43 
29 105 76 
30 105 73 
22 103 45 
26 103 88 
31 103 37 
21 102 52 
22 102 67 
30 102 60 
21 100 74 
29 100 29 
22 99 94 
23 99 20 
25 99 73 
19 93 77 
24 90 29 
29 90 31 
41 86 51 
35 83 57 
36 83 97 
36 82 44 
38 82 64 
37 81 55 
38 81 131 
38 80 41 
37 77 17 
26 76 5 
22 74 57 
29 74 26 
26 73 47 
25 72 89 
39 72 52 
23 71 49 
60 46 32 
46 43 47 
58 36 19 
61 31 60 
49 28 65 
51 27 62 
32 26 76 
27 22 88 
50 21 60 
64 18 17 
43 17 32 
68 17 78 
