167 200 75 
23 181 62 
75 181 33 
19 180 111 
157 174 28 
56 170 65 
147 166 105 
147 165 24 
148 165 37 
102 163 33 
146 163 100 
47 160 55 
58 160 42 
90 160 42 
236 159 54 
79 157 24 
135 155 73 
27 154 83 
136 152 99 
150 152 32 
237 152 5 
66 150 50 
29 149 67 
30 149 83 
104 149 58 
112 148 59 
113 148 95 
115 148 50 
126 148 71 
127 148 22 
231 148 31 
25 147 42 
159 147 13 
10 146 55 
77 146 68 
109 146 68 
54 145 54 
34 144 31 
36 144 53 
58 144 62 
36 143 64 
44 143 46 
156 143 100 
48 142 73 
122 142 30 
30 141 55 
78 141 75 
58 140 60 
45 139 63 
72 139 88 
107 139 64 
45 138 20 
62 138 83 
68 138 62 
72 138 55 
73 138 24 
79 138 84 
82 138 49 
107 138 70 
155 138 62 
52 137 38 
84 137 45 
105 137 45 
199 137 39 
201 137 89 
93 136 67 
96 136 34 
137 136 55 
229 136 100 
16 135 49 
84 135 22 
85 135 37 
112 135 41 
183 135 41 
222 135 70 
230 135 13 
73 134 32 
85 134 18 
86 134 49 
87 134 45 
130 134 46 
183 134 81 
222 134 86 
85 133 52 
136 133 18 
223 133 28 
47 132 45 
61 132 23 
201 132 83 
108 131 47 
133 131 58 
54 130 13 
57 130 69 
55 129 87 
63 129 90 
67 129 13 
72 128 74 
194 128 17 
195 128 38 
86 127 88 
194 127 89 
50 126 63 
80 126 90 
86 126 65 
95 126 30 
96 126 76 
56 125 39 
54 124 16 
45 123 68 
89 123 113 
94 123 55 
90 122 40 
76 119 46 
77 119 51 
245 119 60 
225 118 25 
244 118 41 
162 117 72 
53 116 48 
55 116 64 
59 116 50 
94 116 45 
60 115 33 
61 115 20 
113 115 52 
61 114 35 
65 114 41 
77 114 23 
90 111 25 
91 111 60 
113 109 50 
54 108 68 
68 107 31 
49 106 59 
69 106 57 
75 106 53 
54 103 26 
57 102 25 
58 102 50 
61 101 16 
96 100 75 
100 98 53 
101 89 55 
