165 236 41 
149 235 53 
177 233 72 
168 231 37 
168 230 20 
158 229 8 
169 229 17 
169 228 71 
167 227 32 
169 227 70 
167 226 75 
141 225 39 
155 219 24 
190 219 41 
155 217 6 
174 217 32 
157 216 70 
156 214 57 
134 209 47 
209 209 44 
168 208 69 
180 208 18 
161 204 62 
162 204 46 
167 200 37 
164 193 13 
132 190 112 
195 190 43 
166 163 32 
177 149 71 
183 138 55 
179 119 84 
184 116 60 
210 115 66 
169 114 85 
184 112 24 
186 111 65 
174 110 119 
182 102 32 
189 98 31 
179 93 62 
179 92 21 
175 91 47 
164 83 73 
169 83 40 
173 80 57 
177 75 25 
148 68 66 
166 63 55 
178 63 36 
191 59 53 
166 56 32 
175 55 44 
169 54 33 
169 53 73 
185 52 64 
165 51 59 
178 48 41 
190 48 65 
190 47 44 
217 46 51 
198 43 49 
206 42 49 
216 37 63 
173 36 54 
204 26 9 
175 18 45 
200 7 17 
199 6 82 
200 6 54 
201 6 94 
218 4 38 
220 4 47 
