31 230 45 
167 200 9 
36 192 55 
37 191 37 
24 186 55 
39 186 91 
68 186 31 
19 185 40 
34 182 66 
27 180 20 
34 180 72 
54 180 70 
34 177 61 
22 162 59 
38 156 29 
19 152 57 
42 152 53 
39 142 30 
11 140 38 
13 140 86 
14 140 63 
32 139 65 
33 138 45 
36 135 54 
37 135 80 
23 113 24 
18 107 51 
28 105 84 
29 103 22 
28 102 88 
26 89 48 
40 88 29 
13 86 17 
43 84 34 
43 83 48 
30 82 83 
16 80 55 
20 77 68 
37 76 43 
30 74 29 
15 67 72 
55 62 59 
32 61 50 
28 59 52 
24 57 56 
24 56 30 
25 45 62 
32 43 77 
31 41 34 
21 31 77 
23 31 75 
31 30 56 
43 14 39 
