167 200 132 
151 107 63 
150 104 36 
112 103 9 
150 103 40 
130 101 41 
127 95 59 
127 94 27 
136 94 28 
170 94 47 
186 94 45 
92 90 71 
103 89 21 
120 89 60 
89 87 48 
108 87 63 
156 87 65 
158 87 33 
88 86 57 
50 83 70 
179 83 70 
99 82 20 
132 82 35 
133 82 36 
145 81 49 
159 81 42 
104 80 82 
107 79 86 
145 79 52 
165 78 43 
175 78 17 
124 76 48 
57 75 27 
104 75 38 
138 75 39 
177 75 63 
102 74 67 
148 74 35 
87 73 47 
123 73 76 
146 73 30 
15 72 59 
87 72 46 
133 72 47 
175 72 36 
49 71 91 
50 71 32 
47 70 48 
123 70 19 
129 70 73 
146 70 67 
50 69 46 
119 69 50 
146 69 18 
108 68 24 
67 67 103 
83 67 56 
85 67 49 
164 67 51 
77 66 26 
78 66 43 
84 66 25 
86 66 41 
94 66 52 
108 66 20 
138 66 40 
142 66 63 
143 66 11 
159 66 72 
161 66 58 
170 66 24 
182 66 17 
77 65 42 
78 65 175 
82 65 47 
109 65 68 
15 64 45 
81 64 14 
86 64 134 
95 64 71 
112 64 26 
140 64 52 
172 64 33 
69 63 22 
86 63 73 
89 63 88 
91 63 51 
95 63 29 
109 63 59 
134 63 9 
142 63 65 
149 63 33 
72 62 47 
76 62 37 
102 62 80 
103 62 34 
138 62 67 
92 61 54 
101 61 67 
155 61 19 
81 60 26 
103 60 41 
109 60 80 
116 60 22 
50 59 80 
80 59 45 
103 59 36 
107 59 20 
114 59 20 
134 59 83 
137 59 49 
65 58 61 
90 58 49 
102 58 30 
114 58 70 
127 58 25 
151 58 36 
38 57 36 
73 57 30 
83 57 44 
93 57 23 
94 57 41 
108 57 39 
38 56 53 
64 56 46 
66 56 82 
70 56 48 
82 56 33 
96 56 18 
111 56 89 
149 56 59 
64 55 54 
87 55 45 
97 55 95 
99 55 63 
102 55 66 
103 55 31 
108 55 37 
126 55 24 
132 55 77 
148 55 59 
164 55 85 
84 54 61 
86 54 74 
102 54 38 
107 54 49 
108 54 46 
114 54 50 
118 54 43 
126 54 56 
131 54 97 
18 53 48 
63 53 26 
91 53 61 
92 53 43 
94 53 33 
102 53 74 
148 53 77 
14 52 45 
18 52 40 
28 52 34 
62 51 63 
104 51 48 
136 51 44 
25 50 51 
48 50 67 
49 50 42 
103 50 42 
105 50 71 
117 50 32 
110 49 41 
113 49 22 
117 49 27 
150 49 58 
46 48 85 
94 48 24 
121 48 77 
33 47 58 
48 47 57 
75 47 69 
158 47 86 
115 46 116 
116 46 94 
125 46 26 
138 46 77 
157 46 37 
48 45 33 
98 45 22 
105 45 24 
106 45 51 
125 45 103 
157 45 83 
48 44 88 
68 44 23 
115 44 50 
66 43 56 
83 43 66 
133 43 8 
159 43 64 
184 43 72 
23 42 78 
66 42 23 
126 42 49 
127 42 51 
94 41 29 
120 41 54 
127 41 68 
136 41 68 
138 40 79 
139 40 35 
156 40 63 
178 40 60 
84 39 25 
91 39 57 
137 39 59 
157 39 25 
72 38 39 
152 38 32 
94 37 73 
101 37 50 
143 37 29 
154 37 31 
131 36 59 
135 35 66 
177 34 13 
150 33 53 
27 31 29 
108 31 79 
122 31 43 
123 31 123 
124 31 83 
184 31 40 
140 30 71 
169 26 14 
87 25 76 
102 25 38 
154 25 70 
169 25 18 
101 24 30 
158 24 48 
88 23 102 
125 22 86 
85 21 41 
125 21 38 
101 20 54 
100 19 49 
103 17 70 
142 17 65 
143 17 51 
145 17 46 
155 17 57 
156 17 63 
94 16 53 
116 16 92 
148 13 107 
135 9 54 
