70 236 53 
85 229 13 
87 228 36 
76 227 46 
77 226 37 
103 218 80 
101 217 37 
81 216 82 
124 215 52 
91 214 50 
91 213 57 
111 212 87 
85 210 91 
83 208 51 
86 208 10 
88 208 33 
96 204 100 
97 204 73 
105 204 45 
111 204 43 
90 203 96 
103 202 44 
86 200 48 
167 200 29 
85 199 68 
86 199 53 
87 199 42 
95 199 64 
100 199 64 
103 197 44 
112 197 37 
105 196 64 
96 195 66 
117 195 66 
85 194 11 
86 194 81 
114 194 52 
118 193 52 
90 192 47 
95 192 34 
95 189 50 
116 187 29 
89 186 21 
109 186 31 
110 186 61 
93 185 55 
103 185 51 
109 185 74 
110 185 71 
91 184 26 
114 184 75 
83 183 65 
98 181 70 
92 180 58 
108 180 42 
90 179 51 
101 177 13 
103 177 53 
106 175 40 
102 174 46 
86 171 68 
92 168 29 
93 168 34 
98 167 51 
102 167 67 
98 165 36 
115 162 31 
105 157 49 
120 157 29 
100 146 4 
159 128 57 
166 126 72 
166 125 23 
166 124 52 
141 123 69 
112 122 40 
143 122 40 
168 120 49 
130 119 62 
139 119 88 
108 118 44 
135 118 16 
151 118 38 
137 117 53 
138 117 35 
138 116 89 
139 116 63 
150 115 64 
155 115 39 
159 115 33 
126 113 31 
143 113 45 
160 113 69 
134 112 10 
139 112 31 
142 111 51 
160 111 58 
142 110 43 
151 110 58 
117 109 28 
143 109 44 
152 109 43 
119 108 75 
124 108 52 
139 108 20 
152 108 36 
154 108 23 
156 108 45 
130 107 61 
161 107 49 
167 107 29 
135 106 62 
166 106 16 
131 105 51 
147 105 56 
167 105 29 
151 104 64 
117 103 81 
133 103 61 
134 103 41 
136 103 63 
138 103 43 
142 103 71 
143 103 51 
144 103 28 
146 103 41 
171 103 68 
117 102 57 
139 102 45 
144 102 57 
164 102 67 
150 101 85 
149 100 41 
162 100 55 
139 99 46 
140 99 32 
166 99 59 
143 98 21 
153 98 47 
166 98 55 
126 97 52 
142 97 31 
156 97 31 
152 96 39 
160 96 43 
139 94 40 
149 94 56 
159 94 52 
167 94 31 
132 93 32 
145 93 29 
152 93 38 
170 93 54 
138 92 10 
143 92 86 
125 91 26 
137 91 59 
143 91 29 
145 91 39 
151 91 51 
153 91 44 
155 91 51 
133 90 23 
140 90 42 
165 90 50 
140 89 115 
154 89 60 
159 88 29 
155 86 50 
158 86 68 
162 85 58 
156 84 32 
129 83 47 
151 83 29 
136 82 17 
152 82 92 
157 82 52 
153 81 69 
147 80 14 
160 80 48 
143 79 58 
153 78 43 
171 78 50 
144 77 76 
154 77 52 
180 77 58 
152 75 63 
152 74 22 
153 74 49 
167 73 48 
156 70 3 
165 70 26 
168 66 36 
155 65 17 
132 62 15 
163 58 37 
158 51 54 
174 40 31 
187 34 25 
208 33 46 
213 31 75 
173 30 33 
181 29 59 
182 29 68 
185 27 61 
170 26 38 
180 25 71 
196 24 44 
184 22 63 
188 22 17 
182 21 69 
184 21 65 
185 20 49 
197 20 40 
161 19 20 
185 19 59 
220 19 31 
173 18 28 
183 18 37 
185 18 70 
209 18 57 
190 16 42 
178 15 26 
194 15 37 
186 14 63 
199 14 30 
203 11 40 
194 8 34 
