186 235 48 
185 234 52 
186 234 79 
176 233 44 
185 228 85 
188 228 70 
199 228 34 
185 226 51 
187 222 52 
189 220 24 
167 200 76 
185 198 75 
184 197 14 
185 197 71 
183 196 51 
189 195 87 
199 195 45 
186 194 45 
199 194 38 
188 193 63 
189 193 19 
196 188 42 
179 186 34 
186 186 19 
190 186 65 
195 183 56 
195 182 18 
187 180 16 
199 176 43 
202 175 56 
199 171 50 
191 167 18 
214 166 41 
190 164 66 
191 163 70 
192 163 86 
195 161 34 
198 160 33 
200 159 50 
192 158 51 
193 158 37 
198 154 43 
202 154 41 
200 153 51 
208 152 40 
194 151 41 
204 149 49 
205 149 81 
198 148 30 
183 147 57 
186 147 62 
188 147 19 
196 147 65 
191 146 46 
198 146 18 
197 145 20 
199 145 69 
190 144 83 
198 144 51 
205 144 13 
181 143 83 
199 143 19 
204 143 74 
196 142 66 
202 142 37 
208 142 77 
212 142 73 
182 141 71 
195 141 33 
199 141 54 
196 140 12 
196 136 60 
194 135 42 
195 133 48 
207 133 67 
206 132 46 
207 131 11 
216 130 51 
191 129 45 
206 127 27 
198 126 44 
199 125 44 
187 123 41 
193 121 29 
198 119 65 
203 119 41 
188 118 40 
194 118 33 
197 118 41 
201 118 71 
205 118 62 
209 118 73 
180 117 39 
189 117 42 
200 117 29 
196 116 69 
207 116 57 
202 115 67 
203 112 78 
190 108 44 
193 106 41 
193 105 67 
198 105 45 
192 104 46 
211 104 45 
211 103 109 
189 102 58 
199 101 16 
201 101 76 
201 99 31 
213 98 74 
181 96 38 
183 96 14 
204 96 3 
205 96 113 
206 96 94 
188 95 27 
189 95 69 
194 95 55 
208 94 60 
210 94 91 
213 93 35 
195 87 90 
198 87 67 
197 86 49 
202 86 79 
199 85 39 
202 85 63 
196 84 36 
197 84 73 
206 82 51 
188 74 51 
203 72 30 
192 65 72 
201 64 102 
203 61 56 
214 57 72 
205 48 31 
219 40 29 
204 28 32 
209 9 59 
