167 200 65 
18 195 37 
20 189 22 
40 182 88 
35 181 49 
30 171 52 
21 169 58 
27 167 60 
31 166 87 
30 162 93 
30 161 60 
34 161 98 
31 159 43 
55 159 66 
36 158 38 
44 158 36 
58 158 63 
44 157 75 
45 157 17 
56 157 43 
58 157 57 
26 156 57 
52 154 50 
27 150 56 
12 148 42 
39 147 69 
33 140 87 
25 130 30 
31 128 75 
55 128 40 
56 126 50 
24 123 21 
53 118 33 
75 118 45 
44 117 67 
45 117 28 
45 114 46 
53 114 35 
78 114 10 
53 113 53 
71 108 56 
73 107 72 
46 105 100 
63 105 31 
46 104 89 
75 104 60 
74 103 48 
75 103 67 
37 102 26 
69 102 23 
73 102 49 
58 99 44 
54 98 76 
66 93 90 
71 93 53 
67 91 42 
76 86 19 
73 80 37 
73 78 6 
73 75 40 
80 74 79 
81 71 72 
55 69 63 
76 69 64 
82 69 27 
55 68 43 
80 68 48 
64 66 22 
98 65 37 
99 65 66 
46 64 44 
76 64 54 
77 63 60 
89 63 51 
77 59 36 
78 59 54 
103 59 65 
77 58 52 
101 58 70 
79 57 21 
99 54 37 
81 52 37 
72 51 63 
79 50 45 
98 50 30 
88 49 84 
88 42 37 
89 39 46 
108 33 40 
84 22 57 
100 20 33 
109 13 62 
90 9 35 
