72 216 78 
104 211 60 
84 204 60 
73 202 32 
167 200 58 
65 193 21 
67 191 37 
77 167 47 
60 165 46 
76 160 54 
74 152 44 
75 143 57 
55 141 34 
63 134 62 
68 133 29 
74 131 40 
80 126 57 
93 119 74 
66 118 24 
40 115 6 
41 115 41 
66 114 22 
81 114 62 
66 113 93 
67 113 35 
41 112 27 
56 90 81 
75 88 41 
76 88 43 
55 86 28 
68 78 31 
47 77 59 
78 73 76 
55 66 22 
56 66 73 
87 64 12 
88 64 71 
88 63 58 
31 60 40 
96 58 47 
62 57 37 
62 55 19 
83 51 32 
56 49 37 
88 41 66 
57 35 26 
41 22 82 
60 22 61 
43 21 39 
77 16 54 
48 15 46 
50 14 16 
66 9 53 
