217 216 64 
186 213 32 
210 202 29 
167 200 73 
201 195 22 
215 194 68 
214 193 87 
191 183 39 
215 181 41 
230 180 50 
188 178 65 
197 178 95 
228 178 50 
211 176 20 
227 175 53 
213 174 47 
229 173 72 
234 172 60 
207 170 36 
207 169 68 
241 169 59 
217 168 64 
241 168 57 
186 166 36 
213 165 42 
230 165 35 
213 164 66 
185 163 74 
185 162 20 
196 162 31 
224 162 44 
191 161 57 
195 161 112 
205 161 56 
210 161 36 
212 161 54 
225 161 54 
190 160 32 
193 160 85 
194 160 62 
195 160 51 
198 160 15 
207 160 60 
224 160 48 
190 158 38 
203 158 42 
207 155 59 
203 154 75 
192 152 33 
226 151 44 
204 150 53 
212 150 40 
214 150 68 
217 150 28 
226 149 8 
218 148 42 
226 148 116 
225 147 56 
200 146 31 
213 146 70 
221 145 72 
226 145 11 
219 144 64 
217 143 65 
226 143 73 
208 142 33 
216 142 13 
211 141 29 
244 141 105 
211 140 83 
227 140 58 
244 140 38 
203 139 72 
206 139 44 
215 139 49 
175 138 59 
184 138 69 
185 138 93 
186 138 72 
231 138 29 
232 138 55 
184 135 48 
203 135 52 
207 135 33 
195 134 79 
214 134 42 
215 134 32 
217 134 46 
187 133 84 
203 133 77 
177 131 30 
213 131 90 
216 131 32 
231 130 54 
214 129 70 
166 128 59 
226 128 60 
166 127 98 
226 127 66 
165 125 53 
204 125 54 
211 124 33 
243 123 43 
244 123 80 
202 122 20 
231 122 75 
177 121 54 
190 120 38 
232 120 13 
192 119 50 
231 119 117 
203 118 36 
193 117 88 
219 116 90 
216 115 42 
225 114 38 
192 112 39 
231 111 71 
235 111 53 
204 110 74 
231 110 29 
228 107 44 
184 106 42 
225 104 58 
201 103 49 
224 98 54 
224 97 46 
235 92 30 
207 87 36 
224 82 77 
216 78 36 
233 71 38 
203 67 47 
234 65 38 
210 61 24 
223 60 30 
243 56 24 
205 54 49 
234 54 32 
239 53 115 
242 52 65 
193 41 23 
237 41 97 
225 39 46 
213 38 16 
178 35 81 
199 35 33 
214 35 51 
223 33 13 
221 26 45 
235 25 55 
