205 238 65 
192 237 46 
193 237 113 
204 237 26 
221 237 70 
165 235 69 
185 235 41 
184 234 49 
182 233 53 
179 232 92 
145 230 37 
199 230 69 
218 229 23 
184 228 60 
187 228 74 
158 227 73 
168 227 92 
178 227 37 
168 226 99 
197 226 49 
205 225 48 
141 224 55 
158 224 65 
169 224 34 
170 224 82 
189 223 35 
193 223 56 
180 222 104 
193 222 44 
194 221 66 
168 220 76 
184 220 74 
195 219 65 
187 218 28 
192 218 21 
194 218 29 
154 217 51 
159 216 35 
162 216 24 
163 216 62 
166 216 54 
168 216 54 
200 216 52 
182 215 52 
165 214 69 
197 214 33 
184 213 46 
175 212 52 
163 211 53 
174 211 86 
188 210 54 
142 209 76 
165 209 67 
163 208 34 
168 206 66 
185 206 59 
165 205 35 
176 204 30 
195 204 38 
211 204 61 
196 203 73 
165 202 58 
172 202 112 
176 202 6 
182 201 79 
161 200 60 
167 200 100 
168 200 48 
171 200 60 
178 200 91 
180 199 85 
178 196 40 
150 195 28 
155 194 66 
198 193 33 
130 192 60 
188 191 38 
143 190 73 
148 190 37 
171 190 70 
188 190 25 
169 189 45 
161 186 34 
175 186 51 
117 185 44 
173 185 20 
186 182 30 
188 182 40 
186 181 80 
133 180 62 
181 180 52 
184 180 26 
138 179 117 
149 179 57 
181 179 57 
145 178 54 
158 178 33 
167 178 44 
172 178 79 
157 177 29 
128 176 41 
135 176 78 
204 176 62 
128 175 96 
127 174 22 
142 173 65 
192 173 21 
193 173 20 
147 172 66 
163 172 52 
165 171 36 
131 170 29 
137 170 52 
146 170 54 
170 170 50 
137 169 71 
138 169 53 
156 168 81 
187 166 54 
157 165 24 
163 165 46 
198 165 30 
176 164 74 
150 163 29 
159 163 45 
172 163 14 
170 162 69 
181 160 44 
133 159 18 
158 156 62 
134 155 113 
141 155 62 
165 155 16 
136 154 32 
166 154 46 
167 154 77 
165 153 57 
174 153 47 
140 152 46 
163 152 53 
167 151 51 
173 151 100 
146 150 19 
167 150 15 
172 150 54 
174 150 33 
154 149 45 
131 146 44 
186 146 77 
151 145 57 
174 145 75 
162 144 54 
163 144 88 
161 143 59 
142 142 51 
155 142 73 
156 142 82 
158 142 83 
169 142 86 
169 141 72 
150 140 22 
153 139 32 
161 137 84 
170 136 48 
170 135 49 
106 133 35 
154 133 19 
172 132 65 
153 131 82 
154 131 63 
163 130 52 
166 130 70 
150 128 91 
154 128 42 
155 128 78 
156 128 38 
157 128 53 
169 128 29 
147 127 32 
148 127 73 
154 127 31 
156 127 87 
177 127 65 
180 127 41 
181 127 51 
188 127 56 
130 122 43 
174 122 81 
140 121 64 
141 121 92 
146 118 83 
152 117 54 
124 116 71 
119 115 43 
146 115 37 
156 115 78 
122 114 39 
149 114 33 
150 114 35 
115 113 35 
142 113 40 
149 113 51 
148 111 36 
115 110 65 
125 110 48 
178 110 83 
130 109 51 
142 109 27 
147 109 71 
153 108 50 
175 107 92 
155 106 48 
169 106 44 
155 105 58 
112 104 99 
135 104 54 
138 101 49 
149 100 73 
154 100 43 
168 100 30 
124 98 56 
170 98 43 
136 97 30 
166 97 16 
110 94 58 
147 94 74 
135 92 68 
136 92 92 
173 92 52 
117 87 25 
117 86 115 
118 86 84 
125 86 62 
138 86 69 
116 85 65 
138 85 68 
139 85 75 
140 84 32 
130 82 79 
138 82 32 
100 81 39 
112 81 66 
126 80 66 
156 79 60 
159 79 25 
113 78 102 
136 78 13 
140 78 41 
97 77 17 
110 75 46 
121 74 33 
117 72 41 
128 71 28 
112 69 74 
123 69 42 
119 67 19 
94 66 73 
115 62 18 
127 61 120 
129 57 34 
136 57 15 
149 57 27 
130 56 50 
135 56 30 
149 56 44 
124 54 40 
144 54 24 
101 53 21 
121 53 38 
130 53 52 
149 53 75 
137 52 38 
137 51 62 
111 48 77 
123 47 69 
103 46 30 
111 45 44 
81 44 32 
117 44 56 
118 44 40 
127 44 69 
115 43 43 
133 43 30 
115 42 27 
116 42 70 
128 42 14 
121 41 49 
105 39 48 
134 36 67 
113 35 20 
130 35 90 
98 34 65 
100 34 61 
134 34 44 
93 33 88 
94 33 61 
112 32 47 
113 31 36 
112 30 30 
122 25 14 
115 22 38 
80 20 52 
115 20 39 
119 20 23 
118 18 22 
134 17 40 
157 15 50 
113 14 6 
129 12 18 
