196 237 16 
157 223 51 
180 221 77 
140 213 52 
144 213 78 
168 210 41 
168 209 16 
167 200 120 
155 196 129 
165 186 66 
129 183 33 
144 181 57 
142 178 38 
171 177 85 
148 176 10 
143 175 38 
157 174 90 
140 173 26 
127 172 64 
139 172 46 
187 170 42 
124 167 31 
137 167 22 
149 166 69 
154 161 61 
154 160 76 
150 159 39 
163 158 53 
175 156 46 
176 155 50 
165 153 34 
142 140 72 
115 139 19 
122 114 49 
134 112 37 
133 105 75 
117 96 41 
120 93 65 
100 77 57 
128 77 74 
97 74 65 
135 74 57 
137 74 47 
112 73 49 
123 73 37 
100 72 71 
105 71 64 
114 70 68 
113 68 26 
137 68 38 
106 67 75 
107 67 23 
106 66 50 
124 66 49 
136 66 35 
120 65 49 
121 64 63 
91 62 18 
99 61 60 
125 61 52 
105 56 37 
121 56 68 
128 56 41 
101 54 51 
111 51 75 
92 47 41 
116 47 54 
125 47 46 
113 43 43 
106 42 46 
97 40 57 
94 37 22 
96 35 87 
104 32 44 
99 30 20 
110 29 48 
96 28 40 
132 26 95 
107 23 68 
112 22 14 
100 14 25 
