82 240 94 
90 239 31 
86 237 92 
87 237 86 
90 236 51 
95 233 114 
78 226 28 
80 226 46 
110 224 41 
93 222 79 
96 219 97 
83 218 51 
84 218 37 
101 217 77 
68 214 62 
79 214 59 
85 210 44 
81 208 89 
107 202 60 
91 200 49 
167 200 55 
77 199 55 
77 198 31 
81 198 73 
74 195 47 
107 194 43 
118 194 34 
87 193 94 
98 192 68 
84 188 47 
110 187 41 
109 183 66 
79 181 37 
71 180 41 
75 180 42 
70 177 60 
88 177 38 
89 177 93 
97 177 67 
120 177 55 
58 174 31 
84 174 28 
73 172 33 
86 172 24 
99 172 40 
75 171 20 
77 171 102 
96 171 51 
76 170 75 
77 170 16 
96 170 45 
112 170 61 
76 169 96 
68 167 31 
104 167 55 
82 166 86 
81 165 82 
82 165 62 
89 165 40 
75 164 41 
92 164 74 
90 161 60 
107 161 47 
61 160 59 
80 160 20 
65 158 56 
67 157 39 
59 156 56 
69 155 70 
63 154 37 
89 152 59 
116 151 78 
93 147 82 
93 141 26 
87 140 59 
93 140 84 
107 140 64 
90 137 84 
92 135 70 
74 134 39 
76 134 92 
77 134 76 
93 134 60 
66 129 52 
81 129 29 
100 129 85 
93 128 17 
100 128 93 
101 128 87 
78 125 68 
89 125 92 
66 121 54 
72 121 66 
73 121 18 
82 120 47 
79 119 23 
121 118 48 
73 117 36 
101 116 60 
90 115 36 
76 114 73 
96 113 59 
88 112 52 
92 112 46 
96 112 112 
92 111 60 
45 104 53 
92 103 49 
84 97 23 
106 94 37 
72 85 51 
75 84 29 
76 70 80 
126 65 38 
128 60 49 
95 56 36 
95 50 25 
121 50 66 
76 49 33 
117 49 42 
123 49 48 
87 44 89 
92 38 68 
77 33 79 
