212 241 52 
227 238 67 
239 234 56 
240 233 76 
231 228 45 
206 226 64 
237 226 29 
207 225 11 
204 223 37 
201 222 88 
204 222 72 
224 217 76 
232 215 13 
219 212 44 
219 211 39 
206 208 72 
238 207 66 
215 206 50 
216 206 62 
227 206 49 
229 206 67 
233 205 64 
221 204 40 
218 203 62 
219 203 37 
211 202 110 
219 202 68 
224 201 71 
167 200 55 
191 199 31 
231 199 75 
231 198 63 
225 196 32 
245 194 66 
213 192 54 
227 191 48 
229 191 17 
240 190 40 
188 189 63 
209 189 59 
237 189 61 
201 188 63 
204 188 37 
212 188 66 
213 188 59 
185 187 61 
227 187 62 
179 185 57 
224 185 123 
234 185 79 
205 184 82 
215 184 57 
229 184 44 
234 184 50 
229 183 65 
216 181 47 
182 180 54 
207 180 46 
230 180 60 
231 180 47 
176 179 53 
207 179 27 
208 179 6 
231 179 41 
218 178 30 
215 177 15 
213 176 88 
214 176 63 
215 176 17 
216 176 24 
182 175 55 
216 175 22 
188 174 24 
189 174 69 
188 173 14 
236 173 20 
200 172 60 
206 170 62 
217 170 103 
240 168 55 
181 167 44 
211 166 47 
202 164 34 
207 163 51 
209 163 102 
209 162 54 
219 155 50 
229 152 77 
219 150 51 
201 147 31 
214 146 40 
194 144 95 
242 144 43 
207 141 65 
198 135 49 
201 129 29 
200 113 29 
