167 200 20 
89 137 73 
87 135 48 
86 134 56 
104 128 54 
73 121 33 
111 120 31 
38 119 38 
17 113 45 
130 113 26 
133 113 60 
106 111 91 
105 107 30 
111 107 45 
66 104 59 
116 104 84 
60 103 41 
93 103 12 
115 103 60 
76 102 53 
157 101 14 
184 101 66 
13 100 40 
19 100 74 
81 100 43 
117 100 82 
139 99 50 
93 97 55 
23 95 73 
59 95 4 
114 95 32 
117 95 51 
134 95 76 
84 94 33 
55 93 37 
66 93 35 
88 93 30 
75 92 41 
144 92 37 
200 92 29 
147 91 59 
113 90 47 
62 89 31 
63 89 62 
113 89 18 
168 89 53 
44 88 47 
240 88 83 
91 87 28 
142 87 50 
52 86 54 
52 85 58 
75 85 54 
58 84 6 
153 84 46 
91 83 55 
98 82 58 
39 81 68 
89 81 47 
104 81 43 
162 81 66 
92 79 30 
108 79 85 
131 78 69 
144 78 44 
197 78 59 
220 78 77 
55 77 34 
129 77 37 
57 76 43 
114 76 57 
184 76 33 
224 76 55 
131 75 45 
196 75 55 
44 74 51 
110 74 58 
100 73 68 
201 73 68 
98 72 54 
106 72 39 
107 72 53 
120 69 50 
186 69 70 
193 69 37 
111 68 57 
186 68 53 
193 68 52 
187 67 56 
212 67 29 
214 67 38 
88 66 62 
142 66 29 
112 65 52 
113 65 36 
206 64 102 
211 64 25 
102 63 60 
165 63 72 
103 62 62 
145 61 59 
162 60 104 
232 60 50 
103 59 53 
214 58 50 
78 55 84 
80 54 67 
81 54 20 
87 54 51 
166 54 41 
229 54 12 
230 54 48 
193 53 45 
74 46 31 
72 45 30 
