83 238 47 
121 236 82 
112 230 61 
109 228 94 
91 220 26 
85 217 64 
78 215 99 
101 215 46 
76 213 34 
131 210 29 
125 209 47 
93 208 71 
120 208 57 
85 205 116 
167 200 48 
90 192 33 
51 189 54 
65 189 33 
82 189 78 
88 189 51 
76 188 38 
57 184 26 
56 183 52 
79 183 69 
50 179 39 
50 178 48 
73 178 26 
108 178 22 
64 177 71 
74 177 59 
108 177 42 
54 176 54 
91 175 79 
63 170 51 
83 166 62 
39 163 49 
31 159 26 
32 157 77 
88 155 101 
22 153 75 
22 152 48 
22 151 70 
45 139 25 
27 129 93 
36 123 20 
29 115 49 
