93 235 14 
140 235 25 
141 235 95 
139 234 40 
141 234 51 
141 232 22 
77 228 40 
129 226 25 
63 213 37 
96 213 68 
69 212 61 
124 212 74 
125 212 42 
89 207 99 
101 206 65 
109 206 115 
76 204 20 
167 200 94 
47 199 74 
77 198 123 
78 198 62 
44 196 35 
64 195 70 
92 195 65 
76 194 46 
84 194 40 
46 190 80 
86 190 51 
55 189 59 
64 188 92 
65 185 40 
84 184 84 
87 184 70 
87 183 41 
44 182 42 
70 182 58 
78 182 27 
83 182 59 
63 180 28 
64 180 19 
66 179 92 
79 179 65 
80 177 67 
88 177 55 
91 177 133 
69 176 131 
48 175 88 
66 175 68 
40 173 3 
52 173 27 
59 173 41 
68 173 89 
60 172 90 
67 172 37 
59 170 49 
60 168 85 
61 168 48 
60 167 62 
84 167 69 
92 163 59 
86 161 39 
73 160 43 
37 156 23 
69 155 91 
52 154 70 
69 154 72 
43 148 103 
93 148 29 
93 147 50 
24 145 52 
42 144 45 
45 141 38 
61 141 17 
35 140 45 
42 135 75 
27 132 56 
35 128 22 
44 122 46 
28 96 75 
25 92 42 
28 92 49 
241 19 61 
