183 236 63 
184 236 32 
166 235 41 
191 235 75 
157 234 75 
210 234 44 
173 222 60 
179 222 31 
182 222 59 
184 221 74 
202 221 66 
207 221 44 
161 220 66 
163 220 43 
178 218 42 
183 218 49 
156 217 66 
185 217 45 
197 217 48 
223 217 41 
236 217 36 
196 216 54 
145 215 48 
192 215 19 
196 215 45 
198 215 57 
196 214 56 
211 214 30 
159 213 41 
197 213 78 
165 212 33 
166 212 64 
179 212 29 
193 212 70 
198 211 29 
157 209 57 
196 209 102 
196 208 152 
204 208 75 
133 207 95 
134 207 46 
199 206 62 
200 206 72 
182 205 30 
185 205 35 
179 204 24 
197 204 56 
222 204 46 
178 203 57 
218 203 55 
196 202 26 
167 200 30 
191 200 50 
200 200 68 
192 199 87 
202 199 27 
194 198 51 
195 198 26 
220 196 23 
227 196 139 
162 195 74 
208 195 51 
216 192 60 
190 191 35 
208 188 80 
205 186 67 
211 183 49 
207 182 55 
202 181 45 
228 180 36 
220 179 54 
198 178 47 
212 178 60 
218 178 37 
221 178 17 
224 177 73 
228 177 57 
207 174 87 
221 173 62 
207 172 82 
221 172 19 
222 172 38 
203 170 75 
225 170 37 
232 168 26 
239 159 39 
233 154 52 
239 154 26 
240 132 39 
