95 218 80 
97 204 79 
93 202 72 
94 201 66 
84 200 61 
167 200 32 
91 199 76 
101 198 27 
93 192 67 
86 188 46 
93 182 29 
82 179 106 
82 149 59 
83 149 22 
77 148 34 
82 146 62 
86 146 23 
86 145 78 
75 131 32 
77 131 91 
78 131 73 
72 128 88 
75 128 50 
73 127 46 
69 123 37 
74 117 69 
73 116 21 
61 106 26 
66 85 49 
67 85 64 
66 74 69 
68 74 59 
69 73 72 
66 68 42 
72 67 43 
63 66 40 
72 65 62 
72 64 18 
68 62 53 
70 62 75 
52 34 76 
54 34 47 
57 34 71 
64 34 76 
54 31 65 
57 29 62 
54 26 57 
52 24 68 
55 22 44 
65 22 78 
51 21 57 
55 21 71 
58 21 96 
61 21 74 
64 21 62 
58 20 139 
60 20 26 
64 20 34 
52 19 44 
55 17 74 
59 17 89 
62 17 95 
52 15 31 
58 15 87 
63 14 30 
63 12 101 
57 11 45 
61 11 82 
63 11 56 
63 10 34 
53 8 74 
55 4 47 
