171 242 58 
197 240 58 
171 239 53 
225 239 31 
225 238 58 
226 236 85 
197 235 41 
191 234 63 
200 231 87 
192 230 64 
220 230 15 
208 229 26 
196 228 35 
199 228 77 
203 228 38 
201 227 52 
192 225 65 
212 224 31 
215 224 36 
225 223 57 
207 222 34 
194 221 30 
196 221 53 
203 219 48 
219 219 19 
230 218 58 
234 218 56 
235 218 23 
196 217 81 
198 217 41 
201 217 53 
202 217 44 
209 216 39 
223 216 91 
242 216 106 
206 215 74 
206 214 42 
216 214 41 
233 214 78 
200 213 56 
201 213 37 
228 213 54 
229 213 54 
225 210 36 
226 210 66 
230 209 57 
216 208 55 
234 208 74 
218 207 48 
221 207 16 
236 207 55 
199 206 94 
211 205 65 
234 205 78 
234 204 90 
235 204 27 
207 201 56 
167 200 11 
233 198 64 
192 196 45 
216 196 83 
203 194 33 
233 194 100 
237 192 50 
233 187 37 
212 186 36 
217 185 36 
226 185 81 
205 184 66 
218 184 28 
219 183 36 
221 183 36 
226 183 41 
216 182 40 
220 182 46 
231 180 5 
233 180 38 
187 179 35 
222 179 73 
234 179 44 
232 176 53 
238 175 44 
225 174 42 
220 173 55 
236 173 59 
225 170 83 
225 165 41 
233 164 62 
234 163 32 
238 163 25 
238 162 86 
239 162 76 
239 161 39 
226 154 61 
228 152 67 
229 149 67 
234 147 49 
238 137 33 
239 119 75 
51 51 78 
51 48 67 
68 44 62 
59 41 43 
54 40 86 
70 39 76 
45 34 30 
45 33 45 
48 33 48 
45 32 34 
55 27 103 
68 27 53 
34 23 60 
41 22 20 
74 17 44 
44 14 85 
59 12 88 
47 11 12 
59 8 54 
69 6 69 
