162 234 37 
163 234 57 
138 232 133 
152 232 36 
162 228 96 
164 228 30 
174 225 12 
171 224 36 
166 222 67 
171 222 104 
132 221 120 
125 220 36 
142 220 55 
165 210 86 
168 210 46 
153 209 45 
150 207 44 
185 207 66 
187 207 78 
132 205 73 
171 205 60 
194 205 34 
146 204 21 
147 204 95 
200 203 57 
184 202 70 
130 201 63 
131 201 58 
143 201 58 
117 200 66 
140 200 44 
146 200 45 
167 200 60 
126 199 84 
158 198 84 
153 196 57 
148 194 48 
128 192 34 
186 192 52 
136 191 35 
134 189 58 
151 189 77 
115 188 48 
134 188 56 
148 188 56 
167 187 51 
137 185 6 
169 185 37 
185 185 38 
136 184 55 
137 184 27 
141 184 41 
157 184 7 
115 183 44 
152 183 54 
157 181 71 
143 180 50 
173 176 49 
186 175 29 
131 173 65 
130 172 66 
144 169 50 
146 168 56 
112 167 58 
151 165 42 
187 164 45 
144 163 66 
137 162 76 
135 161 57 
130 160 85 
128 159 37 
130 159 42 
132 159 11 
117 157 37 
153 157 51 
151 156 69 
119 154 48 
120 154 10 
137 154 43 
108 152 41 
105 151 37 
127 151 35 
148 148 49 
131 147 23 
131 146 59 
113 144 23 
117 143 49 
118 143 78 
119 143 13 
137 143 22 
149 141 56 
114 140 59 
149 140 36 
133 139 37 
136 139 57 
81 138 20 
98 136 52 
135 136 59 
138 136 73 
102 135 45 
137 135 10 
139 135 60 
97 134 116 
133 134 82 
141 134 38 
99 132 36 
97 131 36 
102 130 58 
105 129 42 
101 128 40 
119 128 29 
119 126 29 
126 125 72 
149 124 62 
126 123 51 
93 122 66 
124 122 54 
105 121 31 
145 116 60 
125 115 61 
112 114 45 
105 113 17 
111 112 91 
100 111 71 
112 111 62 
123 110 70 
100 108 33 
99 107 46 
112 106 60 
102 105 59 
114 101 39 
95 100 63 
116 99 72 
92 95 54 
106 94 54 
96 92 71 
114 90 29 
123 90 101 
113 89 19 
94 88 42 
84 87 53 
95 87 15 
96 85 56 
97 85 55 
104 85 53 
104 84 43 
86 83 50 
69 82 29 
77 82 51 
80 82 38 
85 82 37 
92 82 37 
121 81 75 
76 80 62 
77 79 66 
86 79 15 
91 78 57 
124 78 27 
77 77 44 
97 76 70 
68 74 73 
105 70 58 
74 68 54 
89 68 29 
104 68 11 
85 66 27 
94 66 60 
102 66 32 
86 65 66 
69 61 47 
85 61 30 
113 61 31 
85 60 59 
118 60 56 
102 59 34 
108 59 48 
83 58 90 
95 56 59 
116 54 40 
72 53 36 
73 53 41 
78 53 54 
89 53 50 
113 53 55 
75 50 46 
66 48 45 
82 46 52 
91 46 37 
78 45 38 
101 45 51 
83 44 24 
75 43 71 
76 43 22 
75 42 50 
103 42 13 
73 24 28 
89 23 37 
70 20 57 
71 20 49 
68 16 21 
71 16 39 
65 14 43 
73 13 36 
73 12 52 
