167 200 93 
244 98 22 
224 80 42 
230 80 67 
217 79 70 
224 79 42 
184 77 64 
224 76 106 
224 75 66 
200 73 58 
222 73 16 
216 72 67 
191 71 21 
216 71 19 
189 69 31 
195 69 49 
198 67 83 
213 66 68 
214 66 58 
207 65 36 
214 65 64 
194 63 45 
199 63 35 
221 63 36 
198 62 37 
228 62 39 
231 62 93 
225 61 42 
203 60 33 
213 59 34 
202 57 66 
209 57 18 
209 56 39 
206 55 49 
212 55 72 
218 55 19 
209 54 29 
224 54 50 
210 53 25 
221 53 24 
224 53 61 
212 52 34 
180 50 86 
204 50 70 
199 49 49 
183 48 34 
192 47 82 
193 47 61 
208 47 41 
188 46 96 
197 46 38 
198 46 39 
221 46 51 
197 45 83 
225 45 77 
214 44 20 
180 43 32 
187 43 43 
194 41 53 
203 41 62 
210 41 53 
231 41 52 
206 40 35 
212 40 93 
186 38 78 
190 36 36 
191 36 40 
195 36 44 
134 27 47 
185 25 47 
146 23 49 
172 22 41 
162 21 40 
162 16 70 
168 16 68 
156 15 58 
160 15 44 
161 15 30 
125 14 61 
117 13 36 
181 12 82 
185 10 21 
