58 222 83 
54 220 69 
72 219 63 
54 218 75 
54 215 101 
72 206 74 
87 205 56 
93 205 67 
94 204 28 
63 202 35 
70 202 63 
67 201 49 
75 201 16 
80 201 50 
123 201 30 
167 200 72 
53 199 84 
95 196 62 
104 195 18 
60 194 34 
89 194 41 
75 190 52 
100 190 84 
55 189 82 
53 188 75 
54 188 43 
55 188 57 
86 188 31 
83 186 57 
90 186 60 
41 185 64 
90 185 42 
54 184 61 
107 184 78 
61 182 20 
63 182 74 
94 182 66 
99 181 68 
100 181 62 
101 181 40 
108 180 51 
99 179 75 
94 177 23 
99 177 26 
102 177 72 
78 176 33 
101 176 49 
111 176 20 
69 175 60 
100 175 64 
102 175 57 
108 175 83 
79 174 59 
100 174 26 
102 174 49 
102 173 17 
69 172 65 
74 171 63 
75 171 46 
79 171 36 
91 170 56 
75 169 40 
98 169 70 
109 169 78 
65 168 72 
73 168 59 
82 168 78 
85 168 51 
86 168 36 
88 168 70 
68 167 54 
68 166 93 
75 166 51 
78 166 48 
105 166 54 
71 165 55 
73 165 51 
118 165 48 
98 164 28 
53 163 33 
71 163 22 
87 163 41 
113 163 63 
91 162 90 
95 162 41 
91 161 117 
92 161 30 
93 161 116 
138 161 43 
67 160 20 
76 160 60 
61 159 80 
73 158 19 
89 158 37 
51 157 53 
73 155 33 
65 154 19 
67 153 63 
103 153 52 
64 151 78 
72 151 62 
51 150 52 
79 148 47 
80 148 43 
88 148 43 
89 148 25 
79 147 38 
82 147 42 
67 146 48 
82 146 29 
52 145 38 
86 144 74 
78 142 25 
72 140 39 
103 140 88 
32 139 42 
100 139 61 
76 138 65 
29 136 27 
80 135 59 
63 134 38 
91 134 18 
45 133 26 
61 133 95 
48 128 54 
49 128 51 
51 128 40 
61 128 62 
49 127 145 
44 126 30 
74 125 26 
51 124 87 
96 124 39 
95 122 42 
70 120 82 
101 118 62 
45 116 49 
59 116 30 
63 115 51 
77 114 54 
74 113 39 
76 113 48 
64 111 77 
62 110 81 
103 110 92 
64 109 38 
74 109 72 
104 109 74 
72 108 92 
79 108 13 
71 107 54 
51 106 93 
62 106 62 
56 104 20 
71 104 48 
63 103 70 
54 102 50 
61 101 104 
63 100 12 
50 99 51 
51 99 27 
58 99 93 
47 98 54 
48 98 65 
61 98 22 
69 98 37 
38 97 28 
90 97 26 
60 96 48 
50 95 39 
35 94 39 
47 94 51 
51 94 78 
59 94 90 
60 94 14 
62 94 49 
65 94 84 
75 94 71 
44 93 69 
52 93 72 
66 93 20 
72 93 136 
62 92 47 
71 92 39 
66 91 18 
29 90 24 
33 89 63 
39 89 23 
88 88 62 
51 87 60 
80 87 70 
47 86 47 
51 86 23 
63 86 90 
47 85 52 
64 85 59 
38 84 20 
48 84 18 
49 84 32 
65 84 29 
69 84 45 
78 84 33 
30 83 59 
52 83 63 
56 83 46 
57 83 87 
78 83 28 
79 83 56 
41 82 69 
45 82 65 
47 82 59 
74 82 72 
79 82 44 
35 81 78 
38 81 61 
39 81 57 
41 81 83 
45 81 66 
50 81 49 
74 81 110 
20 80 43 
38 80 66 
41 80 60 
69 80 45 
74 80 49 
57 79 35 
59 79 35 
61 79 43 
66 79 42 
70 79 28 
38 78 56 
42 78 47 
57 78 25 
86 78 41 
63 77 21 
75 77 31 
38 76 41 
48 76 25 
53 76 28 
61 76 67 
65 76 26 
71 76 56 
76 76 34 
56 75 53 
64 75 58 
65 75 104 
66 75 61 
85 75 27 
55 74 32 
56 74 17 
63 74 53 
67 74 34 
75 74 23 
26 73 39 
28 73 43 
69 73 55 
70 73 48 
75 73 38 
32 72 19 
52 72 66 
57 72 88 
66 72 82 
57 71 28 
59 71 23 
60 71 59 
78 71 91 
84 71 43 
47 70 73 
55 70 61 
60 70 43 
75 70 18 
80 70 59 
100 70 67 
42 69 55 
43 69 49 
53 69 20 
55 69 52 
62 69 134 
73 69 46 
78 69 22 
44 68 54 
48 68 63 
53 68 47 
55 68 22 
56 68 27 
58 68 16 
66 68 17 
68 68 46 
78 68 20 
81 68 55 
45 67 102 
66 67 72 
67 67 64 
32 66 34 
36 66 39 
40 66 24 
43 66 44 
46 66 19 
60 66 36 
84 66 34 
58 65 37 
73 65 52 
48 64 59 
49 64 19 
52 64 38 
38 63 57 
52 63 44 
56 63 55 
57 63 72 
59 63 53 
65 63 40 
69 63 26 
76 63 91 
40 62 48 
47 62 76 
61 62 66 
74 62 42 
57 61 56 
71 61 45 
73 61 40 
28 60 17 
33 60 37 
48 60 29 
50 60 74 
52 60 36 
54 60 83 
66 60 73 
73 60 64 
75 60 24 
58 59 63 
60 59 54 
62 59 48 
67 59 60 
73 59 26 
26 58 41 
51 58 67 
59 58 35 
62 58 42 
65 58 95 
53 57 55 
74 57 89 
76 57 48 
85 57 44 
50 56 49 
67 56 59 
71 56 66 
46 55 28 
48 55 54 
67 55 51 
68 55 42 
52 54 42 
73 54 42 
51 52 66 
57 52 16 
58 52 14 
47 51 41 
62 51 68 
72 51 55 
62 50 39 
44 49 23 
46 49 70 
42 47 79 
59 47 48 
36 46 33 
52 46 67 
52 45 59 
63 45 45 
50 44 32 
51 44 13 
29 42 70 
58 42 60 
56 41 34 
71 40 69 
41 39 41 
45 39 53 
32 38 49 
54 38 53 
95 38 58 
34 36 53 
52 36 73 
45 35 79 
51 35 35 
44 34 64 
52 34 49 
44 33 29 
52 33 88 
43 32 13 
44 32 114 
32 31 34 
34 31 38 
48 31 37 
50 31 83 
55 31 34 
60 31 83 
39 30 18 
45 30 28 
47 30 33 
50 30 70 
58 30 52 
61 30 18 
18 29 49 
45 29 22 
52 29 117 
55 29 49 
55 28 40 
44 27 28 
54 27 39 
48 26 53 
42 25 61 
54 25 40 
55 25 50 
38 24 62 
39 24 25 
35 23 24 
37 23 65 
39 23 78 
49 23 11 
37 22 67 
38 22 96 
40 22 19 
45 22 71 
31 21 46 
37 21 88 
38 21 54 
39 21 48 
40 21 99 
42 21 25 
49 21 91 
38 20 67 
39 20 42 
60 20 73 
30 19 64 
39 19 60 
40 19 39 
42 19 34 
43 19 49 
57 19 52 
40 18 68 
41 18 49 
41 17 46 
46 17 79 
39 16 34 
43 15 52 
45 15 35 
42 14 34 
13 13 5 
41 13 42 
45 12 23 
52 9 45 
