82 238 70 
109 238 58 
84 233 71 
112 233 60 
146 231 45 
139 229 32 
136 228 88 
150 228 50 
131 227 54 
138 226 21 
146 226 46 
162 226 29 
111 224 71 
138 223 22 
101 222 36 
114 222 88 
147 222 28 
95 221 67 
121 221 109 
122 221 59 
114 220 21 
111 219 49 
145 219 64 
101 215 72 
106 215 52 
107 215 111 
127 215 88 
100 214 28 
103 214 51 
129 213 39 
135 212 60 
78 211 52 
109 211 60 
118 209 47 
110 208 82 
127 208 46 
101 207 33 
133 207 58 
145 207 48 
105 204 57 
133 204 46 
106 203 22 
129 203 53 
145 203 41 
107 200 92 
167 200 113 
143 199 73 
110 198 60 
92 197 92 
123 197 54 
137 197 41 
87 195 63 
109 195 33 
145 195 64 
106 193 39 
99 192 43 
127 190 63 
97 189 68 
112 189 96 
74 188 51 
87 188 51 
97 188 31 
105 187 16 
120 185 45 
126 185 65 
143 185 52 
71 183 13 
84 183 57 
149 182 114 
153 181 78 
177 181 59 
139 180 78 
135 179 47 
147 178 72 
111 176 40 
131 176 53 
167 176 73 
80 175 57 
104 174 69 
111 174 78 
112 174 63 
130 173 58 
163 172 67 
106 171 93 
152 171 92 
106 170 21 
152 170 88 
106 169 66 
126 169 51 
131 166 67 
128 163 61 
122 162 70 
127 159 34 
72 157 66 
93 157 61 
112 157 39 
126 157 47 
134 157 54 
132 156 46 
148 156 54 
107 155 21 
162 155 58 
111 154 7 
156 153 112 
132 152 47 
172 151 57 
102 150 46 
83 146 71 
97 146 90 
115 146 51 
124 146 63 
152 146 68 
111 144 41 
114 144 75 
116 144 80 
149 144 37 
160 144 71 
160 143 98 
113 142 28 
161 142 27 
86 141 36 
116 139 77 
126 134 84 
111 131 77 
117 126 29 
102 125 60 
