167 200 55 
234 86 47 
238 84 73 
237 79 33 
216 77 38 
240 76 32 
231 73 47 
237 72 41 
220 66 52 
230 62 78 
220 56 34 
215 55 54 
221 54 20 
197 53 55 
198 53 91 
217 53 3 
219 53 54 
220 53 29 
209 51 17 
218 51 88 
227 51 54 
222 49 62 
207 48 34 
218 48 54 
230 47 63 
215 46 33 
216 46 59 
218 46 69 
219 46 37 
202 44 31 
209 44 19 
216 41 46 
208 40 75 
221 40 41 
211 39 41 
198 35 69 
212 35 52 
230 35 42 
231 35 28 
206 34 53 
211 34 34 
212 34 88 
231 34 80 
202 33 68 
202 32 49 
203 32 61 
190 31 43 
190 30 79 
194 30 78 
215 29 46 
194 28 35 
204 28 43 
207 27 54 
211 27 67 
210 26 39 
208 25 33 
210 25 83 
211 25 59 
192 24 81 
198 24 45 
195 21 24 
209 21 59 
193 20 69 
198 20 28 
194 18 103 
195 18 47 
179 17 31 
187 17 61 
190 16 42 
196 16 22 
172 15 29 
172 14 47 
183 14 74 
196 14 41 
196 13 23 
192 10 75 
202 10 48 
203 10 47 
