154 235 27 
151 218 47 
173 218 47 
173 217 95 
162 216 39 
157 203 45 
156 201 56 
167 200 35 
174 193 37 
165 190 37 
180 183 13 
179 172 46 
174 156 41 
159 149 76 
161 140 50 
174 128 44 
166 121 22 
164 105 85 
178 91 82 
119 86 7 
178 79 49 
151 69 27 
180 66 40 
187 53 31 
178 44 62 
144 43 49 
160 42 78 
163 42 31 
160 41 63 
175 40 53 
176 40 60 
160 39 75 
176 39 49 
175 38 25 
164 37 41 
184 36 32 
160 34 78 
168 34 47 
151 33 28 
158 33 74 
169 32 42 
162 31 26 
154 30 35 
166 29 68 
183 29 65 
162 27 54 
163 27 13 
177 27 62 
159 26 35 
172 26 67 
163 25 82 
162 24 60 
183 24 51 
155 23 36 
156 23 48 
159 23 43 
174 23 56 
153 22 41 
177 22 38 
168 21 27 
174 21 68 
176 21 70 
151 20 61 
174 20 43 
161 18 37 
170 17 25 
183 17 68 
180 15 33 
13 13 9 
159 7 101 
159 3 4 
