167 200 58 
24 120 82 
25 117 48 
28 112 225 
29 112 75 
28 111 80 
33 105 52 
42 93 30 
47 92 74 
48 81 82 
46 78 69 
54 72 64 
55 59 49 
59 57 62 
69 53 79 
65 49 79 
78 46 65 
64 45 34 
75 42 44 
76 42 65 
83 41 26 
69 40 44 
74 40 46 
76 39 72 
79 39 38 
73 38 44 
81 38 94 
73 37 64 
74 37 42 
79 37 28 
84 37 17 
85 37 43 
73 36 54 
78 36 55 
79 36 40 
81 36 47 
71 35 35 
76 35 84 
79 35 49 
77 34 44 
78 34 29 
80 34 55 
81 34 34 
74 33 57 
76 33 62 
67 32 66 
72 32 46 
82 32 42 
77 31 100 
79 31 81 
74 30 50 
83 30 38 
78 29 107 
72 28 123 
81 28 25 
75 27 68 
76 27 58 
77 27 74 
93 27 64 
79 26 36 
92 26 47 
92 25 29 
83 24 60 
84 24 48 
79 20 89 
83 20 34 
88 17 62 
94 17 25 
94 16 48 
76 15 60 
