42 240 61 
28 235 57 
18 228 69 
32 226 43 
39 225 54 
33 221 54 
49 218 63 
28 216 98 
11 213 61 
9 212 34 
42 207 31 
12 205 64 
54 202 50 
167 200 131 
30 197 62 
31 197 59 
15 194 28 
27 194 30 
27 193 66 
29 193 77 
16 192 81 
26 190 31 
43 190 29 
51 189 32 
33 188 61 
44 178 54 
32 177 74 
47 174 26 
41 170 82 
63 169 36 
68 152 55 
58 151 27 
56 150 52 
44 149 60 
58 149 38 
75 147 42 
62 144 63 
56 143 41 
56 141 72 
67 141 36 
64 134 27 
90 134 35 
93 134 25 
55 133 70 
63 133 33 
41 131 43 
51 128 87 
51 127 85 
67 127 48 
59 124 42 
50 123 63 
62 123 66 
62 122 28 
42 120 46 
62 120 58 
65 120 43 
42 119 40 
65 119 104 
49 118 53 
72 118 65 
45 117 41 
47 117 49 
56 117 18 
72 117 57 
56 116 86 
71 116 75 
73 116 52 
82 116 58 
55 115 89 
76 114 62 
78 114 59 
47 113 41 
58 113 114 
62 113 35 
71 113 51 
46 111 72 
48 111 78 
50 111 82 
112 111 62 
47 110 46 
60 110 52 
46 109 57 
42 107 47 
64 107 32 
56 105 53 
104 105 59 
116 105 46 
43 104 28 
60 103 20 
108 103 60 
65 102 51 
67 102 37 
111 102 24 
60 100 71 
109 100 81 
55 98 65 
80 96 49 
76 95 62 
103 95 37 
101 89 82 
140 89 49 
101 87 43 
69 86 19 
99 83 50 
144 82 51 
72 81 54 
62 79 45 
71 78 37 
134 77 59 
82 74 60 
87 74 54 
123 73 85 
100 71 45 
114 71 54 
134 70 16 
134 69 45 
100 68 71 
159 68 62 
126 66 42 
70 65 38 
147 65 33 
56 64 48 
107 64 55 
75 62 70 
126 62 77 
102 60 54 
75 58 90 
128 58 52 
63 54 60 
71 53 39 
120 53 45 
135 53 34 
142 50 69 
150 50 73 
68 47 33 
119 47 65 
151 46 64 
76 45 55 
105 44 36 
130 43 84 
139 43 33 
72 42 62 
132 42 34 
136 42 73 
138 41 69 
148 41 79 
60 40 87 
129 40 36 
106 39 61 
69 38 63 
110 38 62 
69 37 84 
159 36 68 
132 34 93 
133 34 88 
125 33 76 
136 33 22 
159 33 57 
122 32 57 
129 32 61 
142 32 28 
141 31 54 
66 30 53 
108 30 62 
139 30 23 
147 30 52 
149 29 51 
125 28 9 
126 28 41 
128 28 49 
133 28 27 
83 27 53 
138 27 70 
132 26 62 
157 26 33 
147 24 74 
123 23 50 
137 23 46 
175 23 69 
143 22 45 
144 22 86 
160 22 39 
136 21 67 
139 21 46 
144 21 73 
148 21 94 
80 20 85 
136 20 29 
118 19 84 
119 19 43 
141 19 25 
120 18 42 
122 18 54 
138 18 40 
138 17 73 
145 17 75 
114 16 25 
143 16 59 
89 15 69 
146 14 44 
139 13 33 
166 13 38 
122 12 45 
129 12 54 
137 12 36 
83 11 68 
84 11 63 
140 11 69 
141 11 46 
148 11 43 
83 10 25 
121 10 61 
112 8 32 
