153 236 83 
153 235 40 
129 234 60 
126 232 64 
133 231 51 
149 230 95 
136 229 38 
152 228 38 
113 227 53 
131 227 40 
146 225 59 
127 224 12 
135 224 57 
164 223 32 
179 223 26 
180 223 34 
178 222 71 
126 221 60 
132 221 78 
179 221 40 
42 220 74 
159 220 85 
172 220 29 
105 219 31 
156 218 111 
213 218 48 
164 217 75 
165 217 37 
170 217 40 
77 216 28 
169 216 69 
151 215 66 
165 215 80 
172 215 46 
145 214 70 
143 213 33 
179 213 45 
189 213 57 
197 212 46 
152 210 62 
173 210 40 
174 210 47 
179 209 35 
138 208 40 
140 208 66 
156 208 44 
166 208 80 
179 207 126 
142 206 42 
169 206 75 
174 206 30 
189 206 43 
165 205 31 
150 204 59 
168 204 61 
184 204 55 
224 204 58 
130 203 79 
173 203 61 
133 202 52 
148 202 57 
151 202 48 
158 202 68 
165 202 66 
130 201 49 
141 201 65 
194 201 78 
197 201 55 
123 200 44 
130 200 42 
167 200 111 
172 200 52 
137 199 52 
175 199 19 
214 199 59 
217 198 48 
86 197 48 
165 197 59 
177 197 54 
121 196 59 
137 196 71 
143 196 37 
144 196 128 
160 196 84 
167 196 75 
132 195 6 
145 195 83 
187 194 84 
210 194 68 
139 193 66 
184 193 34 
159 192 48 
201 192 39 
191 191 44 
44 190 65 
165 190 81 
176 190 34 
190 190 79 
208 190 28 
173 189 29 
208 189 55 
155 188 36 
200 188 60 
162 187 44 
163 187 56 
166 187 27 
123 185 47 
138 185 40 
162 185 5 
164 185 69 
166 185 21 
182 185 33 
143 183 48 
148 183 48 
159 183 78 
238 183 21 
190 182 53 
191 181 70 
157 180 56 
158 180 57 
159 180 37 
167 180 68 
131 179 98 
148 179 67 
158 179 71 
159 179 60 
176 179 38 
191 179 33 
126 178 58 
158 178 58 
184 178 57 
187 178 26 
188 178 42 
156 177 62 
158 177 46 
160 177 46 
177 177 14 
178 177 29 
189 177 80 
197 177 35 
160 176 37 
177 175 49 
185 175 57 
203 175 14 
158 174 120 
175 174 18 
201 174 51 
150 172 47 
178 172 56 
123 171 22 
162 171 85 
196 171 58 
145 170 30 
202 170 82 
203 170 35 
183 169 51 
172 168 51 
178 168 64 
205 167 41 
203 166 72 
176 163 79 
177 160 85 
148 159 61 
204 159 65 
118 158 81 
117 157 44 
117 156 74 
132 156 24 
115 155 48 
196 153 26 
158 150 50 
178 150 70 
197 149 55 
175 147 76 
156 142 30 
