156 242 84 
167 240 49 
153 237 18 
159 237 59 
152 236 25 
156 236 34 
162 236 79 
173 233 65 
167 232 67 
153 231 52 
156 231 37 
172 231 48 
177 231 25 
177 230 71 
149 229 49 
160 229 54 
165 229 47 
140 228 61 
156 228 96 
163 228 86 
149 227 57 
164 226 65 
152 225 14 
158 225 26 
166 225 39 
162 224 67 
163 224 69 
146 223 53 
159 223 69 
158 221 114 
154 220 30 
159 219 50 
170 218 71 
157 217 84 
149 216 44 
156 215 52 
157 215 69 
152 213 15 
161 210 75 
167 200 26 
182 193 5 
179 191 82 
174 190 13 
178 190 70 
182 189 43 
187 187 37 
189 185 54 
191 183 24 
197 176 76 
189 168 34 
191 167 55 
205 156 70 
205 155 30 
185 154 23 
193 153 52 
229 148 29 
227 139 62 
226 136 103 
217 131 53 
226 131 49 
227 131 56 
215 130 42 
216 130 94 
226 130 45 
234 129 50 
235 128 23 
219 125 35 
221 123 51 
237 123 76 
219 122 74 
216 120 65 
205 119 80 
230 118 29 
240 117 55 
220 116 112 
218 112 49 
224 111 56 
220 105 26 
225 101 42 
