77 242 29 
83 241 54 
33 240 12 
65 239 62 
46 238 17 
36 235 31 
88 235 53 
89 235 36 
80 234 72 
43 233 9 
66 233 65 
69 233 64 
101 233 30 
94 231 50 
17 230 77 
60 230 41 
17 229 38 
91 229 29 
31 228 12 
42 228 48 
53 228 81 
67 228 56 
73 228 49 
75 228 70 
50 226 58 
52 226 84 
74 226 76 
78 226 96 
46 225 37 
40 224 58 
64 224 35 
71 224 82 
73 224 47 
74 224 42 
51 223 51 
52 223 45 
74 223 111 
73 221 58 
38 220 47 
81 220 67 
71 219 50 
66 218 39 
40 216 40 
41 216 37 
85 216 42 
48 214 57 
51 214 81 
62 214 52 
75 214 50 
53 213 21 
58 213 23 
79 209 103 
12 208 43 
34 208 73 
27 203 52 
48 202 44 
45 201 59 
167 200 70 
45 199 69 
44 198 22 
30 193 36 
62 192 60 
24 191 42 
33 191 50 
43 191 26 
31 190 32 
16 188 39 
31 188 74 
45 188 61 
43 187 57 
59 185 62 
49 184 61 
54 183 30 
48 182 18 
52 182 75 
27 180 38 
36 174 35 
44 172 33 
36 168 28 
37 168 67 
15 167 70 
13 164 37 
30 164 29 
47 162 52 
46 158 60 
37 157 54 
47 157 39 
74 157 54 
29 156 43 
42 156 74 
15 153 42 
51 152 71 
52 149 48 
34 148 51 
55 146 26 
41 145 38 
50 145 38 
41 144 23 
67 144 64 
68 144 60 
59 139 38 
62 136 47 
55 135 56 
56 135 38 
36 133 51 
55 133 36 
42 132 65 
51 128 73 
72 127 21 
71 126 70 
72 126 83 
75 126 58 
42 125 56 
72 125 85 
73 125 38 
75 125 26 
15 124 17 
63 124 36 
60 123 12 
43 120 64 
46 116 32 
18 115 63 
51 114 43 
23 113 45 
15 112 45 
22 112 68 
33 109 80 
40 109 57 
36 106 36 
37 106 37 
38 106 44 
49 106 57 
50 105 37 
61 105 68 
44 104 58 
54 104 70 
79 104 37 
27 102 36 
51 102 91 
42 101 43 
25 100 35 
70 100 50 
13 96 73 
73 94 67 
29 93 77 
51 93 62 
70 91 42 
51 88 30 
17 86 52 
62 85 71 
63 85 95 
64 85 46 
41 84 19 
65 84 64 
44 83 43 
55 82 60 
57 82 69 
30 81 48 
35 80 59 
34 79 48 
36 79 91 
46 79 74 
36 78 31 
55 77 52 
54 76 45 
52 72 58 
58 71 62 
78 71 89 
24 69 36 
31 69 57 
39 69 36 
40 69 33 
41 69 65 
77 69 40 
24 68 70 
25 67 71 
42 67 47 
42 66 31 
48 66 34 
62 64 78 
41 63 49 
46 61 74 
71 61 10 
65 60 64 
47 59 30 
71 59 48 
72 59 97 
32 58 15 
61 57 27 
22 56 57 
83 56 58 
19 54 37 
44 54 30 
73 53 92 
51 52 33 
52 52 18 
48 51 60 
39 50 90 
51 50 73 
54 49 35 
28 48 86 
38 43 16 
53 42 48 
57 40 71 
67 40 52 
37 37 10 
59 36 47 
33 35 33 
63 32 55 
63 31 34 
95 30 52 
100 28 94 
59 25 46 
56 24 42 
73 19 58 
50 16 47 
89 10 34 
