24 236 45 
26 236 78 
27 236 65 
22 234 48 
40 230 87 
38 228 36 
40 227 22 
53 227 49 
26 226 56 
27 226 58 
39 226 31 
23 225 57 
38 224 23 
39 222 27 
49 207 20 
35 205 50 
167 200 11 
41 196 48 
35 192 54 
61 188 16 
30 187 46 
38 178 78 
30 177 76 
38 176 36 
35 167 31 
35 166 71 
43 157 37 
30 153 46 
46 150 103 
16 139 70 
17 138 92 
18 138 30 
18 137 66 
38 137 51 
31 133 85 
32 133 63 
49 133 38 
42 132 51 
45 128 48 
44 123 103 
23 121 30 
43 120 41 
43 118 44 
32 114 30 
40 112 80 
58 112 30 
21 109 40 
22 109 76 
60 109 61 
53 108 66 
60 107 67 
66 107 41 
48 106 78 
60 106 38 
31 105 87 
48 105 49 
66 104 29 
67 104 84 
65 103 25 
66 103 85 
67 103 33 
68 103 60 
39 102 23 
66 102 68 
68 102 35 
45 100 56 
29 99 50 
43 98 55 
32 97 61 
45 97 35 
46 97 123 
47 97 74 
21 96 46 
55 96 50 
15 95 57 
53 95 33 
23 94 100 
31 94 41 
35 94 44 
59 94 27 
48 93 55 
50 92 49 
59 92 32 
69 91 34 
50 90 42 
58 90 34 
61 90 60 
48 89 61 
50 89 77 
52 89 74 
56 89 37 
67 89 75 
32 88 50 
56 88 52 
59 88 44 
61 88 65 
62 87 55 
26 86 64 
38 86 22 
39 86 51 
44 86 63 
45 86 34 
51 86 34 
37 85 72 
44 85 60 
43 84 67 
53 84 73 
75 84 37 
36 83 41 
51 83 66 
61 83 91 
57 82 44 
48 81 40 
55 80 33 
61 80 29 
49 79 63 
56 79 25 
35 78 36 
40 78 55 
61 78 49 
81 78 36 
62 77 12 
63 77 70 
64 77 51 
69 77 53 
55 76 27 
38 74 54 
46 74 20 
75 74 15 
55 73 22 
13 72 41 
52 72 45 
53 72 62 
55 72 60 
59 72 51 
39 71 61 
53 71 27 
58 71 63 
59 71 138 
58 70 41 
46 69 30 
63 68 34 
38 67 18 
52 67 41 
35 65 43 
24 63 35 
64 60 25 
42 58 49 
64 58 57 
52 56 57 
50 55 56 
71 54 81 
59 53 84 
78 52 38 
51 36 45 
75 34 11 
54 23 52 
55 23 62 
70 14 47 
54 11 18 
76 5 41 
76 4 26 
