153 242 62 
156 239 10 
168 233 48 
156 232 86 
166 232 7 
155 231 23 
159 231 83 
165 231 30 
164 230 82 
166 228 59 
151 226 51 
158 226 38 
170 225 84 
165 224 42 
175 224 26 
145 223 32 
156 222 77 
163 221 53 
167 220 30 
158 219 34 
156 217 48 
164 217 115 
166 217 70 
161 216 24 
154 215 54 
167 214 59 
156 213 10 
160 213 22 
161 213 61 
165 211 48 
159 210 68 
166 210 72 
172 210 45 
161 208 20 
164 208 45 
168 207 71 
156 206 27 
164 206 36 
165 206 83 
156 205 38 
160 205 45 
163 205 88 
180 205 27 
161 204 15 
177 204 24 
166 203 83 
158 202 85 
160 202 76 
164 202 67 
166 202 84 
167 202 93 
168 202 51 
172 202 54 
173 202 47 
158 201 38 
164 201 56 
176 201 36 
162 200 75 
167 200 82 
170 200 12 
171 200 23 
181 200 11 
188 200 56 
166 199 24 
174 199 89 
157 198 82 
166 198 80 
176 198 92 
164 197 52 
174 197 57 
160 196 25 
161 196 55 
167 195 42 
169 195 54 
158 194 45 
163 194 38 
171 194 94 
173 194 58 
174 194 65 
182 194 22 
165 193 21 
172 193 52 
173 193 30 
158 191 36 
165 191 62 
182 191 35 
184 191 91 
186 189 7 
195 189 82 
182 188 62 
183 188 28 
169 187 59 
170 187 51 
182 187 43 
200 187 22 
170 186 21 
171 185 11 
180 185 18 
191 185 57 
176 184 36 
177 183 68 
167 182 42 
178 182 25 
188 182 51 
189 182 89 
182 181 45 
187 181 37 
191 181 40 
195 181 65 
182 180 20 
185 179 95 
185 178 34 
187 178 42 
231 178 53 
172 177 41 
188 177 91 
179 176 23 
184 176 76 
187 176 45 
191 176 74 
192 176 59 
182 175 44 
191 175 49 
193 175 69 
200 175 70 
222 175 109 
180 174 74 
186 174 33 
188 174 54 
191 174 87 
198 174 26 
222 174 14 
172 173 36 
188 173 15 
194 173 49 
201 173 16 
215 173 82 
180 172 38 
181 172 54 
187 172 83 
189 172 29 
190 172 41 
194 172 22 
199 172 59 
200 172 92 
201 172 79 
204 172 98 
209 172 46 
180 171 61 
189 171 69 
190 171 53 
191 171 62 
199 171 20 
224 171 17 
179 170 22 
191 170 78 
193 170 45 
196 170 29 
203 170 34 
205 170 96 
208 170 48 
216 170 51 
182 169 49 
190 169 52 
203 169 55 
205 169 61 
223 169 116 
224 169 57 
176 168 6 
180 168 54 
190 168 17 
195 168 42 
212 168 9 
221 168 22 
229 168 23 
187 167 76 
191 167 22 
192 167 6 
195 167 71 
197 167 17 
199 167 12 
201 167 23 
213 167 27 
182 166 128 
187 166 49 
194 166 78 
195 166 36 
208 166 38 
210 166 28 
211 166 19 
230 166 100 
231 166 44 
181 165 17 
186 165 19 
187 165 65 
193 165 42 
195 165 53 
177 164 71 
184 164 48 
194 164 47 
195 164 62 
197 164 34 
224 164 84 
230 164 27 
233 164 30 
171 163 50 
186 163 21 
189 163 22 
193 163 5 
201 163 118 
204 163 89 
206 163 19 
213 163 99 
215 163 33 
223 163 51 
191 162 131 
194 162 70 
195 162 87 
201 162 57 
206 162 37 
216 162 46 
220 162 54 
182 161 11 
184 161 65 
187 161 28 
188 161 122 
191 161 52 
192 161 57 
195 161 56 
198 161 77 
203 161 6 
204 161 86 
205 161 23 
208 161 60 
216 161 67 
230 161 49 
231 161 23 
183 160 67 
185 160 62 
186 160 32 
188 160 72 
191 160 24 
192 160 11 
195 160 48 
196 160 38 
197 160 55 
199 160 57 
200 160 14 
203 160 57 
206 160 68 
221 160 21 
225 160 95 
228 160 65 
232 160 30 
176 159 58 
178 159 53 
180 159 60 
183 159 65 
185 159 28 
186 159 57 
188 159 93 
192 159 50 
199 159 98 
200 159 67 
203 159 39 
204 159 27 
209 159 68 
212 159 31 
218 159 135 
221 159 22 
225 159 24 
228 159 13 
229 159 49 
236 159 33 
239 159 100 
240 159 28 
172 158 52 
175 158 51 
187 158 90 
188 158 96 
189 158 20 
190 158 48 
192 158 110 
195 158 41 
197 158 104 
198 158 16 
199 158 83 
200 158 48 
201 158 15 
207 158 75 
211 158 81 
214 158 66 
215 158 54 
217 158 60 
222 158 53 
227 158 67 
228 158 18 
237 158 46 
174 157 63 
189 157 74 
190 157 45 
191 157 63 
194 157 58 
195 157 65 
196 157 62 
199 157 52 
200 157 21 
202 157 22 
203 157 51 
213 157 51 
215 157 46 
218 157 36 
224 157 62 
227 157 28 
229 157 49 
234 157 59 
177 156 47 
184 156 67 
185 156 13 
187 156 85 
188 156 49 
189 156 90 
193 156 49 
197 156 25 
215 156 70 
220 156 54 
225 156 25 
229 156 24 
186 155 69 
191 155 53 
193 155 17 
199 155 83 
200 155 60 
201 155 103 
203 155 87 
206 155 12 
209 155 62 
210 155 68 
212 155 40 
218 155 60 
228 155 44 
233 155 95 
237 155 42 
238 155 52 
241 155 24 
242 155 3 
188 154 56 
195 154 48 
196 154 25 
202 154 68 
205 154 66 
210 154 23 
213 154 46 
217 154 40 
218 154 55 
221 154 110 
222 154 70 
223 154 106 
224 154 30 
229 154 43 
231 154 21 
234 154 62 
243 154 50 
188 153 21 
197 153 52 
199 153 87 
200 153 66 
203 153 43 
213 153 33 
216 153 16 
220 153 34 
221 153 68 
223 153 52 
224 153 46 
225 153 31 
229 153 84 
232 153 21 
233 153 28 
192 152 76 
195 152 20 
198 152 75 
200 152 41 
201 152 72 
203 152 150 
206 152 26 
210 152 44 
211 152 98 
213 152 22 
214 152 63 
215 152 82 
218 152 31 
220 152 77 
222 152 57 
224 152 45 
226 152 42 
228 152 77 
230 152 116 
231 152 82 
232 152 85 
234 152 67 
181 151 20 
193 151 82 
194 151 71 
195 151 125 
196 151 31 
199 151 53 
208 151 29 
209 151 23 
210 151 22 
212 151 60 
213 151 89 
219 151 52 
221 151 68 
223 151 20 
224 151 59 
225 151 24 
228 151 60 
229 151 25 
230 151 103 
236 151 48 
238 151 43 
245 151 23 
190 150 34 
193 150 103 
195 150 122 
196 150 23 
201 150 26 
206 150 19 
208 150 17 
211 150 16 
212 150 23 
216 150 62 
217 150 16 
231 150 23 
233 150 92 
235 150 39 
236 150 34 
238 150 40 
239 150 72 
176 149 63 
190 149 69 
192 149 24 
197 149 53 
198 149 55 
200 149 47 
207 149 17 
213 149 77 
218 149 37 
219 149 60 
221 149 14 
223 149 63 
225 149 55 
226 149 29 
227 149 29 
233 149 34 
236 149 41 
238 149 73 
240 149 61 
245 149 94 
193 148 59 
194 148 16 
197 148 59 
199 148 29 
205 148 50 
209 148 9 
211 148 111 
213 148 46 
215 148 76 
216 148 67 
218 148 33 
220 148 74 
222 148 93 
224 148 7 
226 148 36 
228 148 40 
229 148 48 
230 148 54 
232 148 100 
236 148 76 
237 148 66 
242 148 49 
244 148 26 
185 147 68 
197 147 52 
205 147 70 
210 147 23 
218 147 13 
221 147 95 
223 147 85 
224 147 93 
231 147 20 
233 147 63 
239 147 114 
243 147 46 
245 147 82 
188 146 52 
193 146 51 
204 146 57 
209 146 53 
211 146 71 
212 146 17 
214 146 42 
216 146 106 
217 146 43 
219 146 64 
220 146 101 
222 146 43 
225 146 119 
226 146 59 
227 146 56 
228 146 59 
231 146 82 
232 146 26 
233 146 120 
234 146 29 
236 146 105 
237 146 47 
239 146 88 
244 146 97 
183 145 20 
192 145 53 
200 145 81 
204 145 91 
213 145 41 
214 145 73 
218 145 51 
225 145 30 
226 145 137 
228 145 26 
229 145 15 
230 145 6 
233 145 17 
236 145 35 
197 144 17 
202 144 41 
204 144 104 
208 144 35 
215 144 14 
216 144 18 
218 144 18 
222 144 60 
223 144 46 
224 144 70 
229 144 87 
232 144 3 
233 144 59 
235 144 52 
197 143 21 
200 143 49 
202 143 55 
205 143 17 
206 143 72 
207 143 43 
208 143 57 
209 143 14 
212 143 83 
213 143 47 
214 143 27 
218 143 102 
219 143 126 
225 143 92 
226 143 11 
228 143 68 
229 143 42 
230 143 41 
231 143 16 
232 143 23 
233 143 70 
234 143 56 
239 143 31 
240 143 63 
241 143 47 
185 142 60 
199 142 62 
209 142 26 
212 142 49 
214 142 39 
215 142 103 
216 142 12 
223 142 16 
229 142 43 
230 142 44 
231 142 15 
232 142 66 
233 142 71 
237 142 85 
238 142 49 
204 141 50 
206 141 26 
207 141 64 
209 141 31 
212 141 65 
214 141 40 
219 141 74 
220 141 67 
222 141 72 
223 141 45 
224 141 27 
226 141 42 
227 141 24 
230 141 27 
233 141 93 
234 141 15 
240 141 29 
242 141 77 
201 140 50 
202 140 54 
205 140 90 
211 140 70 
212 140 29 
213 140 62 
216 140 49 
218 140 70 
221 140 47 
223 140 38 
224 140 11 
225 140 91 
226 140 92 
229 140 42 
230 140 19 
233 140 77 
236 140 87 
244 140 78 
185 139 23 
192 139 46 
194 139 64 
209 139 64 
214 139 83 
219 139 11 
221 139 74 
223 139 65 
225 139 57 
226 139 84 
227 139 42 
228 139 68 
234 139 19 
235 139 55 
237 139 45 
242 139 33 
244 139 21 
193 138 41 
198 138 39 
203 138 25 
209 138 17 
210 138 84 
211 138 36 
213 138 22 
221 138 74 
222 138 22 
224 138 74 
227 138 44 
230 138 48 
231 138 62 
233 138 62 
239 138 104 
244 138 19 
188 137 41 
198 137 55 
206 137 57 
211 137 18 
213 137 44 
223 137 29 
226 137 34 
229 137 23 
231 137 85 
235 137 86 
236 137 78 
241 137 40 
243 137 21 
244 137 73 
179 136 61 
211 136 60 
215 136 43 
221 136 33 
229 136 29 
233 136 53 
234 136 89 
240 136 46 
213 135 68 
214 135 25 
216 135 48 
217 135 15 
228 135 67 
229 135 79 
234 135 91 
241 135 90 
207 134 56 
208 134 36 
210 134 23 
216 134 85 
225 134 62 
226 134 64 
228 134 18 
231 134 87 
233 134 85 
237 134 69 
214 133 23 
216 133 26 
229 133 100 
232 133 79 
233 133 36 
212 132 71 
213 132 59 
215 132 13 
221 132 72 
223 132 87 
224 132 93 
226 132 89 
231 132 43 
236 132 38 
237 132 32 
239 132 47 
242 132 74 
195 131 38 
205 131 68 
207 131 77 
215 131 15 
226 131 19 
227 131 55 
228 131 44 
229 131 80 
235 131 46 
240 131 38 
197 130 15 
210 130 13 
215 130 31 
216 130 78 
223 130 47 
230 130 68 
240 130 54 
200 129 34 
221 129 34 
224 129 26 
226 129 21 
231 129 63 
221 128 48 
231 128 48 
235 128 70 
242 128 47 
244 128 29 
198 127 56 
226 127 65 
230 127 70 
231 127 60 
198 126 43 
201 126 26 
209 126 20 
210 126 92 
242 126 24 
243 126 34 
195 125 62 
227 125 19 
221 124 45 
236 124 54 
228 123 18 
204 122 20 
213 122 59 
223 122 77 
235 122 46 
241 122 51 
222 118 35 
233 116 52 
