167 200 79 
14 155 69 
38 151 60 
41 139 43 
40 122 36 
49 120 55 
34 110 40 
50 109 85 
57 108 36 
38 106 22 
30 103 114 
31 103 50 
39 103 54 
31 100 40 
44 99 139 
39 98 58 
43 98 57 
51 97 12 
46 91 32 
28 90 49 
85 77 90 
40 76 31 
58 71 57 
62 70 22 
83 70 75 
87 65 23 
91 64 62 
77 61 35 
53 60 32 
48 56 41 
49 55 67 
50 53 82 
55 53 33 
84 50 21 
75 49 13 
85 48 40 
68 44 87 
68 43 46 
58 42 26 
69 33 20 
74 28 66 
113 26 48 
54 19 92 
91 19 62 
86 17 37 
97 17 68 
111 17 76 
111 16 51 
88 15 74 
89 15 64 
112 14 44 
122 11 23 
123 11 20 
