167 200 67 
11 190 29 
12 190 27 
10 174 66 
14 172 64 
22 153 39 
22 141 70 
24 126 51 
25 126 37 
24 124 23 
29 121 45 
28 116 18 
29 116 91 
21 114 50 
25 114 35 
27 112 41 
33 112 19 
26 111 20 
31 111 18 
23 110 40 
28 110 58 
29 110 40 
30 110 41 
31 110 69 
33 110 60 
36 110 61 
28 109 72 
37 109 71 
30 108 59 
33 108 58 
28 107 87 
29 107 86 
31 107 58 
32 107 66 
33 107 115 
28 106 96 
29 106 108 
30 106 106 
31 106 107 
32 106 73 
33 106 106 
34 106 103 
36 106 86 
37 106 37 
26 105 38 
28 105 29 
29 105 68 
30 105 75 
31 105 156 
32 105 86 
33 105 86 
35 105 150 
36 105 38 
30 104 60 
31 104 119 
32 104 125 
33 104 91 
34 104 91 
35 104 99 
36 104 86 
24 103 41 
27 103 18 
29 103 81 
30 103 194 
31 103 131 
32 103 143 
34 103 110 
35 103 85 
36 103 41 
40 103 55 
24 102 29 
25 102 30 
26 102 28 
28 102 75 
29 102 121 
30 102 99 
31 102 54 
33 102 86 
35 102 24 
36 102 49 
28 101 81 
29 101 16 
30 101 74 
31 101 43 
32 101 92 
33 101 90 
34 101 65 
37 101 25 
28 100 59 
30 100 46 
35 100 21 
38 100 50 
27 99 54 
31 99 49 
41 99 54 
34 98 46 
42 84 43 
53 1 59 
