167 200 43 
230 189 92 
232 187 48 
207 186 85 
222 176 63 
227 172 51 
234 170 71 
237 165 95 
242 158 63 
232 152 105 
211 151 51 
209 150 52 
226 147 57 
207 146 15 
208 146 26 
207 145 105 
210 145 61 
207 144 40 
197 143 43 
213 143 38 
233 142 81 
226 140 31 
240 140 94 
193 136 65 
213 136 41 
232 136 20 
229 131 24 
195 126 86 
207 126 49 
208 124 42 
213 122 11 
213 118 27 
217 116 52 
227 114 45 
153 113 44 
196 113 56 
212 113 47 
235 109 60 
192 96 77 
206 96 51 
221 91 40 
163 81 46 
186 80 26 
185 79 29 
153 58 73 
168 53 21 
129 51 75 
101 38 22 
91 32 29 
112 23 55 
105 22 45 
134 20 69 
150 20 87 
151 19 30 
175 19 68 
125 18 48 
147 15 35 
112 11 54 
142 6 98 
