73 240 53 
75 238 34 
71 233 70 
86 233 62 
71 231 9 
71 226 58 
41 224 44 
69 224 55 
66 221 31 
101 221 22 
96 217 65 
69 213 57 
33 201 56 
36 200 79 
49 200 55 
88 200 67 
167 200 56 
50 198 75 
78 196 61 
32 190 16 
58 188 56 
59 188 51 
45 186 26 
100 185 55 
96 183 56 
44 179 82 
52 171 57 
48 164 50 
21 161 73 
62 161 72 
12 156 22 
14 154 88 
36 154 18 
41 154 62 
17 152 45 
54 152 74 
25 151 36 
52 149 51 
10 148 65 
22 147 29 
34 139 47 
32 138 57 
29 137 48 
46 137 30 
33 136 36 
72 133 59 
19 129 39 
24 124 49 
24 123 30 
25 123 49 
47 123 33 
22 122 60 
23 122 108 
13 121 57 
23 121 32 
40 120 32 
18 116 66 
63 114 70 
52 113 42 
12 110 41 
64 108 70 
34 105 95 
15 102 42 
40 87 45 
