65 239 54 
83 238 33 
59 233 42 
71 231 34 
63 229 21 
84 229 21 
127 228 45 
80 227 47 
76 224 63 
94 224 50 
43 223 51 
112 220 27 
107 218 66 
113 218 41 
95 217 45 
114 217 79 
121 217 70 
84 216 29 
77 215 35 
80 215 25 
27 214 24 
63 214 78 
64 214 49 
86 214 84 
72 213 59 
91 213 18 
92 213 80 
105 213 26 
99 212 81 
76 211 65 
85 211 23 
94 210 47 
76 209 59 
110 209 60 
79 208 62 
88 208 40 
89 208 89 
90 208 91 
67 207 41 
77 206 54 
83 206 35 
86 206 83 
78 205 46 
89 205 23 
112 205 46 
94 204 38 
87 203 30 
94 203 61 
98 203 121 
89 202 37 
110 202 36 
60 200 36 
82 200 64 
167 200 25 
63 199 70 
95 199 87 
101 199 64 
104 199 51 
41 198 77 
82 198 98 
89 198 85 
79 197 46 
93 197 39 
105 196 30 
75 195 46 
95 195 56 
99 195 36 
110 195 89 
137 195 43 
71 194 69 
72 194 22 
64 193 65 
88 193 57 
89 193 51 
90 193 72 
62 192 41 
90 192 22 
92 191 76 
93 191 75 
102 191 6 
103 191 75 
104 191 47 
81 190 40 
85 190 44 
110 190 59 
72 189 80 
78 189 23 
65 188 57 
67 188 69 
76 188 54 
82 188 56 
96 188 37 
101 188 47 
105 188 80 
106 188 21 
112 188 101 
68 187 53 
84 187 47 
96 187 56 
101 187 23 
103 187 113 
79 186 34 
80 186 49 
90 186 33 
54 185 79 
95 185 21 
104 185 18 
105 185 71 
81 184 87 
82 184 76 
57 183 39 
77 183 78 
53 182 30 
73 182 75 
77 182 57 
81 182 27 
92 182 29 
68 180 97 
75 180 12 
77 180 57 
80 180 96 
82 180 29 
86 180 127 
92 180 64 
69 179 60 
75 179 62 
96 179 63 
73 178 11 
101 177 60 
130 177 76 
78 176 31 
99 176 53 
54 174 73 
88 174 98 
87 173 17 
94 173 70 
83 171 66 
82 170 73 
95 169 28 
79 168 17 
87 168 61 
123 168 62 
55 166 38 
56 165 56 
88 165 56 
79 161 16 
80 161 35 
67 160 48 
80 160 59 
93 160 79 
80 159 17 
81 159 86 
93 159 51 
96 159 93 
80 157 55 
84 156 45 
86 155 26 
87 154 43 
89 154 54 
44 151 44 
76 149 26 
52 148 57 
120 148 62 
42 146 38 
44 144 27 
99 143 26 
97 141 55 
84 136 41 
73 135 59 
82 135 55 
75 133 22 
18 132 84 
89 128 45 
65 125 73 
69 125 64 
90 124 61 
40 120 35 
66 118 15 
55 104 31 
54 103 80 
65 101 34 
77 101 19 
66 100 64 
73 100 75 
82 100 34 
56 98 66 
108 96 46 
39 94 44 
66 94 73 
76 92 53 
59 91 39 
59 90 26 
65 88 82 
94 88 53 
54 83 60 
65 83 96 
41 81 64 
81 81 40 
97 81 73 
52 80 80 
55 80 80 
35 79 62 
55 79 82 
56 79 28 
111 79 71 
52 76 62 
71 76 37 
56 75 33 
69 74 41 
53 72 82 
48 71 124 
37 70 46 
48 69 59 
85 64 23 
73 62 60 
60 61 30 
79 57 59 
27 56 24 
44 54 53 
56 53 72 
81 51 64 
72 50 64 
72 49 40 
59 48 57 
40 42 45 
49 42 53 
50 40 76 
58 38 22 
35 33 43 
50 31 55 
54 31 29 
55 31 33 
53 30 54 
42 21 56 
59 20 38 
70 14 77 
71 13 87 
44 3 54 
