22 239 38 
19 231 63 
13 230 22 
13 225 42 
10 223 80 
13 223 19 
12 221 39 
12 220 70 
13 220 66 
44 220 81 
12 218 57 
25 216 60 
26 215 32 
30 215 74 
21 213 24 
34 204 34 
167 200 72 
40 184 68 
67 167 68 
54 166 77 
55 166 39 
59 165 37 
58 163 39 
70 161 56 
63 160 49 
75 160 84 
52 155 101 
58 154 73 
79 153 94 
45 152 76 
65 150 63 
74 150 72 
66 149 67 
52 143 95 
66 143 73 
76 143 68 
63 142 60 
74 142 22 
62 141 65 
74 141 94 
75 141 33 
83 140 41 
76 139 54 
58 138 36 
60 138 71 
70 138 46 
91 138 46 
71 137 31 
43 135 54 
44 135 46 
65 135 45 
43 134 42 
44 134 87 
60 134 63 
41 133 45 
63 132 40 
59 131 54 
62 131 35 
66 129 45 
69 129 76 
72 128 100 
72 127 46 
57 126 84 
69 126 55 
81 126 46 
55 125 87 
58 125 101 
68 124 74 
73 123 52 
74 123 60 
54 122 44 
59 122 27 
53 120 66 
54 120 44 
62 120 28 
83 120 75 
55 119 69 
55 118 66 
52 116 41 
53 116 50 
90 106 58 
98 106 45 
82 105 65 
86 102 37 
94 102 40 
88 101 43 
91 100 80 
95 100 25 
102 99 42 
81 95 46 
92 95 65 
106 94 76 
96 93 47 
87 91 16 
96 91 25 
107 91 67 
108 91 43 
109 91 38 
97 89 48 
98 89 32 
104 89 62 
105 89 38 
107 89 24 
84 88 39 
80 86 53 
81 86 104 
96 86 21 
101 86 49 
104 86 51 
75 85 46 
100 85 43 
96 83 78 
102 83 17 
90 82 57 
101 82 63 
102 82 41 
99 74 46 
94 71 74 
113 69 90 
114 69 51 
137 69 53 
100 68 32 
113 68 32 
104 67 102 
98 66 84 
93 65 54 
130 60 42 
116 59 13 
111 56 35 
111 53 66 
110 44 56 
119 43 85 
139 40 51 
117 37 37 
122 35 69 
129 30 32 
154 27 54 
125 26 54 
153 23 9 
154 23 28 
135 11 48 
151 10 60 
145 7 73 
