167 200 118 
88 175 34 
58 170 114 
27 168 54 
37 168 68 
74 167 63 
68 166 17 
74 166 69 
65 163 71 
205 163 30 
50 162 85 
38 161 64 
50 161 92 
51 161 12 
165 161 52 
49 160 43 
66 160 42 
59 157 29 
60 155 82 
35 154 67 
53 154 46 
74 153 5 
78 153 40 
82 153 62 
126 153 52 
83 152 55 
106 152 45 
46 151 35 
58 151 58 
58 149 45 
147 148 29 
40 147 65 
66 146 42 
165 146 42 
171 146 72 
29 144 32 
53 144 63 
32 143 73 
38 143 88 
163 143 32 
59 142 48 
65 142 78 
65 141 41 
66 141 68 
67 141 85 
68 141 74 
58 140 85 
65 140 31 
66 140 16 
56 139 12 
66 139 51 
188 139 33 
68 138 50 
179 138 6 
57 136 24 
58 136 50 
40 135 57 
62 135 29 
48 134 33 
187 134 27 
153 132 29 
168 131 37 
167 130 45 
189 130 36 
191 130 69 
28 128 33 
181 127 62 
221 127 84 
154 124 70 
208 120 49 
63 119 56 
65 119 74 
72 119 57 
34 117 53 
90 114 96 
170 114 73 
181 102 75 
