183 223 24 
184 223 60 
185 223 46 
154 222 65 
161 220 85 
181 219 18 
163 218 37 
173 218 62 
181 217 44 
175 216 39 
171 213 34 
178 213 81 
161 211 37 
184 209 116 
157 205 11 
120 201 77 
167 200 71 
121 198 80 
134 198 101 
120 197 23 
146 188 33 
157 188 46 
166 188 67 
122 187 55 
139 187 30 
117 177 57 
110 174 31 
111 173 42 
112 171 58 
87 168 34 
85 165 36 
100 165 36 
116 165 72 
101 164 38 
93 161 26 
89 156 57 
89 155 51 
96 153 49 
113 153 26 
94 147 32 
87 146 62 
120 145 33 
85 142 59 
91 140 38 
104 138 68 
101 136 39 
76 135 55 
65 134 28 
85 131 51 
33 125 86 
49 116 32 
22 109 30 
35 106 49 
61 106 77 
31 104 57 
33 103 18 
40 102 46 
22 101 37 
20 100 55 
43 100 65 
55 97 60 
20 96 55 
22 96 52 
36 96 48 
28 95 83 
30 95 55 
16 94 80 
32 94 71 
23 93 29 
28 93 48 
32 93 38 
35 93 82 
16 92 72 
26 92 30 
37 92 60 
42 92 24 
20 91 74 
36 91 96 
42 91 64 
31 89 41 
39 87 62 
15 86 25 
45 86 67 
27 80 34 
23 77 32 
24 77 24 
