123 237 26 
106 233 76 
106 232 37 
115 232 34 
213 230 60 
233 230 48 
116 228 80 
136 228 19 
219 226 87 
220 226 32 
221 224 68 
223 222 74 
104 221 48 
242 221 48 
74 220 24 
114 219 28 
211 219 57 
231 217 26 
199 216 51 
135 209 33 
137 209 52 
80 208 48 
136 208 23 
137 207 29 
214 207 51 
117 204 46 
220 204 54 
225 204 37 
232 204 30 
85 203 21 
190 203 26 
213 203 68 
224 203 33 
231 203 38 
74 202 20 
212 202 68 
222 201 56 
167 200 32 
181 200 22 
207 200 49 
221 200 72 
227 199 73 
199 198 16 
225 198 25 
226 198 69 
227 198 42 
110 197 22 
199 197 80 
111 196 26 
222 196 72 
112 195 83 
233 195 23 
227 193 32 
193 192 82 
215 192 57 
92 191 113 
95 191 52 
216 191 88 
221 191 55 
195 190 59 
102 189 47 
185 189 92 
191 189 37 
213 189 63 
238 189 23 
217 188 28 
76 187 78 
219 187 51 
234 187 41 
83 186 95 
216 186 35 
217 186 56 
220 185 31 
81 184 49 
121 184 51 
206 184 47 
218 184 72 
219 184 73 
120 182 29 
104 180 90 
215 180 15 
221 180 45 
207 179 65 
207 178 74 
81 177 20 
85 177 22 
219 177 50 
99 176 56 
80 175 31 
121 175 47 
184 174 57 
121 173 44 
204 173 26 
226 173 69 
96 171 34 
185 171 19 
186 171 101 
197 171 34 
88 170 27 
187 170 9 
217 170 40 
175 169 52 
217 169 34 
177 168 28 
88 167 43 
173 167 43 
185 167 59 
171 166 65 
72 165 78 
174 164 60 
185 163 26 
215 163 70 
61 162 88 
69 162 42 
87 162 113 
92 162 40 
185 162 63 
190 162 42 
198 162 63 
103 161 39 
204 161 25 
206 161 68 
78 160 45 
157 160 61 
176 158 49 
189 158 58 
60 157 45 
191 157 25 
61 156 84 
72 156 77 
194 156 57 
71 155 41 
82 155 2 
96 155 65 
71 154 29 
184 154 20 
167 153 25 
168 153 75 
180 152 37 
75 151 65 
89 151 47 
164 151 62 
167 151 39 
168 151 23 
188 151 68 
74 150 35 
108 150 78 
164 150 60 
192 150 70 
93 149 35 
185 149 31 
54 147 27 
90 147 36 
178 147 72 
179 147 86 
153 146 62 
177 146 48 
189 146 72 
52 145 23 
165 145 54 
145 144 63 
177 144 44 
205 144 43 
70 143 51 
71 143 70 
145 143 27 
159 143 58 
176 143 37 
101 142 73 
102 142 39 
163 142 66 
171 142 26 
186 142 45 
206 142 15 
71 141 83 
146 141 20 
165 141 28 
80 140 59 
181 139 23 
56 138 75 
66 137 26 
167 137 60 
143 136 27 
48 132 26 
158 132 50 
180 131 34 
82 130 49 
154 129 68 
60 127 60 
162 127 32 
88 125 85 
74 124 16 
75 124 76 
76 124 54 
140 124 58 
81 123 22 
129 120 33 
150 120 20 
157 120 49 
152 118 81 
51 117 41 
149 117 96 
118 111 79 
134 111 46 
118 110 40 
134 110 15 
134 109 60 
118 107 45 
126 105 27 
78 104 61 
137 103 86 
116 102 35 
119 101 16 
121 101 17 
139 100 46 
116 98 63 
119 97 45 
126 92 40 
61 89 74 
127 88 78 
102 87 32 
127 87 51 
126 86 22 
73 84 96 
128 79 89 
61 77 29 
122 77 58 
127 77 47 
60 69 26 
85 69 88 
91 69 87 
83 67 48 
86 65 44 
83 62 77 
38 61 13 
76 60 55 
34 59 34 
75 59 47 
79 59 80 
82 59 69 
83 59 101 
102 58 64 
78 57 73 
84 57 47 
91 56 62 
73 53 44 
78 53 44 
82 52 57 
86 51 25 
89 50 54 
87 49 65 
54 45 29 
69 45 32 
69 44 61 
54 42 41 
72 41 64 
19 36 34 
72 36 43 
43 29 29 
20 28 36 
20 27 34 
64 26 73 
62 25 45 
64 21 33 
63 16 10 
38 15 65 
30 14 81 
13 13 10 
48 11 106 
35 6 59 
44 1 29 
