52 237 79 
57 232 57 
41 231 29 
41 228 84 
57 228 112 
45 227 39 
60 227 56 
68 224 23 
64 221 44 
52 217 24 
34 206 53 
37 203 78 
38 203 93 
27 202 57 
167 200 43 
35 199 41 
46 197 34 
10 196 46 
38 196 52 
67 196 17 
21 195 23 
46 194 42 
64 194 17 
17 192 26 
55 189 62 
52 187 41 
17 186 50 
50 184 83 
46 183 36 
47 183 59 
50 182 49 
25 179 55 
42 179 34 
42 177 46 
43 177 53 
29 176 53 
42 176 49 
43 172 107 
43 171 124 
44 171 56 
43 170 50 
44 170 29 
41 169 99 
12 168 71 
13 168 56 
14 168 37 
48 168 23 
52 167 59 
64 167 93 
33 165 32 
18 164 50 
39 164 51 
43 163 26 
46 163 43 
40 162 106 
46 162 42 
35 161 52 
32 160 27 
40 160 35 
60 160 73 
51 159 60 
34 158 55 
36 158 51 
39 157 46 
17 156 48 
10 155 31 
36 155 69 
38 155 49 
48 155 42 
10 154 88 
11 154 58 
21 154 83 
26 154 62 
27 154 34 
28 154 52 
49 154 47 
13 153 17 
42 153 25 
45 153 85 
50 153 42 
42 152 85 
40 151 73 
42 151 49 
45 148 53 
11 147 50 
28 147 93 
40 147 94 
42 147 95 
30 146 40 
36 146 64 
56 146 12 
22 145 70 
34 145 33 
36 145 83 
49 145 21 
42 144 29 
43 144 78 
45 144 36 
47 144 41 
48 144 45 
61 144 27 
75 144 70 
21 143 87 
35 143 27 
36 143 77 
31 141 12 
112 141 50 
25 140 83 
46 139 113 
76 139 46 
106 139 18 
46 138 88 
48 138 64 
56 138 41 
75 138 45 
123 138 66 
64 137 41 
35 136 49 
36 136 48 
47 136 70 
48 136 87 
49 136 85 
19 134 56 
30 134 51 
49 134 55 
55 134 39 
49 133 32 
50 133 31 
104 133 68 
105 133 31 
48 132 19 
49 132 55 
55 132 37 
81 132 24 
111 132 25 
119 132 20 
51 131 16 
61 131 54 
114 131 63 
34 130 58 
104 130 43 
123 130 42 
136 130 54 
32 129 16 
50 129 100 
67 129 81 
109 129 82 
137 129 65 
23 128 62 
24 128 26 
52 128 67 
78 128 44 
108 128 77 
23 127 24 
69 127 78 
79 127 37 
104 127 9 
54 126 47 
73 126 55 
90 126 92 
112 126 65 
102 125 44 
112 125 44 
119 125 22 
127 125 123 
40 124 59 
89 124 50 
111 124 68 
121 124 34 
127 124 52 
45 123 44 
47 123 27 
62 123 70 
77 123 63 
119 123 15 
128 123 19 
20 122 43 
100 122 68 
113 122 79 
117 122 47 
124 122 42 
35 121 35 
59 121 29 
98 121 26 
111 121 38 
131 121 94 
35 120 31 
40 120 50 
79 120 46 
98 120 21 
100 120 41 
103 120 22 
114 120 65 
119 120 54 
38 119 34 
52 119 20 
98 119 78 
100 119 15 
103 119 19 
36 118 31 
81 118 125 
87 118 58 
94 118 56 
101 118 68 
102 118 91 
17 117 26 
59 117 45 
68 117 45 
72 117 58 
77 117 67 
90 117 31 
91 117 86 
92 117 46 
100 117 50 
103 117 88 
105 117 83 
106 117 55 
107 117 49 
123 117 59 
39 116 32 
59 116 46 
68 116 78 
71 116 47 
86 116 74 
99 116 16 
103 116 62 
117 116 58 
69 115 59 
71 115 9 
75 115 38 
81 115 54 
85 115 21 
91 115 20 
94 115 57 
102 115 114 
103 115 52 
29 114 60 
79 114 60 
81 114 48 
86 114 31 
88 114 13 
90 114 16 
99 114 30 
105 114 17 
111 114 41 
62 113 85 
65 113 63 
84 113 58 
86 113 56 
88 113 53 
90 113 30 
99 113 36 
101 113 52 
102 113 89 
107 113 91 
108 113 44 
118 113 100 
125 113 81 
129 113 58 
39 112 78 
48 112 52 
49 112 44 
52 112 37 
82 112 71 
100 112 58 
101 112 21 
102 112 94 
103 112 26 
108 112 55 
110 112 64 
115 112 12 
116 112 71 
120 112 41 
122 112 19 
123 112 37 
29 111 27 
51 111 53 
82 111 64 
83 111 48 
90 111 56 
91 111 25 
97 111 25 
98 111 16 
104 111 27 
105 111 138 
107 111 112 
108 111 90 
112 111 11 
115 111 43 
116 111 34 
119 111 20 
122 111 50 
123 111 65 
129 111 78 
25 110 14 
29 110 85 
30 110 73 
53 110 29 
79 110 9 
83 110 57 
96 110 34 
99 110 29 
107 110 16 
116 110 59 
122 110 86 
142 110 50 
29 109 76 
30 109 73 
38 109 27 
53 109 39 
56 109 48 
58 109 64 
66 109 45 
85 109 70 
97 109 36 
99 109 85 
102 109 51 
110 109 59 
112 109 17 
114 109 18 
120 109 40 
66 108 60 
87 108 88 
90 108 70 
92 108 10 
99 108 104 
105 108 38 
108 108 94 
109 108 92 
111 108 71 
117 108 60 
126 108 90 
128 108 26 
136 108 20 
67 107 60 
96 107 20 
98 107 74 
105 107 92 
108 107 23 
113 107 64 
119 107 25 
124 107 57 
68 106 51 
70 106 38 
95 106 48 
96 106 22 
104 106 57 
117 106 26 
120 106 53 
127 106 112 
128 106 22 
44 105 90 
57 105 29 
61 105 25 
66 105 38 
70 105 42 
81 105 52 
88 105 47 
98 105 64 
99 105 64 
100 105 41 
101 105 47 
104 105 116 
105 105 83 
112 105 37 
117 105 67 
119 105 65 
120 105 52 
127 105 50 
128 105 65 
51 104 23 
52 104 42 
58 104 42 
63 104 65 
73 104 35 
75 104 44 
76 104 52 
81 104 9 
88 104 64 
93 104 29 
95 104 27 
99 104 58 
105 104 64 
109 104 76 
110 104 59 
117 104 48 
119 104 64 
120 104 71 
53 103 53 
55 103 42 
67 103 50 
68 103 64 
80 103 49 
87 103 23 
88 103 71 
89 103 23 
93 103 61 
97 103 65 
98 103 26 
100 103 93 
101 103 88 
103 103 34 
106 103 57 
107 103 13 
110 103 72 
113 103 22 
114 103 15 
118 103 27 
119 103 44 
120 103 16 
121 103 50 
125 103 28 
126 103 41 
144 103 58 
66 102 49 
68 102 40 
75 102 38 
79 102 52 
84 102 54 
86 102 18 
87 102 80 
89 102 17 
96 102 66 
97 102 57 
98 102 62 
99 102 75 
100 102 78 
105 102 9 
106 102 37 
108 102 73 
113 102 14 
120 102 91 
60 101 66 
77 101 34 
85 101 62 
91 101 72 
94 101 64 
96 101 128 
100 101 42 
101 101 23 
102 101 75 
103 101 90 
111 101 62 
112 101 24 
113 101 63 
114 101 120 
116 101 48 
117 101 53 
118 101 95 
119 101 83 
22 100 76 
32 100 51 
34 100 60 
88 100 95 
90 100 31 
96 100 85 
98 100 59 
114 100 60 
118 100 22 
120 100 105 
128 100 79 
132 100 112 
33 99 76 
49 99 27 
71 99 43 
74 99 11 
80 99 75 
81 99 22 
82 99 61 
87 99 93 
91 99 95 
93 99 84 
94 99 24 
95 99 65 
110 99 64 
111 99 101 
112 99 54 
113 99 17 
114 99 48 
117 99 18 
119 99 22 
122 99 26 
128 99 64 
129 99 43 
130 99 58 
135 99 67 
138 99 83 
72 98 36 
74 98 22 
79 98 22 
86 98 34 
88 98 33 
89 98 30 
95 98 24 
97 98 98 
103 98 19 
105 98 54 
111 98 77 
113 98 56 
115 98 46 
116 98 82 
120 98 65 
121 98 122 
126 98 26 
128 98 71 
31 97 66 
57 97 51 
66 97 65 
67 97 92 
74 97 53 
75 97 67 
83 97 25 
88 97 17 
93 97 41 
94 97 46 
95 97 57 
98 97 12 
99 97 54 
100 97 81 
105 97 65 
110 97 41 
111 97 65 
112 97 64 
113 97 80 
114 97 70 
115 97 77 
116 97 59 
125 97 21 
127 97 45 
131 97 79 
132 97 14 
45 96 49 
73 96 22 
76 96 105 
88 96 26 
90 96 15 
92 96 53 
93 96 29 
98 96 106 
100 96 81 
104 96 24 
115 96 82 
117 96 29 
119 96 35 
120 96 29 
123 96 19 
15 95 80 
41 95 52 
48 95 39 
49 95 71 
70 95 53 
80 95 22 
88 95 56 
90 95 83 
93 95 95 
99 95 57 
102 95 44 
104 95 42 
106 95 147 
109 95 16 
112 95 126 
123 95 65 
125 95 26 
126 95 89 
129 95 13 
134 95 57 
142 95 29 
25 94 68 
35 94 57 
36 94 38 
37 94 37 
42 94 77 
48 94 17 
80 94 27 
82 94 30 
87 94 47 
93 94 88 
98 94 100 
99 94 105 
103 94 118 
106 94 13 
107 94 38 
110 94 52 
113 94 20 
117 94 56 
118 94 86 
120 94 17 
43 93 30 
52 93 58 
59 93 14 
80 93 34 
84 93 59 
85 93 55 
87 93 71 
88 93 31 
91 93 62 
96 93 55 
97 93 34 
98 93 88 
99 93 49 
102 93 54 
104 93 11 
105 93 19 
107 93 33 
108 93 36 
110 93 153 
118 93 10 
124 93 65 
127 93 38 
59 92 73 
76 92 43 
82 92 57 
87 92 21 
89 92 59 
91 92 19 
92 92 30 
94 92 55 
95 92 18 
96 92 83 
97 92 60 
99 92 53 
101 92 128 
103 92 99 
105 92 41 
107 92 17 
108 92 103 
110 92 100 
114 92 110 
116 92 7 
117 92 59 
118 92 79 
120 92 42 
122 92 110 
123 92 57 
128 92 51 
131 92 53 
28 91 45 
36 91 25 
62 91 26 
82 91 54 
87 91 84 
92 91 64 
96 91 58 
99 91 15 
100 91 63 
101 91 46 
104 91 24 
105 91 59 
106 91 67 
108 91 73 
109 91 32 
114 91 84 
115 91 23 
120 91 70 
131 91 31 
62 90 30 
68 90 68 
72 90 41 
90 90 68 
92 90 81 
95 90 43 
98 90 62 
100 90 80 
103 90 100 
104 90 78 
105 90 39 
108 90 51 
114 90 17 
116 90 49 
118 90 40 
119 90 103 
127 90 40 
128 90 57 
146 90 16 
28 89 12 
65 89 16 
70 89 46 
78 89 31 
83 89 61 
87 89 25 
93 89 18 
96 89 15 
101 89 9 
103 89 25 
107 89 103 
108 89 24 
111 89 113 
115 89 76 
117 89 113 
119 89 22 
126 89 57 
139 89 8 
144 89 7 
30 88 25 
47 88 69 
53 88 60 
66 88 88 
67 88 18 
68 88 64 
82 88 61 
99 88 59 
100 88 26 
101 88 87 
102 88 83 
109 88 40 
114 88 19 
115 88 67 
116 88 55 
117 88 84 
120 88 53 
127 88 52 
138 88 35 
139 88 71 
44 87 41 
55 87 30 
66 87 21 
71 87 77 
78 87 44 
80 87 76 
88 87 33 
90 87 130 
91 87 54 
92 87 62 
93 87 90 
98 87 61 
100 87 65 
101 87 71 
102 87 72 
103 87 22 
105 87 27 
106 87 47 
115 87 12 
116 87 16 
117 87 36 
118 87 13 
28 86 45 
39 86 30 
64 86 22 
66 86 59 
74 86 64 
83 86 44 
96 86 89 
98 86 35 
101 86 70 
103 86 54 
106 86 27 
107 86 53 
110 86 55 
112 86 74 
117 86 57 
120 86 25 
123 86 24 
124 86 58 
130 86 22 
42 85 36 
64 85 49 
66 85 17 
74 85 39 
79 85 50 
82 85 38 
86 85 55 
88 85 20 
90 85 105 
95 85 34 
96 85 70 
99 85 62 
101 85 91 
103 85 80 
104 85 69 
105 85 18 
111 85 34 
112 85 126 
120 85 42 
122 85 18 
129 85 6 
141 85 122 
62 84 82 
88 84 24 
91 84 55 
95 84 43 
96 84 102 
104 84 87 
105 84 20 
106 84 20 
107 84 107 
110 84 65 
111 84 36 
112 84 49 
115 84 55 
118 84 47 
119 84 50 
120 84 17 
125 84 57 
44 83 71 
81 83 54 
82 83 73 
85 83 59 
87 83 19 
91 83 22 
93 83 9 
95 83 72 
99 83 117 
102 83 45 
103 83 81 
106 83 5 
107 83 31 
108 83 28 
112 83 128 
113 83 21 
120 83 82 
121 83 99 
122 83 54 
124 83 67 
128 83 85 
132 83 68 
135 83 48 
145 83 62 
24 82 64 
34 82 75 
35 82 27 
69 82 31 
80 82 60 
88 82 47 
90 82 22 
91 82 106 
93 82 82 
94 82 59 
98 82 62 
100 82 25 
102 82 63 
104 82 144 
112 82 57 
114 82 84 
115 82 48 
118 82 66 
120 82 49 
121 82 99 
126 82 13 
128 82 87 
131 82 54 
32 81 110 
65 81 41 
87 81 16 
91 81 53 
94 81 35 
96 81 25 
98 81 51 
99 81 74 
102 81 49 
103 81 34 
104 81 61 
105 81 87 
108 81 49 
109 81 108 
111 81 24 
112 81 9 
113 81 63 
115 81 83 
124 81 59 
128 81 49 
51 80 19 
87 80 80 
88 80 88 
91 80 25 
93 80 86 
100 80 87 
101 80 29 
102 80 104 
103 80 107 
106 80 35 
107 80 22 
108 80 26 
114 80 90 
115 80 140 
116 80 32 
117 80 52 
120 80 52 
121 80 70 
122 80 72 
135 80 84 
40 79 64 
72 79 73 
79 79 63 
85 79 27 
90 79 11 
91 79 105 
94 79 16 
97 79 52 
100 79 103 
101 79 24 
105 79 95 
106 79 23 
110 79 43 
112 79 61 
121 79 43 
122 79 36 
128 79 19 
92 78 29 
98 78 104 
100 78 17 
101 78 66 
106 78 93 
107 78 30 
109 78 72 
110 78 45 
113 78 25 
115 78 96 
116 78 65 
120 78 12 
121 78 42 
127 78 86 
129 78 65 
135 78 25 
29 77 24 
34 77 101 
51 77 33 
67 77 54 
78 77 32 
81 77 55 
98 77 54 
100 77 47 
103 77 67 
105 77 92 
106 77 66 
107 77 69 
109 77 56 
111 77 26 
113 77 49 
114 77 68 
131 77 37 
36 76 47 
67 76 81 
81 76 73 
87 76 65 
89 76 83 
94 76 58 
101 76 90 
102 76 99 
103 76 81 
106 76 83 
108 76 17 
109 76 81 
111 76 68 
115 76 46 
121 76 28 
126 76 76 
129 76 51 
131 76 17 
76 75 41 
77 75 21 
79 75 20 
82 75 45 
85 75 38 
88 75 30 
95 75 57 
98 75 57 
99 75 31 
101 75 68 
103 75 51 
106 75 71 
107 75 73 
110 75 65 
117 75 56 
118 75 92 
119 75 54 
120 75 77 
123 75 105 
124 75 51 
127 75 40 
128 75 82 
129 75 4 
134 75 35 
32 74 52 
57 74 74 
83 74 18 
85 74 48 
91 74 25 
98 74 77 
100 74 70 
102 74 77 
103 74 73 
106 74 69 
109 74 34 
114 74 17 
115 74 77 
116 74 16 
125 74 12 
128 74 52 
130 74 55 
134 74 37 
33 73 47 
67 73 62 
85 73 17 
90 73 24 
100 73 20 
102 73 89 
106 73 55 
108 73 54 
115 73 13 
117 73 28 
120 73 43 
122 73 37 
124 73 30 
128 73 13 
70 72 68 
71 72 18 
81 72 28 
82 72 21 
94 72 102 
99 72 20 
100 72 69 
101 72 64 
102 72 14 
104 72 61 
108 72 62 
110 72 23 
113 72 18 
115 72 132 
116 72 20 
117 72 54 
119 72 72 
120 72 74 
124 72 27 
127 72 54 
130 72 36 
131 72 65 
144 72 55 
149 72 37 
32 71 96 
70 71 37 
84 71 35 
88 71 48 
89 71 31 
97 71 65 
100 71 73 
102 71 23 
104 71 42 
108 71 27 
110 71 18 
111 71 62 
114 71 24 
115 71 30 
119 71 87 
122 71 113 
124 71 52 
126 71 11 
133 71 67 
135 71 59 
59 70 75 
95 70 14 
98 70 57 
101 70 98 
104 70 81 
105 70 20 
107 70 18 
108 70 96 
109 70 26 
114 70 27 
115 70 70 
119 70 50 
121 70 46 
123 70 39 
124 70 80 
125 70 49 
126 70 60 
143 70 17 
29 69 58 
85 69 48 
86 69 29 
92 69 62 
99 69 26 
100 69 71 
101 69 122 
105 69 70 
106 69 90 
107 69 56 
108 69 39 
109 69 29 
114 69 119 
115 69 52 
116 69 130 
118 69 44 
121 69 45 
122 69 31 
128 69 22 
130 69 34 
131 69 69 
132 69 73 
78 68 45 
85 68 52 
89 68 60 
99 68 18 
101 68 96 
105 68 64 
108 68 80 
109 68 21 
115 68 14 
126 68 33 
43 67 61 
61 67 45 
85 67 45 
88 67 41 
94 67 19 
97 67 32 
100 67 125 
101 67 3 
102 67 36 
106 67 21 
107 67 70 
108 67 83 
109 67 79 
111 67 94 
113 67 37 
115 67 68 
120 67 39 
122 67 91 
124 67 24 
38 66 57 
85 66 46 
98 66 35 
99 66 52 
103 66 7 
106 66 56 
110 66 65 
116 66 33 
117 66 55 
119 66 63 
120 66 46 
124 66 48 
88 65 53 
96 65 111 
97 65 70 
101 65 68 
103 65 65 
106 65 95 
112 65 62 
113 65 20 
115 65 21 
117 65 101 
118 65 117 
119 65 58 
121 65 76 
122 65 52 
126 65 25 
129 65 34 
131 65 12 
133 65 39 
69 64 76 
95 64 38 
100 64 46 
102 64 22 
105 64 54 
108 64 85 
117 64 62 
128 64 90 
72 63 57 
85 63 21 
87 63 89 
92 63 32 
94 63 43 
101 63 87 
103 63 46 
104 63 91 
106 63 45 
111 63 41 
114 63 63 
115 63 55 
116 63 93 
126 63 68 
128 63 91 
130 63 92 
134 63 30 
78 62 35 
80 62 41 
94 62 61 
99 62 76 
100 62 33 
105 62 73 
107 62 92 
114 62 91 
115 62 49 
122 62 48 
123 62 21 
130 62 90 
131 62 17 
145 62 32 
79 61 46 
89 61 96 
98 61 29 
104 61 67 
113 61 73 
114 61 85 
115 61 95 
116 61 20 
122 61 27 
124 61 92 
140 61 62 
89 60 31 
92 60 37 
106 60 73 
107 60 81 
109 60 63 
113 60 13 
115 60 17 
126 60 16 
142 60 83 
84 59 46 
93 59 55 
98 59 28 
107 59 26 
109 59 49 
111 59 32 
113 59 79 
115 59 53 
117 59 7 
123 59 27 
125 59 64 
135 59 34 
138 59 50 
141 59 41 
83 58 58 
98 58 14 
104 58 76 
105 58 47 
113 58 24 
114 58 40 
115 58 66 
126 58 76 
66 57 70 
99 57 29 
102 57 46 
106 57 59 
112 57 19 
114 57 17 
118 57 48 
84 56 86 
90 56 68 
91 56 67 
94 56 70 
106 56 54 
119 56 36 
122 56 60 
126 56 16 
131 56 74 
141 56 28 
88 55 76 
91 55 68 
98 55 120 
99 55 19 
105 55 67 
107 55 37 
109 55 34 
110 55 75 
111 55 60 
116 55 32 
120 55 36 
122 55 18 
124 55 32 
126 55 52 
131 55 31 
89 54 26 
101 54 66 
103 54 12 
107 54 21 
120 54 59 
128 54 51 
134 54 51 
135 54 97 
141 54 17 
98 53 42 
99 53 95 
102 53 17 
104 53 16 
116 53 78 
123 53 36 
138 52 111 
142 52 48 
73 51 19 
124 51 90 
119 50 58 
132 50 87 
141 50 46 
96 49 50 
110 49 68 
112 49 84 
113 49 22 
99 48 54 
103 48 90 
106 48 42 
111 48 108 
113 48 40 
116 48 50 
110 47 86 
111 47 37 
112 47 17 
114 47 25 
116 47 81 
124 47 65 
134 47 51 
96 46 21 
100 46 27 
124 46 38 
127 46 26 
110 45 35 
119 45 14 
120 45 27 
121 45 60 
123 45 39 
129 45 61 
155 45 54 
156 45 39 
89 44 65 
97 44 37 
98 44 60 
99 44 69 
109 44 10 
126 44 42 
125 43 90 
98 42 14 
99 42 23 
112 42 57 
121 42 62 
122 42 62 
106 41 19 
111 41 62 
113 41 38 
118 40 20 
125 40 73 
138 40 30 
102 39 34 
112 38 34 
153 38 22 
110 37 69 
154 37 75 
103 36 64 
95 35 39 
107 35 18 
130 35 42 
95 34 18 
96 34 55 
106 34 62 
119 34 52 
121 34 36 
110 30 64 
113 24 66 
