167 200 22 
16 187 77 
13 185 59 
15 185 35 
13 178 65 
17 169 79 
27 163 37 
32 153 22 
40 152 87 
41 152 20 
32 148 114 
35 148 44 
37 146 50 
24 145 47 
28 144 25 
29 144 62 
25 143 28 
24 142 51 
43 142 65 
30 141 63 
52 140 15 
38 138 71 
36 137 38 
26 136 33 
45 118 34 
45 106 33 
68 106 29 
54 104 54 
56 104 70 
34 100 44 
73 98 68 
58 90 57 
60 90 80 
46 88 10 
66 86 43 
66 85 28 
53 84 33 
57 83 74 
53 76 46 
53 75 54 
60 74 59 
76 73 39 
77 73 47 
78 72 38 
62 71 36 
77 68 48 
68 66 93 
82 66 34 
67 58 51 
66 55 20 
66 47 41 
91 45 80 
86 37 66 
77 34 42 
84 24 103 
85 24 57 
85 23 45 
80 22 41 
82 21 85 
100 11 74 
100 9 53 
81 5 35 
