167 200 49 
195 182 60 
195 181 82 
226 181 65 
186 176 17 
165 172 58 
187 171 74 
183 167 79 
202 166 64 
204 157 51 
175 155 30 
183 155 34 
173 154 63 
191 142 28 
200 142 85 
233 140 51 
177 139 47 
179 137 45 
175 136 84 
177 136 92 
179 136 66 
174 135 87 
172 130 28 
223 117 30 
188 113 63 
201 112 74 
182 108 67 
197 108 77 
199 108 45 
179 107 81 
180 107 48 
198 107 85 
195 106 59 
200 105 32 
193 103 84 
197 103 32 
180 102 18 
193 102 51 
168 99 42 
187 98 71 
151 93 17 
155 92 27 
172 90 53 
194 88 33 
180 86 66 
195 85 89 
213 85 61 
161 84 68 
170 81 40 
206 81 66 
177 79 15 
198 78 45 
169 77 29 
201 77 87 
162 76 15 
164 76 35 
194 73 53 
206 73 46 
164 72 40 
176 68 46 
177 66 28 
194 66 48 
205 66 41 
207 66 37 
213 66 63 
161 65 60 
163 62 37 
172 62 16 
192 61 15 
193 60 115 
169 59 64 
195 59 55 
145 56 61 
144 55 72 
187 54 27 
164 52 36 
131 51 59 
161 51 35 
158 49 32 
185 49 44 
184 48 66 
215 48 108 
177 47 56 
178 47 30 
180 47 91 
172 45 65 
201 45 48 
180 43 78 
159 42 52 
170 42 60 
206 31 54 
207 31 45 
158 23 22 
158 21 20 
169 8 45 
