164 234 53 
222 232 42 
224 232 35 
189 223 54 
187 222 27 
207 216 33 
210 216 93 
208 214 55 
207 213 88 
171 212 53 
173 211 41 
174 211 75 
201 211 74 
156 207 34 
202 206 51 
206 206 24 
216 202 62 
217 202 34 
218 202 34 
214 201 79 
167 200 79 
173 194 35 
175 194 47 
177 192 30 
184 190 64 
173 186 21 
225 185 75 
227 185 46 
224 183 82 
225 183 60 
192 180 65 
193 180 100 
176 176 65 
205 171 79 
221 163 18 
150 160 84 
193 157 65 
147 137 75 
164 137 20 
150 135 28 
118 131 45 
168 130 70 
130 124 47 
162 121 54 
143 110 52 
173 109 42 
146 103 25 
165 101 50 
153 96 29 
151 95 50 
172 95 85 
120 94 19 
152 87 81 
149 83 52 
129 78 53 
123 77 36 
123 76 50 
125 75 75 
158 75 46 
164 74 19 
152 68 97 
98 64 60 
120 57 27 
147 56 12 
128 55 43 
91 45 68 
146 43 65 
147 43 45 
148 43 70 
118 37 89 
120 35 57 
119 34 36 
123 22 22 
100 19 29 
