168 222 23 
158 216 49 
191 215 45 
136 213 51 
167 200 103 
163 196 38 
179 188 63 
185 180 50 
181 169 69 
202 160 45 
202 159 60 
193 145 45 
159 130 48 
162 129 60 
226 120 44 
215 119 5 
210 116 35 
215 116 72 
214 115 56 
206 114 48 
204 111 31 
205 111 42 
206 111 60 
207 111 81 
216 110 47 
198 106 85 
218 106 60 
219 106 33 
232 106 29 
192 105 36 
194 104 48 
205 104 60 
211 104 19 
224 101 29 
224 100 42 
168 99 34 
201 99 57 
189 95 72 
202 95 59 
222 93 31 
189 92 60 
213 92 46 
209 91 47 
215 91 48 
204 89 49 
206 89 42 
199 88 20 
204 88 84 
216 88 63 
205 87 44 
207 87 31 
210 87 38 
195 85 53 
232 85 29 
201 84 62 
201 83 25 
189 82 83 
196 79 22 
202 79 38 
224 76 47 
226 76 42 
237 76 74 
204 75 52 
197 74 22 
210 73 69 
211 73 36 
195 72 44 
202 72 56 
222 71 35 
198 70 57 
212 70 25 
211 68 9 
235 68 51 
214 67 42 
201 65 19 
193 64 70 
207 64 81 
208 62 63 
222 62 49 
214 61 49 
231 59 40 
216 55 22 
225 53 6 
228 53 41 
213 49 59 
224 47 55 
224 46 47 
222 43 58 
227 42 34 
212 41 23 
214 40 78 
223 38 14 
212 33 36 
224 33 47 
224 32 43 
222 31 48 
198 30 34 
221 29 60 
221 28 56 
220 22 31 
228 21 37 
206 18 60 
202 17 47 
215 10 62 
224 5 30 
