167 200 54 
41 55 80 
42 55 36 
21 53 33 
35 52 47 
32 51 78 
41 49 34 
17 47 32 
18 47 79 
36 47 55 
44 43 26 
46 43 38 
56 43 11 
40 42 38 
41 42 39 
46 40 55 
34 39 66 
43 39 78 
44 39 39 
43 38 60 
40 37 100 
44 37 42 
47 37 52 
44 36 114 
43 35 59 
44 35 59 
46 35 57 
50 35 26 
42 34 38 
44 34 45 
41 33 65 
45 33 29 
50 32 59 
58 32 29 
63 32 11 
43 31 56 
53 31 53 
54 31 79 
58 31 45 
53 30 39 
54 30 77 
56 30 61 
65 30 16 
43 29 82 
44 29 34 
46 29 51 
51 29 74 
52 29 30 
54 29 95 
55 29 23 
67 29 42 
52 28 37 
55 28 65 
49 27 34 
52 27 80 
58 27 68 
59 27 34 
46 26 24 
47 26 38 
50 26 101 
51 26 76 
59 26 46 
35 25 49 
34 24 42 
68 24 51 
36 23 65 
46 23 33 
53 23 43 
58 23 25 
66 23 53 
36 22 68 
45 22 47 
46 22 39 
51 22 46 
56 22 47 
62 22 63 
46 20 45 
47 20 26 
51 20 25 
53 19 62 
60 15 48 
56 13 75 
62 13 57 
64 13 7 
63 11 28 
61 9 37 
73 6 53 
