247 209 88 
167 200 100 
238 191 64 
228 187 38 
243 186 101 
237 182 59 
240 182 75 
243 177 114 
234 176 73 
241 176 48 
244 176 22 
232 175 55 
241 175 83 
242 175 64 
233 174 84 
238 174 52 
228 173 43 
233 173 103 
242 173 51 
222 172 44 
232 171 58 
241 171 85 
242 167 40 
244 167 22 
242 166 116 
245 165 19 
236 163 36 
243 163 42 
225 162 47 
233 161 58 
239 161 30 
232 160 59 
243 158 46 
246 155 11 
236 140 63 
222 127 29 
239 126 45 
221 125 63 
239 125 42 
228 124 69 
227 120 52 
229 118 108 
232 117 26 
222 110 25 
225 108 49 
214 102 65 
242 102 113 
243 102 18 
221 101 92 
225 101 47 
242 100 29 
231 99 46 
225 97 43 
229 96 34 
225 95 30 
226 95 84 
225 93 38 
244 88 62 
236 84 37 
237 84 69 
229 78 48 
229 75 44 
233 70 69 
206 61 50 
202 56 72 
215 56 31 
218 55 46 
202 54 25 
219 52 84 
229 52 56 
206 51 54 
211 51 38 
217 51 61 
227 51 52 
217 50 45 
200 49 45 
206 49 61 
218 49 18 
223 48 24 
218 45 27 
237 45 57 
221 44 50 
235 44 29 
236 44 56 
208 43 75 
206 42 43 
224 42 25 
240 42 52 
210 41 67 
221 41 46 
226 41 73 
216 39 44 
224 38 49 
225 38 18 
223 35 37 
208 34 82 
213 34 86 
212 33 71 
221 33 26 
209 32 43 
221 32 137 
229 32 53 
230 32 43 
212 31 74 
222 31 59 
229 31 19 
230 31 81 
202 29 44 
214 29 52 
225 29 30 
234 28 31 
206 27 51 
231 27 57 
215 26 37 
224 26 74 
228 24 71 
223 23 9 
241 22 100 
219 19 88 
221 18 95 
234 13 49 
