167 200 46 
225 169 49 
233 160 42 
241 151 68 
237 145 62 
225 123 49 
228 118 51 
241 112 15 
238 108 31 
220 97 36 
220 96 128 
223 93 23 
225 87 54 
233 85 120 
227 82 77 
226 79 41 
230 77 64 
220 75 60 
190 73 67 
218 73 66 
201 70 91 
229 60 52 
236 60 51 
187 59 82 
220 59 70 
186 53 42 
187 53 22 
201 53 34 
221 53 37 
232 53 79 
201 52 62 
216 51 71 
236 49 63 
214 48 28 
205 47 83 
199 46 45 
202 46 25 
203 46 77 
204 46 82 
229 46 54 
198 45 25 
213 45 79 
235 45 33 
210 44 81 
220 44 15 
223 44 38 
222 42 38 
206 41 29 
214 41 45 
213 40 37 
211 39 69 
214 39 50 
218 39 71 
219 39 44 
215 38 85 
216 38 65 
214 37 75 
213 35 47 
201 34 54 
204 34 52 
222 34 54 
228 34 80 
236 34 70 
189 33 64 
205 33 92 
242 32 32 
230 31 81 
231 30 46 
226 29 40 
235 29 59 
173 28 60 
174 28 36 
235 28 23 
199 27 71 
206 26 57 
226 26 56 
200 25 60 
201 25 75 
229 24 69 
179 23 79 
194 22 24 
234 22 35 
235 22 42 
219 21 69 
219 20 27 
231 20 78 
232 19 22 
203 18 62 
204 18 52 
217 17 78 
192 14 82 
194 14 60 
194 13 44 
198 11 42 
231 11 84 
232 8 44 
222 6 61 
