167 200 27 
234 149 62 
236 138 45 
241 135 62 
226 128 43 
236 128 31 
222 124 57 
240 124 84 
232 116 61 
229 115 34 
211 111 44 
233 108 13 
229 105 51 
229 101 75 
184 95 57 
179 92 45 
183 90 62 
183 89 72 
211 87 65 
173 85 60 
173 77 41 
182 76 48 
187 73 54 
169 71 90 
136 67 64 
137 65 56 
140 62 12 
135 61 59 
142 61 33 
139 60 68 
154 60 112 
146 59 16 
147 59 60 
120 58 70 
131 58 26 
137 58 54 
140 58 65 
145 58 57 
136 57 28 
144 57 63 
146 57 89 
130 56 43 
134 56 91 
136 56 72 
144 56 45 
145 56 56 
146 56 57 
150 56 33 
148 55 56 
150 55 60 
134 54 73 
141 54 66 
143 54 19 
142 53 53 
145 53 70 
146 53 10 
147 53 42 
142 52 78 
145 52 25 
147 52 9 
148 52 35 
150 52 93 
130 51 62 
133 51 46 
136 51 54 
145 51 51 
149 51 46 
152 51 67 
153 51 61 
137 50 31 
140 50 119 
141 50 72 
142 50 37 
143 50 81 
145 50 63 
146 50 59 
148 50 89 
149 50 42 
152 50 57 
125 49 56 
133 49 43 
135 49 66 
139 49 41 
140 49 96 
141 49 82 
154 49 35 
130 48 54 
136 48 74 
147 48 52 
150 48 57 
151 48 100 
134 47 42 
135 47 45 
152 47 74 
136 46 41 
139 46 59 
143 46 55 
144 46 88 
146 46 78 
147 46 24 
148 46 122 
137 45 62 
141 45 83 
142 45 59 
143 45 37 
154 45 11 
142 44 39 
154 44 42 
144 42 56 
145 41 61 
147 41 50 
135 39 37 
138 38 77 
135 33 38 
123 31 38 
106 25 84 
104 20 44 
95 19 16 
97 18 59 
104 17 82 
