167 200 145 
230 85 10 
232 85 56 
233 82 22 
233 81 76 
235 80 70 
244 79 70 
228 77 30 
229 77 57 
231 77 35 
233 77 89 
234 77 78 
244 77 79 
229 76 22 
221 75 88 
228 75 42 
229 75 40 
230 75 44 
234 74 53 
229 73 84 
230 73 38 
233 73 94 
228 72 18 
230 71 78 
231 70 29 
227 69 49 
228 69 46 
232 69 57 
223 68 53 
228 67 67 
222 66 70 
232 66 51 
233 63 74 
221 61 51 
229 61 65 
228 60 58 
214 59 6 
216 59 32 
219 59 59 
208 56 36 
212 56 29 
233 56 76 
234 56 50 
216 55 51 
223 55 82 
224 55 8 
227 55 56 
228 55 29 
229 55 59 
213 51 52 
218 51 71 
210 50 60 
212 50 56 
222 50 42 
217 47 28 
207 41 52 
209 41 70 
206 40 45 
212 38 84 
216 36 58 
196 34 69 
214 34 36 
216 34 57 
182 32 45 
198 30 23 
215 29 52 
195 28 31 
202 27 76 
188 26 43 
220 26 68 
218 23 53 
191 21 51 
193 20 71 
182 18 29 
181 17 60 
190 17 49 
202 16 54 
215 16 43 
