233 240 13 
233 239 28 
231 238 75 
238 224 29 
204 223 53 
201 217 55 
236 217 51 
224 215 46 
245 210 24 
246 210 19 
211 209 49 
232 207 38 
167 200 47 
222 199 50 
194 198 66 
234 198 63 
203 197 79 
222 196 66 
203 195 32 
218 194 25 
231 193 76 
246 189 92 
228 188 18 
243 184 68 
245 183 47 
235 177 29 
217 175 70 
223 172 67 
240 168 56 
222 165 65 
223 165 44 
230 164 82 
193 162 45 
197 161 74 
239 160 29 
240 160 52 
234 159 56 
241 159 43 
244 158 26 
242 157 67 
244 157 13 
221 156 74 
214 154 64 
207 148 25 
217 147 52 
212 146 45 
237 135 56 
236 134 43 
235 133 46 
240 55 52 
