125 215 25 
126 215 44 
128 210 69 
126 209 66 
127 208 66 
128 208 97 
129 208 42 
127 203 74 
129 203 73 
167 200 49 
127 189 70 
130 181 7 
134 174 29 
136 174 95 
135 170 24 
136 170 53 
130 168 83 
135 168 21 
124 162 82 
138 159 62 
133 157 71 
139 155 31 
141 154 77 
133 152 49 
137 151 60 
129 150 48 
126 147 29 
133 147 46 
136 136 41 
137 136 82 
138 135 15 
143 130 58 
144 130 34 
141 117 25 
138 96 51 
147 96 67 
147 95 25 
140 82 52 
147 63 54 
146 62 79 
162 60 72 
163 60 28 
149 55 61 
152 55 101 
139 54 93 
144 53 74 
138 51 38 
146 51 59 
149 51 71 
169 51 55 
148 48 65 
153 47 79 
140 45 78 
149 44 84 
148 42 70 
156 41 62 
158 41 74 
148 40 54 
151 40 48 
156 40 58 
157 40 28 
144 38 86 
150 37 76 
136 36 41 
148 36 19 
145 35 49 
157 35 58 
155 32 101 
158 32 50 
150 28 53 
150 25 75 
148 20 47 
155 6 31 
