121 223 88 
122 220 66 
122 219 34 
123 218 88 
122 217 62 
123 217 35 
124 217 70 
125 215 15 
123 214 78 
124 209 63 
127 205 68 
132 202 37 
126 201 40 
131 200 79 
132 200 48 
167 200 38 
130 199 40 
132 199 66 
135 199 58 
127 197 40 
129 197 41 
129 196 40 
132 196 26 
133 196 100 
133 195 24 
130 194 49 
137 186 49 
138 185 33 
131 184 39 
131 180 57 
140 180 69 
137 177 33 
140 175 123 
137 171 96 
146 162 56 
143 161 40 
149 148 32 
151 143 52 
154 143 73 
152 142 79 
157 140 87 
162 140 45 
158 139 87 
162 139 38 
154 138 32 
156 138 101 
76 137 71 
158 137 42 
80 136 42 
159 136 87 
80 135 39 
149 135 48 
152 135 44 
76 134 103 
77 134 92 
78 134 88 
79 134 16 
153 134 62 
155 134 74 
158 134 59 
75 133 72 
76 133 112 
77 133 33 
78 133 65 
79 133 63 
90 133 43 
154 133 40 
156 133 77 
72 132 53 
73 132 49 
75 132 41 
77 132 36 
78 132 48 
155 132 76 
157 132 41 
74 131 60 
77 131 15 
103 130 41 
108 130 79 
157 130 26 
75 129 49 
80 129 33 
101 129 86 
153 129 40 
78 128 61 
87 128 55 
105 128 76 
92 127 67 
94 127 77 
97 127 41 
98 127 90 
82 126 67 
83 126 36 
89 126 57 
94 126 56 
106 126 27 
86 125 79 
96 125 71 
98 125 14 
100 125 53 
105 125 16 
87 124 35 
161 123 53 
86 121 79 
93 121 62 
97 121 91 
100 121 38 
104 121 13 
97 120 26 
100 120 94 
103 120 54 
162 120 38 
164 120 76 
87 119 47 
95 119 26 
96 119 21 
100 119 79 
104 119 47 
107 119 65 
94 118 61 
102 118 31 
103 118 22 
106 118 73 
107 118 55 
87 117 37 
88 117 68 
90 117 65 
98 117 69 
99 117 59 
101 116 85 
88 115 76 
91 115 47 
92 115 29 
95 115 42 
100 115 20 
103 115 65 
104 115 57 
89 114 23 
101 114 46 
107 114 14 
127 114 40 
87 113 15 
91 113 64 
93 113 39 
96 113 71 
101 113 69 
107 113 20 
109 113 48 
88 112 78 
134 112 41 
95 111 69 
96 111 56 
100 111 68 
118 111 55 
119 111 50 
83 110 51 
93 110 81 
100 110 51 
96 109 55 
128 109 49 
98 108 20 
92 106 63 
158 104 37 
107 103 61 
125 103 33 
95 101 17 
170 99 23 
94 97 44 
112 97 52 
123 97 53 
123 96 39 
118 95 67 
122 95 41 
123 95 69 
176 95 84 
172 92 36 
108 90 28 
109 90 74 
117 90 24 
134 89 47 
174 89 70 
116 88 56 
169 87 43 
142 85 55 
144 85 57 
157 84 34 
155 81 28 
172 80 38 
183 80 55 
184 73 32 
140 71 45 
175 71 73 
138 70 34 
166 70 83 
179 70 25 
190 69 47 
136 67 82 
139 67 33 
142 64 23 
199 64 90 
151 63 30 
145 61 57 
182 61 69 
166 54 46 
180 54 39 
178 53 60 
189 52 48 
187 50 30 
183 49 19 
186 47 25 
206 47 60 
208 47 59 
184 45 55 
208 45 22 
176 43 52 
193 42 87 
177 41 71 
171 40 60 
190 40 39 
192 36 83 
175 35 33 
185 35 54 
208 25 46 
201 24 74 
218 24 29 
210 22 46 
211 20 79 
214 19 73 
202 18 46 
236 17 39 
192 11 71 
192 10 41 
212 9 74 
