167 200 33 
227 177 124 
224 175 31 
192 164 78 
200 162 93 
207 162 98 
210 161 64 
234 161 60 
224 159 33 
199 158 109 
214 151 26 
212 149 46 
136 148 57 
204 148 56 
198 144 39 
128 143 64 
129 143 49 
216 143 52 
154 139 47 
184 137 69 
228 136 56 
122 135 55 
198 135 66 
228 135 32 
154 134 34 
206 134 50 
150 133 37 
207 133 96 
109 131 39 
112 130 29 
150 127 49 
108 126 31 
148 125 38 
84 124 69 
145 124 84 
146 124 71 
148 124 22 
146 123 81 
148 123 54 
81 122 42 
147 122 76 
125 121 68 
106 120 47 
105 119 53 
195 119 77 
103 118 21 
40 115 22 
39 114 74 
161 114 39 
171 114 67 
40 113 22 
113 113 46 
144 113 46 
108 112 41 
96 111 73 
120 111 42 
119 110 48 
90 109 66 
134 109 85 
74 108 101 
133 108 44 
61 106 34 
95 106 57 
61 105 65 
79 104 53 
106 104 32 
131 104 53 
81 103 56 
99 103 69 
128 103 35 
131 102 54 
46 101 35 
149 101 71 
26 100 15 
126 100 51 
104 99 33 
127 99 60 
54 97 45 
92 97 17 
148 96 28 
36 95 17 
59 95 87 
17 94 58 
19 93 48 
18 92 48 
73 90 57 
20 88 47 
26 88 37 
124 88 61 
48 83 43 
66 83 46 
33 78 59 
45 77 49 
243 72 70 
244 53 67 
217 43 29 
217 42 65 
169 41 40 
162 38 38 
212 37 26 
216 35 42 
216 33 51 
242 30 70 
162 28 46 
184 28 34 
244 28 52 
174 25 40 
182 18 36 
183 18 21 
220 18 17 
159 17 45 
162 17 49 
181 16 83 
134 12 61 
190 12 74 
129 11 36 
