17 220 30 
99 208 37 
17 207 29 
13 205 28 
25 204 71 
37 200 47 
167 200 107 
39 199 41 
41 197 71 
41 196 45 
106 194 8 
107 194 76 
18 193 30 
33 193 93 
49 192 23 
50 191 50 
37 190 42 
60 190 77 
19 189 61 
34 189 72 
100 189 53 
30 188 83 
46 188 74 
92 188 15 
24 187 48 
47 187 46 
86 183 70 
105 183 51 
31 182 66 
34 182 60 
62 182 58 
53 181 65 
59 179 42 
61 179 13 
64 179 43 
89 179 22 
30 178 79 
64 178 42 
77 178 80 
27 177 59 
45 177 30 
72 177 63 
80 177 45 
105 176 57 
17 175 79 
62 175 45 
93 175 66 
105 175 72 
108 175 56 
21 174 54 
60 174 62 
85 174 69 
130 174 23 
58 173 22 
92 173 39 
109 173 75 
130 173 51 
131 173 15 
84 172 13 
88 172 124 
130 172 82 
90 171 85 
29 170 24 
36 170 33 
130 170 36 
28 169 67 
35 169 82 
36 169 54 
38 169 71 
75 169 33 
114 169 45 
60 168 39 
68 168 40 
101 168 61 
85 167 89 
101 167 25 
112 167 64 
62 166 29 
91 165 47 
92 165 57 
78 164 60 
91 164 82 
119 164 30 
70 163 88 
76 162 65 
77 162 41 
103 162 47 
76 161 13 
68 160 14 
78 160 34 
84 160 63 
97 160 49 
106 160 98 
111 160 59 
63 159 80 
94 159 44 
83 158 78 
126 157 21 
130 157 22 
127 156 34 
61 155 57 
92 155 74 
69 154 60 
56 153 76 
93 153 58 
92 152 77 
95 152 34 
98 151 84 
99 151 77 
100 151 134 
60 150 34 
91 150 78 
119 150 77 
42 148 44 
108 148 52 
186 148 50 
108 147 20 
110 147 45 
149 147 54 
81 146 65 
89 146 39 
115 145 56 
205 142 50 
98 141 43 
108 141 64 
124 141 52 
153 135 55 
166 135 57 
197 135 54 
107 133 27 
129 131 46 
105 130 38 
214 129 38 
158 128 86 
164 128 39 
167 126 59 
84 123 36 
190 122 39 
203 121 17 
156 118 35 
184 115 34 
173 114 33 
176 114 89 
235 113 17 
230 106 41 
134 104 48 
181 97 45 
132 96 49 
180 96 54 
188 90 43 
179 87 42 
235 83 57 
235 82 52 
170 81 88 
194 79 22 
198 77 67 
236 75 49 
222 74 36 
185 73 31 
229 72 28 
247 69 64 
216 56 46 
238 43 31 
205 36 49 
