42 242 33 
29 238 12 
30 237 42 
48 234 44 
57 234 23 
55 231 52 
60 231 50 
60 228 60 
52 227 53 
61 227 63 
33 226 59 
50 224 78 
54 221 74 
63 221 54 
66 221 59 
69 221 32 
41 220 92 
45 220 10 
43 219 51 
51 219 59 
70 219 66 
76 219 38 
24 217 66 
38 217 40 
69 217 30 
25 216 31 
40 216 71 
43 216 54 
48 216 23 
60 216 45 
25 215 38 
25 214 36 
50 214 84 
70 214 83 
75 214 59 
26 213 18 
71 213 46 
36 212 36 
40 212 56 
50 212 77 
70 212 59 
30 211 35 
17 210 27 
63 209 47 
25 208 77 
31 208 27 
82 208 104 
36 207 62 
47 207 56 
48 207 86 
59 207 55 
58 206 70 
59 206 22 
40 205 43 
51 205 68 
54 205 21 
22 204 69 
27 204 56 
30 204 67 
31 204 64 
40 203 39 
42 203 48 
44 203 69 
45 203 9 
21 202 45 
22 202 97 
35 202 29 
45 202 42 
58 202 55 
77 202 32 
42 201 95 
44 201 104 
50 201 33 
61 201 33 
15 200 43 
42 200 44 
44 200 71 
53 200 66 
167 200 101 
56 199 54 
58 199 71 
71 199 33 
33 198 39 
36 198 65 
55 198 33 
37 197 51 
40 197 63 
83 197 54 
44 196 51 
47 196 58 
60 196 28 
62 196 53 
82 196 54 
31 195 38 
32 195 87 
48 195 62 
56 195 29 
64 195 61 
27 194 56 
40 194 41 
42 194 40 
52 194 17 
43 192 24 
51 192 50 
73 192 54 
74 192 15 
34 191 93 
42 191 24 
50 191 25 
59 191 72 
74 191 45 
30 190 63 
61 189 41 
64 189 42 
60 186 59 
95 186 61 
38 185 57 
51 185 120 
19 184 29 
30 184 44 
39 184 22 
42 184 16 
72 184 29 
28 182 53 
59 182 42 
62 182 59 
73 182 49 
32 181 37 
50 181 36 
56 181 30 
29 180 53 
48 180 82 
49 180 95 
56 180 58 
38 178 68 
51 178 27 
58 178 57 
59 178 48 
64 177 77 
28 176 39 
45 176 26 
47 176 66 
91 176 83 
75 175 21 
13 174 49 
33 174 49 
47 174 19 
39 173 60 
40 173 50 
45 173 59 
49 173 27 
65 173 63 
40 172 35 
49 171 53 
62 171 63 
68 169 43 
56 168 22 
36 167 26 
38 166 67 
28 165 29 
23 164 97 
43 164 29 
64 164 63 
41 160 57 
23 159 37 
52 159 86 
60 158 71 
37 157 19 
13 155 42 
42 155 71 
30 154 38 
33 154 36 
42 154 31 
45 154 55 
41 153 46 
30 152 57 
72 152 52 
84 152 39 
41 151 47 
47 149 54 
55 148 119 
19 146 114 
85 146 74 
42 145 45 
45 144 64 
44 143 53 
51 143 48 
38 142 49 
39 142 89 
50 142 111 
34 141 78 
34 140 40 
41 140 48 
49 140 48 
41 139 60 
46 138 50 
58 137 51 
52 136 54 
54 135 47 
50 131 38 
23 129 22 
68 129 38 
29 123 47 
32 123 36 
23 122 71 
27 122 52 
34 122 88 
53 119 22 
53 113 71 
34 112 17 
34 111 36 
23 110 57 
41 110 15 
61 109 55 
37 107 92 
65 103 74 
37 99 74 
40 99 48 
41 99 56 
39 97 29 
31 96 57 
75 96 31 
37 94 56 
18 90 100 
19 89 46 
33 84 73 
54 84 49 
52 82 36 
54 79 61 
54 78 27 
29 77 38 
34 74 27 
44 74 75 
53 73 40 
71 73 40 
48 72 112 
24 69 54 
49 68 18 
43 67 30 
49 67 75 
21 64 64 
44 62 62 
34 61 47 
28 60 52 
16 59 72 
32 58 55 
45 45 56 
22 44 39 
60 44 60 
38 42 70 
11 37 98 
60 37 88 
11 35 30 
26 32 33 
48 24 56 
55 20 38 
20 15 60 
34 12 38 
35 12 91 
53 4 35 
