160 233 59 
91 225 33 
149 225 68 
126 223 67 
148 223 64 
142 218 71 
145 211 69 
149 211 103 
143 210 54 
130 209 80 
120 201 66 
167 200 90 
128 199 34 
128 198 85 
133 198 35 
106 189 98 
109 186 56 
126 185 36 
140 180 69 
82 178 56 
125 177 71 
145 175 57 
145 174 86 
120 173 57 
108 172 70 
66 166 58 
109 158 134 
81 148 63 
133 148 72 
95 142 40 
99 142 73 
82 136 60 
83 136 97 
98 136 25 
43 127 49 
78 115 59 
82 113 59 
83 110 68 
73 103 17 
40 101 71 
93 101 70 
57 100 42 
76 100 42 
34 98 35 
80 98 48 
48 96 32 
22 94 67 
32 93 40 
63 93 62 
62 90 51 
32 89 23 
26 81 56 
39 81 65 
17 80 45 
35 79 45 
17 77 36 
34 77 56 
55 76 92 
69 75 60 
78 70 22 
26 68 14 
50 68 29 
59 66 41 
21 65 46 
60 64 39 
34 63 36 
35 62 48 
20 61 89 
22 61 60 
36 61 78 
18 60 24 
20 60 61 
35 60 30 
36 60 34 
37 60 64 
19 59 33 
59 57 49 
82 57 57 
60 55 53 
59 54 44 
47 53 54 
53 53 36 
22 49 36 
44 49 75 
55 49 82 
15 46 53 
17 46 61 
17 44 38 
28 44 23 
20 43 19 
17 42 27 
58 40 92 
45 38 33 
29 19 63 
15 17 36 
24 12 38 
35 8 51 
