245 239 42 
167 200 24 
218 160 46 
234 156 4 
223 149 49 
221 146 64 
226 144 66 
226 143 5 
226 142 54 
230 135 56 
204 129 46 
220 129 57 
238 122 44 
239 115 68 
240 114 82 
226 109 20 
227 107 49 
216 106 46 
218 106 49 
226 106 68 
216 105 53 
239 105 17 
236 104 61 
238 101 27 
240 101 108 
217 97 106 
203 96 46 
217 96 25 
216 92 67 
216 91 29 
234 89 98 
235 89 47 
235 88 55 
212 86 49 
229 84 15 
225 82 99 
197 79 83 
224 79 28 
234 78 34 
223 77 52 
203 64 28 
231 60 46 
243 57 48 
205 56 76 
224 56 59 
202 50 26 
202 49 59 
216 48 34 
222 45 74 
198 43 76 
202 38 24 
226 34 52 
203 33 43 
205 33 17 
204 32 86 
205 32 33 
222 30 27 
209 20 60 
214 16 71 
215 16 54 
188 11 55 
