175 238 69 
207 238 56 
175 237 25 
184 233 70 
185 233 60 
191 231 61 
169 229 37 
189 229 57 
184 228 24 
187 224 63 
178 223 100 
186 223 23 
178 222 14 
186 222 43 
175 213 42 
207 212 40 
202 211 41 
207 211 56 
167 210 46 
170 209 61 
204 209 49 
203 208 59 
205 208 26 
188 207 72 
176 206 56 
186 206 59 
198 205 44 
201 205 32 
203 205 38 
185 203 25 
167 200 70 
170 200 46 
172 200 36 
170 199 56 
191 199 48 
192 199 63 
211 199 56 
191 198 89 
203 197 85 
184 195 53 
202 195 40 
192 194 73 
207 193 45 
192 192 52 
207 192 43 
184 190 79 
186 189 57 
195 189 100 
203 189 67 
168 188 16 
182 188 47 
185 188 57 
189 188 84 
168 187 73 
182 187 27 
195 187 60 
207 187 26 
181 185 21 
186 185 51 
190 185 79 
216 184 17 
217 184 56 
186 183 26 
186 182 19 
194 180 54 
179 179 23 
184 179 52 
187 179 40 
199 179 56 
216 178 63 
187 177 98 
194 177 47 
176 176 36 
201 175 49 
199 174 92 
206 174 85 
200 173 40 
206 173 80 
227 173 38 
200 172 94 
183 171 33 
188 171 52 
199 171 48 
185 170 67 
202 166 55 
219 158 50 
219 157 10 
219 156 66 
220 154 15 
198 149 49 
185 148 40 
218 144 67 
210 136 40 
211 136 55 
222 132 38 
208 131 15 
209 131 48 
221 130 62 
238 128 66 
238 127 42 
197 126 69 
204 126 80 
223 124 77 
201 123 69 
209 120 49 
234 119 52 
236 118 15 
218 117 63 
230 117 70 
220 115 40 
223 113 65 
239 112 57 
211 111 17 
224 111 56 
239 111 76 
211 107 75 
229 107 59 
212 106 34 
207 105 70 
224 104 10 
220 101 54 
230 100 57 
233 98 55 
236 97 80 
235 96 60 
236 96 64 
234 94 32 
231 92 53 
225 88 47 
226 88 44 
227 88 52 
237 85 47 
221 84 18 
242 84 57 
236 83 70 
235 81 48 
230 80 51 
234 80 49 
246 80 66 
230 79 61 
228 78 30 
236 76 37 
241 74 82 
234 72 78 
235 72 29 
238 72 33 
233 71 67 
225 69 59 
233 69 50 
235 69 50 
241 69 81 
226 68 63 
221 66 54 
236 66 34 
217 65 52 
238 63 49 
227 62 49 
229 62 57 
239 62 38 
213 61 25 
226 59 43 
237 59 37 
242 59 41 
244 59 43 
228 58 81 
243 58 54 
225 56 39 
225 55 24 
235 55 32 
241 54 48 
235 53 25 
223 52 15 
243 52 59 
244 52 53 
246 52 62 
218 51 96 
221 51 63 
243 50 92 
245 50 106 
220 49 77 
242 49 70 
243 49 54 
244 49 51 
214 48 43 
244 48 107 
237 44 36 
231 40 51 
240 36 16 
228 35 57 
