16 232 47 
21 228 22 
21 227 50 
31 214 66 
32 213 68 
167 200 62 
33 192 34 
16 188 45 
18 186 105 
32 179 21 
27 170 43 
22 165 41 
38 162 68 
25 161 49 
28 159 88 
23 153 57 
24 150 29 
30 149 44 
18 148 16 
35 143 27 
29 142 55 
13 132 15 
30 131 16 
33 126 13 
50 126 70 
15 118 20 
29 117 54 
40 109 87 
36 98 73 
36 93 48 
32 92 71 
33 92 61 
18 87 29 
50 84 69 
24 83 50 
23 82 57 
53 80 34 
24 79 57 
52 79 42 
22 78 48 
43 74 38 
57 74 27 
49 73 48 
55 73 78 
64 70 29 
26 69 30 
63 68 59 
30 67 63 
42 67 34 
47 67 20 
47 66 49 
26 64 73 
40 64 101 
67 64 74 
43 63 67 
42 60 79 
43 60 51 
63 59 102 
64 59 60 
44 56 86 
21 54 30 
35 50 60 
158 49 55 
55 47 67 
154 45 42 
157 43 80 
153 42 51 
154 42 62 
157 42 43 
160 42 45 
151 41 99 
153 41 46 
157 41 94 
153 40 107 
154 40 49 
159 40 49 
152 39 30 
153 39 57 
154 39 50 
161 39 40 
165 39 22 
153 38 68 
155 38 39 
155 37 62 
156 37 77 
160 37 83 
148 36 11 
153 36 36 
154 36 92 
157 36 49 
158 36 20 
163 36 103 
152 35 83 
159 35 55 
162 35 80 
153 34 89 
154 34 70 
156 34 80 
157 34 61 
160 34 31 
163 34 56 
154 33 78 
156 33 61 
157 33 54 
158 33 75 
159 33 22 
161 33 36 
150 32 99 
151 32 62 
152 32 39 
153 32 63 
154 32 38 
157 32 49 
159 32 72 
160 32 33 
154 31 70 
155 31 29 
156 31 97 
66 27 33 
153 27 9 
154 27 87 
159 12 51 
88 10 83 
86 9 64 
