183 238 70 
184 235 46 
230 235 6 
184 234 118 
194 234 50 
226 234 66 
232 234 76 
194 233 90 
198 231 71 
194 230 59 
161 229 62 
205 229 83 
211 229 85 
186 227 39 
182 226 74 
159 225 46 
174 225 43 
185 225 55 
158 224 50 
176 223 45 
183 223 55 
182 220 78 
170 219 59 
174 216 52 
176 216 56 
179 215 37 
151 209 42 
198 209 33 
163 208 54 
164 208 69 
170 205 82 
192 205 24 
167 200 30 
209 197 37 
170 195 97 
170 192 44 
204 192 62 
170 191 64 
174 181 25 
175 180 77 
199 179 44 
176 177 85 
177 176 56 
190 176 28 
162 167 19 
168 164 18 
186 152 78 
195 149 47 
178 145 84 
192 144 51 
156 143 33 
156 142 71 
176 141 51 
166 139 56 
175 139 35 
178 137 92 
151 133 57 
178 129 63 
169 126 22 
173 126 45 
164 124 73 
168 123 29 
186 123 62 
187 123 34 
161 120 40 
176 120 33 
171 119 48 
175 119 31 
176 119 84 
151 118 40 
163 118 38 
170 118 45 
150 117 52 
176 117 108 
177 117 42 
181 116 57 
185 115 106 
168 113 45 
177 113 42 
148 112 24 
187 112 54 
164 111 71 
149 110 45 
167 110 54 
168 106 56 
131 105 73 
172 105 63 
179 105 87 
156 103 29 
176 103 46 
178 103 91 
179 103 47 
166 102 70 
156 100 71 
178 98 69 
157 97 52 
188 97 67 
190 96 52 
187 93 39 
219 91 42 
217 90 15 
218 90 13 
219 90 66 
181 89 60 
165 88 30 
164 84 58 
139 78 14 
149 68 38 
179 63 34 
147 62 26 
112 51 23 
124 49 47 
153 46 39 
123 43 82 
116 37 97 
132 35 62 
133 35 42 
120 31 49 
114 27 87 
119 27 67 
128 27 84 
124 23 45 
124 22 30 
131 22 30 
133 22 57 
134 22 44 
132 21 119 
146 19 42 
118 16 39 
129 16 35 
137 14 49 
148 14 66 
114 13 16 
115 13 73 
122 13 48 
140 12 22 
95 10 47 
107 8 60 
107 6 42 
