124 242 53 
108 237 73 
131 237 33 
118 236 57 
108 235 66 
110 232 49 
145 231 54 
107 230 61 
145 230 83 
55 227 34 
126 226 23 
84 221 81 
85 221 52 
153 218 66 
126 216 62 
158 216 57 
11 212 23 
144 211 26 
148 211 54 
133 209 30 
136 208 50 
143 208 73 
148 208 81 
136 207 17 
123 206 63 
28 204 71 
29 204 51 
162 203 37 
129 201 15 
130 200 21 
155 200 77 
167 200 39 
124 197 33 
164 197 36 
127 195 23 
149 195 40 
39 190 60 
164 190 58 
147 188 79 
32 185 49 
166 185 44 
133 184 47 
135 184 53 
134 183 74 
135 183 56 
12 182 86 
112 181 60 
179 181 39 
26 180 64 
156 180 29 
25 176 71 
27 176 22 
27 175 76 
38 175 58 
136 174 33 
151 174 34 
17 172 55 
35 172 29 
156 172 37 
29 171 114 
143 171 70 
36 170 17 
123 170 57 
143 170 38 
17 169 89 
18 166 77 
19 166 15 
17 165 43 
18 165 43 
21 165 40 
187 165 41 
19 164 52 
22 164 40 
159 162 74 
163 162 48 
28 161 61 
163 161 64 
162 159 66 
163 159 42 
27 157 73 
27 156 45 
165 156 27 
166 156 66 
165 152 33 
156 151 50 
180 149 41 
180 148 99 
172 146 29 
173 146 38 
29 145 22 
142 145 66 
171 145 45 
172 145 70 
134 137 59 
12 136 56 
158 136 29 
190 136 60 
193 136 90 
194 135 95 
39 134 32 
25 132 52 
46 131 62 
171 131 72 
20 129 25 
44 129 103 
22 128 60 
25 124 41 
24 120 45 
171 120 46 
206 119 60 
45 118 30 
231 116 32 
24 115 51 
12 107 65 
20 105 27 
176 104 65 
196 104 55 
179 98 60 
196 98 68 
192 97 37 
181 96 67 
148 95 60 
210 95 45 
36 93 71 
162 93 91 
195 91 38 
176 88 72 
216 87 55 
205 86 36 
191 84 39 
224 83 95 
182 81 62 
189 81 18 
203 81 48 
212 81 74 
230 81 25 
187 80 18 
212 80 36 
195 79 59 
212 79 26 
189 77 63 
193 75 64 
195 75 57 
219 75 52 
207 74 86 
197 73 29 
199 73 109 
205 73 83 
206 73 80 
186 72 65 
188 72 57 
234 71 35 
211 69 51 
73 68 52 
230 68 21 
197 67 41 
211 67 31 
215 67 82 
218 67 66 
35 66 12 
69 65 16 
175 65 97 
57 64 35 
170 64 57 
191 63 46 
211 61 60 
64 60 22 
64 59 86 
206 59 36 
204 58 56 
61 57 41 
172 57 45 
178 57 42 
198 57 44 
226 56 43 
183 55 51 
208 55 77 
56 54 16 
54 52 37 
69 52 69 
197 52 54 
218 52 63 
52 51 44 
63 51 54 
186 51 54 
193 51 63 
235 50 37 
33 49 36 
50 49 87 
203 49 51 
199 48 65 
202 47 16 
53 46 39 
187 46 48 
57 45 32 
214 45 79 
215 44 51 
220 43 67 
214 42 63 
214 41 62 
35 40 50 
102 39 65 
207 37 59 
46 36 31 
213 36 74 
77 35 34 
217 34 82 
41 33 32 
194 33 79 
221 32 51 
192 31 97 
233 31 52 
67 29 71 
210 29 37 
209 28 43 
238 28 59 
41 27 59 
79 26 21 
227 26 60 
47 25 54 
61 25 80 
204 25 105 
45 24 30 
214 23 40 
215 22 52 
222 22 72 
67 21 50 
202 21 52 
203 21 79 
220 19 60 
225 18 92 
51 17 44 
225 17 29 
45 16 31 
215 16 57 
220 16 38 
225 16 11 
229 15 86 
227 14 37 
53 12 60 
210 9 60 
75 6 35 
