220 233 33 
212 232 76 
213 232 45 
214 232 42 
175 231 61 
150 227 66 
154 225 54 
158 225 59 
175 225 39 
213 225 71 
187 224 67 
202 222 80 
202 220 66 
203 219 43 
226 219 66 
201 218 70 
206 218 57 
211 218 26 
226 217 32 
174 216 18 
226 212 76 
159 210 29 
191 210 75 
195 207 24 
244 207 34 
165 206 37 
168 206 53 
196 205 47 
197 204 51 
192 203 49 
219 201 62 
244 201 35 
167 200 26 
246 200 59 
188 199 38 
196 199 33 
210 199 42 
215 199 43 
235 199 50 
208 192 44 
240 191 38 
196 190 47 
173 189 41 
219 188 20 
203 186 37 
156 181 42 
184 180 59 
200 180 61 
202 180 21 
203 180 22 
188 179 41 
199 179 66 
199 178 46 
168 177 68 
194 177 76 
199 177 48 
201 177 23 
180 176 91 
195 176 56 
202 176 46 
196 175 40 
172 168 36 
182 166 66 
215 166 44 
228 165 106 
195 163 57 
219 163 72 
220 162 110 
241 162 62 
217 161 127 
237 160 89 
233 159 18 
159 158 59 
178 158 38 
220 158 67 
178 157 47 
189 157 38 
186 156 49 
188 156 47 
223 156 57 
210 151 30 
215 151 6 
217 151 54 
221 151 82 
230 151 52 
200 150 64 
228 150 13 
219 149 41 
190 148 60 
222 148 62 
204 147 59 
222 147 39 
200 146 63 
218 146 63 
190 145 18 
195 145 59 
196 145 64 
202 145 54 
213 145 22 
225 145 65 
210 144 13 
191 143 44 
196 143 55 
239 143 79 
196 142 70 
197 142 45 
223 142 33 
224 142 72 
233 142 43 
182 141 50 
183 141 30 
209 141 78 
228 141 60 
237 140 69 
174 139 63 
186 139 42 
190 139 63 
196 139 62 
197 139 76 
226 139 61 
181 138 13 
214 138 51 
219 138 43 
224 138 51 
208 137 55 
204 136 25 
205 136 73 
206 136 71 
193 135 49 
206 135 59 
208 135 84 
213 135 71 
241 135 53 
178 133 57 
192 133 40 
240 133 38 
173 132 65 
191 132 51 
207 132 61 
211 132 27 
222 132 43 
229 132 46 
209 131 48 
224 131 13 
185 130 56 
190 130 39 
209 130 17 
210 130 46 
215 130 65 
190 129 57 
189 128 81 
197 128 40 
208 128 41 
214 128 44 
187 127 37 
188 127 65 
194 127 96 
197 127 51 
206 127 94 
212 127 41 
216 127 63 
235 127 32 
206 126 41 
211 126 29 
207 125 48 
222 125 34 
184 124 36 
189 124 33 
207 124 101 
220 124 78 
229 124 37 
243 124 56 
187 123 42 
204 123 39 
205 123 68 
210 123 37 
217 123 69 
228 123 59 
234 123 45 
243 123 7 
198 122 80 
204 122 57 
208 122 50 
212 122 35 
213 122 44 
237 122 47 
218 121 62 
232 121 57 
235 121 57 
184 119 22 
239 119 71 
210 118 42 
222 118 25 
224 118 14 
188 117 14 
200 117 67 
219 117 33 
233 117 56 
197 116 56 
204 116 93 
217 116 10 
218 116 66 
229 116 58 
184 115 48 
193 115 26 
215 115 52 
217 115 91 
222 114 51 
223 114 11 
243 114 44 
184 113 44 
220 113 57 
227 113 54 
168 112 59 
182 111 60 
192 110 22 
206 110 33 
232 110 67 
201 109 36 
205 109 65 
209 109 76 
192 108 87 
196 108 49 
200 108 53 
206 108 41 
227 108 50 
230 108 57 
242 108 49 
210 107 60 
222 107 57 
230 107 29 
240 107 48 
210 106 20 
231 106 77 
172 104 75 
207 104 65 
215 104 48 
222 104 66 
233 104 33 
234 104 28 
198 103 30 
201 103 40 
213 103 87 
231 103 17 
164 102 49 
188 102 18 
227 102 34 
230 102 14 
231 102 18 
216 101 20 
223 101 54 
185 100 63 
208 100 26 
227 100 42 
221 99 30 
228 99 52 
187 98 66 
197 98 42 
222 98 41 
228 98 40 
183 96 78 
184 96 17 
232 96 48 
216 93 30 
227 91 21 
237 91 63 
206 90 51 
240 90 15 
206 89 72 
224 89 72 
231 89 60 
196 88 35 
221 88 50 
213 87 43 
210 86 37 
214 86 46 
224 85 25 
229 85 49 
210 83 57 
216 83 74 
217 83 49 
225 83 44 
226 83 85 
205 81 5 
191 80 44 
203 80 82 
204 80 19 
205 80 65 
219 80 71 
239 80 59 
189 78 58 
238 78 57 
189 77 61 
169 76 36 
170 76 36 
203 76 15 
215 76 52 
212 75 73 
228 70 39 
193 69 27 
238 64 60 
240 64 60 
216 61 79 
226 55 34 
232 53 43 
205 39 60 
