163 241 79 
159 237 38 
147 234 67 
148 233 41 
205 233 65 
137 231 54 
155 230 37 
142 229 49 
172 229 62 
205 229 73 
167 228 143 
111 226 54 
174 226 74 
190 226 62 
143 225 58 
171 225 33 
173 225 88 
180 225 93 
181 225 28 
141 224 52 
142 224 88 
164 224 54 
180 224 48 
182 224 31 
141 223 67 
143 223 70 
179 222 34 
93 220 15 
153 220 115 
169 220 47 
170 220 6 
155 219 65 
191 219 29 
126 218 88 
172 218 71 
157 217 82 
158 217 70 
149 216 44 
191 216 67 
160 214 49 
161 214 36 
176 214 71 
151 213 94 
154 213 64 
171 213 55 
181 213 68 
145 212 69 
151 212 49 
173 212 59 
181 212 61 
155 211 58 
173 211 34 
179 211 19 
189 211 54 
192 211 81 
188 210 127 
193 210 37 
184 209 62 
190 209 47 
182 208 104 
193 208 65 
107 207 42 
162 207 34 
107 206 100 
169 206 48 
179 206 42 
185 206 44 
186 206 20 
202 205 44 
203 205 41 
158 204 68 
203 204 42 
106 202 92 
120 202 22 
125 202 29 
157 202 25 
162 202 54 
180 202 58 
192 202 17 
176 201 69 
192 201 48 
160 200 51 
167 200 95 
186 200 54 
187 200 72 
195 200 49 
197 200 57 
203 200 51 
171 199 69 
201 199 26 
202 199 95 
203 199 103 
187 198 45 
189 198 54 
190 198 86 
207 197 67 
200 196 45 
201 196 82 
207 196 40 
185 195 47 
201 195 51 
206 195 49 
214 195 60 
172 194 76 
194 194 27 
201 194 54 
136 193 57 
181 193 20 
197 193 77 
139 192 70 
188 192 32 
195 192 70 
139 191 25 
183 191 95 
210 191 69 
187 190 53 
205 190 91 
192 188 64 
199 186 30 
198 185 50 
198 184 47 
211 183 26 
200 182 34 
204 181 29 
205 180 62 
183 179 55 
199 179 55 
210 178 44 
200 177 26 
195 176 98 
201 169 55 
209 169 42 
199 166 67 
212 166 65 
215 166 55 
212 164 92 
213 164 75 
214 164 37 
216 163 86 
216 162 48 
226 139 42 
219 136 51 
219 135 86 
221 135 68 
226 135 42 
229 123 53 
228 120 100 
228 108 65 
236 92 48 
238 76 22 
235 75 52 
237 74 36 
245 56 92 
233 39 43 
232 38 69 
235 35 67 
