66 241 10 
65 235 53 
74 234 94 
78 233 36 
60 224 42 
44 221 22 
68 220 83 
70 219 49 
49 216 49 
82 212 24 
167 200 65 
76 196 80 
84 189 83 
85 188 66 
60 185 62 
60 182 81 
66 182 24 
67 181 17 
71 181 44 
72 181 72 
49 180 10 
65 180 45 
75 180 48 
46 179 46 
73 179 61 
74 179 20 
53 178 31 
66 178 18 
65 177 50 
79 177 9 
64 176 42 
72 176 91 
67 175 40 
74 175 14 
77 175 69 
83 175 27 
59 174 48 
67 174 89 
68 174 72 
69 174 110 
71 174 52 
76 174 75 
56 173 56 
57 173 20 
69 173 25 
72 173 70 
73 173 79 
77 173 59 
81 173 72 
55 172 51 
68 172 72 
70 172 53 
73 172 43 
75 172 81 
46 171 34 
57 171 50 
65 171 95 
68 171 42 
69 171 23 
73 171 44 
82 171 60 
55 170 40 
74 170 37 
76 170 49 
77 170 53 
83 170 22 
70 169 19 
74 169 93 
75 169 44 
77 169 87 
78 169 74 
82 169 37 
54 168 73 
59 168 75 
61 168 81 
64 168 29 
68 168 18 
70 168 56 
76 168 75 
77 168 49 
81 168 84 
92 168 26 
43 167 51 
50 167 64 
54 167 62 
60 167 41 
66 167 97 
67 167 64 
70 167 73 
72 167 45 
74 167 38 
75 167 52 
77 167 59 
79 167 74 
80 167 27 
81 167 41 
63 166 90 
65 166 75 
66 166 38 
67 166 39 
68 166 43 
71 166 29 
72 166 18 
74 166 130 
77 166 71 
79 166 53 
81 166 36 
53 165 75 
61 165 53 
62 165 44 
67 165 43 
68 165 45 
72 165 50 
75 165 56 
79 165 58 
82 165 40 
83 165 13 
53 164 46 
55 164 36 
59 164 47 
61 164 70 
71 164 57 
73 164 26 
75 164 48 
47 163 19 
52 163 47 
54 163 48 
57 163 36 
63 163 115 
65 163 61 
67 163 24 
69 163 82 
70 163 65 
75 163 36 
82 163 56 
44 162 25 
66 162 75 
68 162 55 
72 162 60 
74 162 62 
81 162 24 
54 161 27 
58 161 55 
62 161 61 
67 161 56 
68 161 58 
70 161 108 
86 161 66 
57 160 47 
64 160 56 
69 160 21 
48 159 15 
55 159 48 
62 159 51 
63 159 14 
64 159 25 
70 159 68 
74 159 81 
50 158 95 
59 158 60 
60 158 48 
63 158 85 
66 158 40 
69 158 60 
72 158 113 
73 158 32 
77 158 85 
79 158 47 
80 158 21 
81 158 25 
54 157 40 
65 157 18 
67 157 93 
69 157 49 
80 157 71 
81 157 34 
54 156 40 
62 156 48 
64 156 135 
66 156 60 
68 156 74 
69 156 68 
70 156 29 
60 155 96 
62 155 91 
63 155 30 
67 155 13 
71 155 81 
78 155 63 
87 155 36 
48 154 71 
60 154 95 
63 154 25 
64 154 46 
65 154 21 
66 154 42 
71 154 45 
72 154 52 
66 153 55 
69 153 66 
79 153 94 
62 152 45 
63 152 47 
67 152 98 
77 152 70 
78 152 52 
84 152 54 
62 151 98 
63 151 53 
65 151 74 
74 151 45 
58 150 65 
68 149 56 
70 149 70 
71 149 34 
63 148 69 
64 148 38 
65 148 36 
66 148 35 
75 148 94 
80 148 48 
67 147 41 
68 147 51 
69 147 9 
66 146 55 
60 145 88 
58 143 6 
73 143 5 
79 143 40 
51 142 22 
80 141 45 
59 138 37 
82 138 43 
69 129 113 
71 124 22 
58 121 88 
54 120 43 
59 120 60 
60 120 70 
65 118 25 
78 118 50 
58 117 102 
71 117 66 
59 116 91 
63 116 27 
62 115 73 
60 114 33 
84 114 30 
56 111 65 
61 111 51 
54 110 56 
56 110 39 
62 110 83 
63 110 74 
75 108 15 
78 108 44 
76 107 11 
78 107 54 
73 105 87 
73 99 68 
62 97 74 
75 93 98 
76 93 82 
72 85 60 
60 84 9 
70 83 44 
72 83 29 
72 82 41 
71 75 70 
70 69 41 
75 67 43 
68 64 60 
68 61 29 
70 59 43 
68 57 59 
70 57 49 
71 57 13 
70 56 61 
76 56 30 
62 55 54 
70 55 77 
83 53 43 
61 52 76 
63 50 61 
70 50 47 
60 49 29 
66 47 58 
77 46 22 
80 46 46 
62 44 64 
62 43 70 
60 42 27 
67 42 45 
62 41 45 
71 40 20 
72 39 57 
64 35 15 
53 34 61 
56 34 43 
72 34 90 
61 33 38 
72 33 79 
75 32 32 
78 32 112 
66 29 47 
64 24 56 
62 22 65 
60 21 50 
62 21 35 
62 20 85 
74 15 59 
78 15 63 
74 14 29 
