167 200 30 
12 122 28 
17 116 40 
23 116 37 
17 114 45 
24 113 43 
24 112 18 
25 112 65 
30 112 63 
31 112 39 
19 111 19 
25 111 58 
26 111 21 
16 106 70 
20 106 45 
31 106 35 
21 105 27 
22 105 66 
23 105 16 
29 105 19 
23 99 73 
34 99 49 
31 98 45 
36 98 49 
33 97 66 
31 95 85 
31 94 3 
39 94 59 
46 94 70 
32 89 54 
36 86 31 
42 85 44 
42 84 67 
54 82 52 
38 72 45 
48 72 66 
49 72 71 
55 69 53 
59 69 66 
58 68 76 
57 66 58 
73 66 59 
46 65 61 
63 65 109 
64 65 38 
44 64 42 
61 61 59 
63 60 33 
64 59 30 
51 58 19 
52 58 52 
60 57 47 
68 57 54 
58 55 62 
61 54 81 
70 52 58 
71 52 24 
41 51 37 
70 51 57 
71 51 27 
66 50 59 
63 49 79 
66 49 83 
68 49 56 
60 48 73 
63 46 22 
70 41 42 
75 27 70 
70 26 60 
82 22 67 
95 22 52 
92 16 57 
74 8 32 
