134 241 25 
132 240 45 
134 240 95 
147 240 25 
169 240 56 
173 240 75 
160 239 29 
162 239 54 
164 239 40 
121 238 69 
149 238 33 
179 238 83 
185 238 11 
158 237 134 
159 237 42 
156 236 16 
159 236 83 
168 236 77 
171 236 37 
158 235 69 
159 235 14 
160 235 65 
162 235 19 
170 235 23 
171 235 103 
144 234 57 
157 234 48 
159 234 92 
160 234 82 
163 234 21 
164 234 79 
132 233 70 
143 233 59 
159 233 33 
166 233 27 
172 233 37 
176 233 56 
183 233 108 
200 233 25 
130 232 71 
131 232 57 
137 232 59 
142 232 49 
147 232 49 
153 232 21 
154 232 57 
165 232 43 
140 231 91 
141 231 97 
184 231 90 
189 231 93 
139 230 54 
144 230 48 
178 230 26 
140 229 63 
144 229 22 
147 229 86 
162 229 72 
168 229 79 
188 229 67 
144 228 51 
173 228 64 
174 228 61 
152 227 57 
164 227 64 
166 227 12 
173 227 84 
183 227 47 
146 226 28 
163 226 45 
170 226 45 
177 226 43 
185 226 107 
142 225 54 
144 225 84 
161 225 46 
162 225 51 
150 224 63 
153 224 42 
163 224 19 
168 224 95 
146 223 18 
163 223 43 
167 223 112 
168 223 74 
170 223 33 
173 223 43 
174 223 63 
188 223 18 
133 222 63 
144 222 62 
148 222 85 
150 222 98 
156 222 94 
160 222 165 
164 222 52 
167 222 71 
137 221 99 
148 221 32 
155 221 125 
162 221 71 
164 221 26 
167 221 56 
186 221 49 
139 220 52 
142 220 10 
145 220 48 
146 220 25 
154 220 30 
174 220 41 
177 220 72 
183 220 28 
188 220 94 
192 220 27 
139 219 39 
144 219 40 
149 219 64 
150 219 57 
157 219 63 
162 219 25 
169 219 92 
172 219 97 
178 219 88 
179 219 17 
181 219 40 
183 219 54 
127 218 78 
143 218 48 
146 218 65 
158 218 26 
168 218 8 
176 218 55 
183 218 49 
184 218 69 
190 218 38 
140 217 86 
143 217 48 
145 217 21 
149 217 70 
152 217 72 
157 217 64 
166 217 71 
167 217 39 
168 217 48 
172 217 144 
174 217 103 
194 217 74 
195 217 34 
144 216 46 
153 216 44 
156 216 62 
161 216 46 
163 216 74 
169 216 22 
179 216 46 
187 216 33 
193 216 63 
195 216 23 
142 215 40 
143 215 51 
152 215 20 
153 215 52 
155 215 54 
157 215 26 
161 215 93 
162 215 36 
164 215 42 
165 215 51 
174 215 82 
180 215 74 
182 215 80 
142 214 15 
147 214 63 
151 214 30 
153 214 86 
154 214 57 
164 214 38 
174 214 28 
180 214 78 
188 214 28 
137 213 70 
151 213 100 
159 213 23 
160 213 43 
161 213 38 
163 213 50 
168 213 30 
171 213 63 
175 213 20 
176 213 60 
178 213 33 
189 213 27 
193 213 40 
194 213 62 
155 212 60 
157 212 73 
158 212 71 
163 212 21 
165 212 110 
167 212 67 
173 212 109 
175 212 74 
177 212 66 
178 212 94 
179 212 75 
193 212 44 
150 211 41 
151 211 77 
160 211 63 
167 211 15 
168 211 65 
171 211 34 
172 211 68 
173 211 59 
176 211 33 
179 211 19 
203 211 7 
138 210 79 
140 210 52 
145 210 53 
146 210 71 
151 210 42 
152 210 63 
156 210 24 
160 210 58 
169 210 60 
171 210 75 
204 210 42 
147 209 77 
148 209 58 
157 209 42 
160 209 87 
161 209 21 
166 209 19 
167 209 92 
169 209 23 
185 209 101 
129 208 65 
143 208 100 
147 208 45 
150 208 44 
160 208 76 
174 208 79 
134 207 29 
144 207 83 
145 207 24 
146 207 26 
148 207 49 
149 207 47 
150 207 22 
151 207 40 
152 207 45 
153 207 71 
155 207 55 
159 207 13 
160 207 18 
165 207 54 
179 207 70 
180 207 62 
181 207 55 
187 207 93 
144 206 24 
148 206 21 
149 206 72 
152 206 50 
156 206 19 
160 206 22 
161 206 55 
162 206 96 
163 206 65 
167 206 10 
184 206 62 
136 205 74 
141 205 13 
155 205 53 
161 205 14 
162 205 70 
170 205 102 
171 205 73 
237 205 25 
142 204 72 
159 204 69 
160 204 72 
163 204 26 
172 204 74 
175 204 56 
196 204 94 
142 203 51 
145 203 37 
148 203 47 
150 203 50 
155 203 77 
156 203 31 
159 203 44 
163 203 37 
164 203 56 
165 203 52 
170 203 45 
173 203 53 
137 202 84 
149 202 32 
157 202 75 
162 202 23 
164 202 90 
172 202 36 
181 202 24 
151 201 78 
152 201 17 
176 201 56 
181 201 95 
183 201 49 
193 201 42 
137 200 71 
147 200 36 
148 200 68 
152 200 100 
153 200 70 
158 200 37 
159 200 46 
167 200 61 
169 200 7 
170 200 57 
200 200 45 
209 200 61 
146 199 45 
147 199 72 
149 199 38 
165 199 75 
170 199 53 
181 199 34 
137 198 21 
138 198 86 
144 198 27 
146 198 83 
150 198 47 
157 198 45 
158 198 44 
160 198 87 
162 198 56 
167 198 81 
175 198 90 
176 198 32 
198 198 42 
219 198 62 
222 198 111 
137 197 66 
154 197 19 
156 197 57 
163 197 44 
165 197 98 
167 197 66 
180 197 58 
194 197 78 
208 197 62 
151 196 5 
153 196 60 
154 196 18 
162 196 51 
163 196 83 
167 196 33 
169 196 19 
184 196 59 
142 195 70 
143 195 76 
145 195 20 
151 195 74 
152 195 84 
153 195 53 
158 195 33 
160 195 18 
164 195 64 
177 195 25 
186 195 60 
199 195 35 
210 195 81 
211 195 66 
143 194 39 
144 194 36 
165 194 69 
168 194 35 
174 194 65 
179 194 34 
181 194 85 
188 194 50 
213 194 48 
133 193 26 
161 193 90 
163 193 14 
167 193 54 
184 193 67 
186 193 44 
187 193 58 
204 193 62 
231 193 20 
133 192 81 
156 192 60 
162 192 44 
172 192 66 
182 192 14 
190 192 105 
193 192 48 
197 192 34 
204 192 64 
129 191 54 
137 191 38 
162 190 18 
174 190 15 
186 190 51 
205 190 79 
139 189 89 
153 189 62 
155 189 71 
171 189 45 
174 189 71 
185 189 82 
187 189 40 
191 189 49 
143 188 46 
148 188 23 
166 188 20 
169 188 90 
170 187 52 
173 187 10 
187 187 27 
229 187 56 
153 186 27 
171 186 65 
172 186 47 
175 186 48 
217 186 17 
150 185 37 
156 184 66 
158 184 89 
158 183 75 
174 183 54 
227 183 25 
137 182 63 
158 182 29 
170 181 2 
131 180 44 
153 180 44 
175 180 25 
155 179 15 
159 178 42 
172 178 57 
195 177 56 
220 177 83 
156 176 66 
158 176 57 
204 176 20 
209 176 17 
210 176 81 
224 176 16 
225 176 52 
236 176 45 
225 175 74 
226 175 46 
151 174 23 
179 174 60 
226 174 45 
235 174 37 
222 172 45 
223 172 78 
185 169 55 
197 169 35 
235 169 45 
173 168 57 
235 168 58 
167 167 46 
169 167 47 
235 166 76 
165 165 57 
219 165 43 
225 165 61 
165 164 104 
172 163 51 
155 162 26 
147 161 47 
237 159 45 
230 156 43 
229 155 27 
231 155 83 
226 150 91 
207 149 71 
233 148 69 
237 144 36 
227 118 60 
