65 237 57 
61 234 79 
52 233 38 
108 228 23 
68 224 25 
75 224 60 
87 224 23 
75 223 90 
62 222 79 
62 221 52 
75 221 65 
78 220 85 
42 218 69 
72 218 65 
82 218 32 
76 214 56 
42 211 70 
79 210 92 
105 210 37 
73 209 29 
88 209 73 
84 208 76 
85 207 27 
65 206 108 
76 206 75 
87 206 53 
91 206 69 
99 206 51 
50 205 56 
77 205 17 
90 204 43 
76 203 13 
82 203 27 
55 202 15 
76 202 92 
82 202 26 
85 202 49 
109 201 59 
167 200 67 
76 198 67 
73 194 48 
77 194 89 
73 193 65 
88 192 38 
74 191 76 
80 191 56 
105 189 21 
74 188 22 
103 184 45 
73 180 79 
87 180 96 
44 179 58 
86 178 33 
88 178 71 
78 177 68 
78 176 69 
84 176 78 
84 175 36 
57 172 43 
74 171 71 
75 171 42 
81 168 23 
82 168 43 
80 167 82 
81 167 93 
66 164 74 
67 164 66 
79 164 36 
52 163 47 
66 163 50 
85 161 70 
66 156 76 
78 140 21 
74 137 49 
44 120 62 
74 111 77 
76 110 51 
61 107 32 
79 106 61 
79 103 22 
64 101 57 
64 100 67 
67 99 43 
68 99 64 
69 99 21 
45 98 59 
46 98 84 
57 98 44 
46 97 32 
47 96 33 
48 96 27 
49 96 82 
51 94 31 
74 94 39 
112 94 35 
62 90 69 
65 89 41 
74 87 65 
49 85 25 
62 85 69 
80 83 66 
36 79 46 
56 79 41 
41 75 45 
47 75 24 
58 75 35 
55 74 63 
73 74 59 
72 73 57 
67 72 49 
47 71 48 
50 71 59 
54 71 39 
63 70 52 
74 70 106 
76 69 44 
49 68 55 
50 68 67 
54 68 67 
58 68 19 
73 68 23 
76 68 34 
46 67 57 
47 67 58 
92 67 65 
33 66 28 
57 65 42 
60 65 67 
91 64 66 
71 63 48 
54 62 35 
59 60 21 
48 58 30 
95 56 66 
36 55 33 
42 55 52 
50 55 47 
62 55 51 
38 52 42 
31 51 34 
20 50 9 
39 50 78 
92 50 70 
91 49 31 
80 46 57 
44 45 31 
57 45 26 
49 40 45 
83 37 55 
51 35 73 
69 35 27 
76 35 36 
38 34 74 
54 32 38 
59 30 67 
44 28 61 
79 27 32 
56 26 24 
54 25 54 
38 24 43 
103 24 27 
39 20 57 
56 20 40 
72 18 58 
46 17 18 
59 16 20 
40 15 28 
47 15 41 
58 15 70 
78 15 26 
59 14 55 
62 14 43 
57 13 40 
49 10 39 
40 9 85 
25 8 28 
29 7 26 
56 7 69 
41 6 19 
45 6 50 
57 6 56 
59 4 30 
