167 200 31 
159 187 46 
152 174 36 
136 167 46 
138 167 81 
140 166 75 
156 166 79 
148 165 83 
156 165 38 
152 158 78 
153 158 22 
183 133 48 
184 131 53 
176 129 38 
182 126 51 
173 123 64 
192 123 73 
173 122 25 
175 122 74 
180 122 56 
182 122 58 
170 120 68 
177 120 51 
169 118 95 
180 118 51 
194 117 71 
161 116 64 
170 116 59 
172 112 92 
173 111 58 
176 100 57 
156 96 15 
156 95 98 
157 95 73 
183 95 46 
168 94 73 
176 93 35 
177 92 56 
183 91 73 
177 90 50 
181 88 49 
176 87 65 
182 87 43 
186 86 69 
202 85 26 
181 84 74 
178 83 41 
189 83 62 
200 82 35 
187 81 65 
205 80 61 
178 79 57 
182 79 46 
200 79 37 
195 78 49 
197 78 57 
196 77 41 
188 76 40 
189 76 48 
197 73 43 
191 72 48 
199 72 39 
186 71 41 
190 69 61 
187 68 32 
196 68 58 
194 66 68 
180 65 41 
193 65 49 
197 63 47 
181 61 44 
191 61 65 
213 61 41 
209 60 16 
196 59 43 
210 58 77 
215 56 43 
190 55 33 
194 55 39 
189 54 52 
194 54 67 
215 52 50 
196 51 28 
207 51 48 
212 49 72 
210 45 45 
209 44 74 
213 43 20 
225 41 63 
200 40 96 
187 39 30 
200 39 19 
219 36 84 
209 34 45 
222 29 82 
202 27 65 
217 26 38 
213 25 5 
217 24 106 
193 23 37 
217 23 12 
218 23 46 
219 23 89 
203 22 72 
209 20 73 
218 19 49 
213 16 16 
