138 240 75 
133 234 37 
160 234 53 
169 234 66 
133 233 86 
155 232 98 
151 229 95 
151 228 95 
125 223 49 
114 219 12 
165 216 69 
145 215 70 
149 215 23 
122 214 69 
149 214 36 
97 212 55 
97 211 49 
94 210 60 
95 209 64 
134 200 29 
167 200 40 
136 199 14 
138 199 64 
152 199 50 
158 195 32 
140 188 60 
131 187 65 
141 187 41 
148 186 45 
131 181 42 
142 176 53 
178 172 78 
121 165 56 
151 158 38 
156 143 115 
156 137 49 
126 132 68 
147 130 55 
129 127 37 
147 123 24 
125 120 11 
158 120 53 
125 116 55 
145 109 16 
149 108 21 
139 101 44 
150 101 71 
166 99 88 
167 99 90 
155 97 18 
157 97 72 
145 96 79 
111 94 23 
131 94 62 
157 94 120 
135 93 38 
109 91 55 
151 91 66 
112 90 82 
162 89 42 
152 88 42 
146 86 49 
139 84 81 
152 84 67 
172 84 57 
151 81 91 
127 80 77 
135 80 56 
121 79 34 
157 78 37 
134 77 26 
97 73 41 
108 70 98 
138 70 38 
141 70 57 
113 68 26 
159 68 33 
163 61 97 
126 59 62 
139 59 44 
131 58 46 
143 58 19 
126 54 53 
159 54 54 
136 52 81 
156 52 26 
146 50 19 
147 50 52 
126 47 65 
140 47 23 
148 47 70 
145 46 11 
146 46 90 
150 45 100 
150 44 52 
133 43 37 
134 40 80 
116 38 32 
108 37 36 
132 37 41 
113 36 57 
139 36 42 
125 35 47 
130 35 87 
130 34 28 
152 33 55 
93 32 78 
114 32 96 
161 32 37 
128 31 37 
106 30 71 
151 30 59 
104 29 85 
106 29 58 
160 29 26 
159 27 66 
114 26 48 
76 25 64 
115 25 88 
135 25 57 
127 24 67 
110 21 51 
110 20 31 
111 20 83 
121 19 25 
128 19 74 
143 19 57 
84 18 51 
124 18 52 
100 17 65 
123 16 34 
99 12 22 
146 12 68 
144 11 18 
145 11 46 
139 8 39 
124 5 49 
