46 231 39 
39 227 58 
41 221 83 
38 219 57 
22 207 77 
34 204 51 
167 200 67 
19 182 58 
47 70 59 
45 62 49 
46 61 42 
50 55 76 
70 41 47 
50 40 54 
52 40 47 
60 40 34 
71 40 76 
49 39 46 
66 39 74 
88 38 29 
76 36 88 
104 36 29 
55 35 45 
102 35 82 
103 35 64 
74 32 70 
90 30 28 
91 28 44 
68 27 60 
61 26 60 
79 25 45 
81 25 46 
79 24 54 
80 22 72 
60 21 67 
61 21 50 
69 21 57 
78 21 32 
82 21 63 
85 21 55 
86 21 62 
87 21 51 
83 19 57 
88 19 62 
91 19 69 
82 18 101 
83 18 70 
90 18 40 
74 17 73 
94 17 51 
96 17 40 
100 17 122 
78 16 60 
82 16 46 
89 16 47 
78 15 67 
84 15 63 
86 15 29 
87 15 66 
81 14 59 
85 14 44 
86 14 34 
68 13 58 
90 13 67 
95 13 53 
80 12 31 
81 12 12 
83 12 42 
91 12 49 
98 12 26 
78 11 19 
81 11 68 
88 11 29 
93 11 34 
65 10 31 
76 10 52 
82 10 27 
83 10 28 
98 10 70 
75 9 20 
83 9 46 
86 8 19 
88 8 75 
95 8 31 
89 7 63 
68 6 57 
70 6 60 
73 6 12 
80 6 73 
90 6 61 
70 5 42 
79 5 31 
81 5 65 
83 4 36 
