167 200 25 
29 128 34 
16 120 59 
38 116 49 
72 104 50 
33 99 38 
37 99 60 
64 99 42 
33 98 33 
39 98 57 
44 97 66 
44 96 46 
66 96 61 
67 96 27 
65 94 65 
69 94 30 
63 93 53 
50 92 46 
31 91 56 
20 90 55 
23 87 70 
53 87 25 
84 85 41 
61 84 52 
65 84 26 
62 83 47 
53 82 102 
98 81 58 
48 80 44 
43 79 78 
70 79 68 
71 79 31 
61 76 42 
51 75 98 
83 74 28 
91 70 42 
52 69 12 
51 68 33 
39 67 46 
39 65 77 
71 64 55 
73 64 4 
52 62 38 
73 61 43 
70 60 42 
90 60 33 
68 59 61 
41 58 43 
48 58 46 
52 57 112 
96 57 38 
107 56 50 
129 56 73 
75 55 68 
110 55 79 
114 55 128 
88 54 36 
92 54 63 
97 54 31 
86 53 35 
88 53 69 
88 52 48 
83 51 34 
77 50 64 
63 48 84 
90 48 75 
94 48 22 
56 45 40 
59 44 40 
67 44 28 
68 44 79 
81 42 20 
49 39 41 
121 36 55 
93 35 23 
141 34 26 
142 34 37 
131 32 42 
130 28 55 
127 27 66 
151 27 36 
169 27 65 
140 25 38 
145 25 38 
110 24 31 
111 24 94 
130 20 67 
151 18 51 
124 17 65 
154 17 48 
152 15 24 
126 14 25 
139 8 43 
