15 242 75 
22 242 44 
28 242 56 
31 242 38 
21 241 45 
19 240 51 
22 240 11 
28 240 78 
16 239 70 
17 239 31 
21 239 28 
13 238 68 
24 238 40 
28 238 46 
19 237 57 
22 237 60 
23 237 91 
26 237 34 
18 236 55 
19 236 60 
20 236 33 
22 236 55 
26 236 89 
15 235 50 
16 235 27 
17 235 43 
18 235 46 
22 235 40 
15 234 58 
16 234 77 
17 234 100 
18 234 61 
20 234 119 
21 234 24 
24 234 67 
28 234 65 
15 233 60 
17 233 96 
16 232 82 
29 232 47 
15 231 100 
18 231 62 
20 231 38 
12 230 153 
15 230 22 
17 230 14 
18 230 78 
27 230 87 
31 230 13 
9 229 71 
11 229 69 
12 229 67 
21 229 115 
22 229 54 
26 229 20 
27 229 41 
15 228 25 
19 228 66 
21 228 46 
24 228 55 
26 228 51 
16 227 58 
22 227 62 
12 226 51 
18 226 65 
22 226 42 
23 226 65 
35 226 29 
20 225 82 
22 225 95 
24 225 45 
17 224 57 
29 224 62 
11 223 69 
23 223 22 
18 222 56 
21 222 14 
30 222 78 
15 221 62 
23 220 87 
14 218 38 
13 217 53 
14 217 39 
16 215 19 
21 215 25 
167 200 101 
