167 200 52 
20 117 67 
26 98 50 
33 92 50 
24 86 33 
25 86 38 
43 84 75 
43 83 31 
45 83 53 
32 79 73 
21 76 8 
22 76 22 
22 74 71 
32 70 51 
51 69 44 
18 67 68 
55 65 52 
20 64 57 
17 63 55 
28 63 71 
43 63 68 
29 62 48 
43 62 46 
41 58 64 
26 57 30 
27 57 39 
28 57 77 
29 57 50 
30 57 42 
18 56 68 
35 56 64 
40 56 48 
30 55 61 
28 54 63 
28 52 37 
52 52 31 
21 50 38 
46 50 42 
16 47 47 
18 47 93 
25 47 41 
26 43 21 
56 42 22 
34 39 25 
21 38 66 
44 38 71 
24 31 44 
44 31 65 
41 27 31 
97 12 107 
38 10 60 
48 3 51 
