34 218 67 
50 204 26 
48 202 36 
29 200 48 
167 200 63 
34 197 49 
48 197 77 
68 196 72 
36 194 47 
60 194 34 
65 194 54 
26 193 46 
38 193 47 
35 192 9 
40 191 99 
49 191 37 
38 190 85 
42 190 19 
53 190 37 
44 189 34 
76 189 27 
45 188 87 
20 187 43 
85 184 54 
60 183 85 
48 182 54 
52 180 52 
55 180 65 
87 179 61 
44 177 45 
78 177 32 
68 176 43 
78 176 97 
78 174 57 
62 170 42 
91 170 84 
91 169 67 
51 162 61 
22 161 76 
73 159 77 
74 159 39 
77 155 82 
230 154 79 
72 147 73 
73 147 20 
78 139 59 
74 138 68 
83 138 40 
61 135 64 
92 135 33 
95 134 35 
71 128 26 
85 123 57 
218 119 76 
95 115 52 
112 115 38 
214 114 65 
229 114 40 
90 113 65 
216 110 52 
208 109 36 
187 108 18 
199 108 73 
210 108 25 
199 107 70 
99 106 54 
221 103 62 
108 102 119 
183 102 49 
225 98 51 
91 97 35 
92 96 67 
211 95 57 
231 94 60 
101 87 52 
118 83 23 
104 80 55 
166 77 18 
208 77 59 
106 76 35 
128 76 47 
168 76 38 
123 75 63 
126 75 52 
131 75 70 
112 73 38 
122 71 69 
125 70 24 
210 69 22 
137 68 52 
210 68 64 
124 67 56 
122 66 62 
118 65 52 
119 65 68 
114 63 33 
116 63 52 
112 62 48 
124 62 66 
107 61 65 
128 60 47 
112 59 49 
113 58 91 
140 58 79 
195 58 24 
122 57 50 
105 56 70 
122 55 69 
155 54 76 
235 54 43 
189 52 50 
124 51 67 
122 49 66 
122 48 22 
125 48 98 
126 48 68 
120 47 69 
127 46 49 
113 45 57 
160 44 37 
224 44 71 
139 43 52 
127 40 32 
124 39 34 
126 34 44 
191 34 55 
123 30 56 
124 29 41 
175 29 76 
128 28 31 
148 28 52 
156 28 57 
168 28 73 
140 27 43 
155 22 40 
115 20 31 
138 19 70 
145 19 33 
138 18 59 
140 17 51 
177 15 62 
136 14 101 
137 14 32 
146 13 39 
141 12 48 
147 12 77 
156 12 52 
147 9 37 
154 9 74 
143 8 33 
144 7 67 
153 7 23 
