117 238 78 
106 220 96 
121 220 49 
106 219 25 
111 219 74 
86 218 63 
103 217 126 
76 214 81 
95 208 58 
123 207 51 
108 205 16 
111 204 50 
122 204 83 
122 203 30 
131 203 41 
167 200 44 
84 199 52 
115 199 81 
99 196 59 
100 196 66 
81 187 67 
76 184 107 
98 183 94 
99 183 20 
76 182 73 
110 182 78 
129 181 37 
90 179 54 
140 177 15 
92 173 63 
95 172 54 
100 172 45 
87 170 41 
130 168 66 
113 163 50 
116 163 27 
80 162 79 
76 161 44 
80 161 17 
12 158 42 
85 158 31 
39 156 54 
78 156 60 
86 155 83 
114 155 64 
83 154 31 
100 154 52 
77 153 50 
81 153 34 
112 153 24 
92 151 33 
109 150 46 
110 150 19 
114 150 71 
68 149 70 
105 149 37 
95 148 59 
116 148 19 
87 147 34 
96 147 84 
87 146 42 
87 145 81 
89 145 49 
11 144 49 
12 144 67 
105 144 51 
12 143 45 
107 141 71 
90 140 89 
94 140 51 
65 139 60 
67 139 92 
99 139 50 
69 138 43 
67 137 64 
67 136 28 
81 136 64 
97 136 77 
90 135 37 
136 134 54 
132 133 110 
24 132 65 
25 132 60 
72 131 51 
97 129 18 
107 129 44 
60 127 74 
91 127 53 
96 127 54 
105 126 111 
103 125 73 
83 124 40 
80 123 35 
93 123 54 
95 119 71 
107 116 72 
72 114 29 
88 112 57 
67 111 66 
96 110 39 
101 110 16 
71 105 50 
78 104 18 
19 103 35 
85 102 42 
67 97 59 
75 96 23 
102 94 78 
66 93 87 
98 93 49 
78 88 48 
96 88 46 
89 86 39 
79 85 73 
107 84 19 
69 81 79 
64 80 92 
66 80 100 
66 79 81 
100 79 57 
66 78 21 
71 77 75 
72 77 50 
72 76 68 
62 75 63 
88 71 51 
93 68 63 
93 67 38 
81 64 49 
105 55 36 
63 54 78 
95 51 49 
66 43 61 
69 40 89 
67 38 25 
87 34 62 
77 23 44 
68 18 47 
72 17 75 
61 12 40 
62 10 51 
60 9 40 
17 7 51 
76 6 65 
