167 200 34 
237 111 47 
223 110 60 
215 98 47 
197 89 68 
212 83 23 
220 82 51 
216 81 49 
229 81 37 
192 76 60 
223 76 43 
224 76 48 
175 74 42 
211 74 31 
229 74 65 
201 73 66 
160 70 54 
211 70 42 
200 69 75 
210 68 33 
185 67 47 
216 67 80 
229 67 70 
204 66 66 
200 65 60 
204 64 86 
205 64 37 
228 64 26 
238 64 57 
240 61 70 
191 60 30 
197 60 33 
204 60 43 
205 60 49 
197 59 49 
199 59 57 
203 59 78 
204 59 83 
225 58 31 
199 57 45 
180 56 49 
195 56 64 
196 56 77 
198 55 8 
223 55 52 
183 53 46 
187 53 62 
195 53 75 
209 53 62 
197 52 25 
200 51 68 
199 50 92 
152 49 50 
160 49 66 
200 49 60 
222 49 39 
206 48 36 
183 46 45 
192 46 86 
232 46 75 
191 45 60 
202 45 70 
191 44 76 
202 44 73 
203 44 76 
215 44 74 
217 43 15 
219 42 70 
166 41 77 
206 41 59 
223 41 36 
193 40 103 
205 40 55 
203 39 27 
204 39 75 
179 38 6 
200 38 55 
165 37 33 
196 37 47 
226 37 79 
234 37 54 
162 36 59 
202 36 43 
203 36 42 
195 35 78 
228 35 45 
172 34 41 
192 34 55 
215 34 38 
166 33 66 
201 33 59 
214 33 40 
180 32 73 
204 32 67 
233 32 58 
237 32 32 
186 31 46 
227 31 7 
185 29 58 
193 29 30 
206 29 43 
221 29 71 
199 28 22 
206 28 75 
222 28 26 
185 26 74 
187 26 20 
196 26 34 
198 26 50 
218 26 60 
173 25 56 
197 25 30 
198 25 23 
165 24 42 
191 23 81 
193 23 31 
207 23 73 
173 22 47 
213 22 80 
135 21 57 
173 21 43 
210 21 67 
213 20 96 
175 18 19 
179 18 71 
207 18 42 
172 16 25 
183 16 33 
185 16 41 
181 15 29 
227 14 60 
178 13 34 
197 12 33 
149 8 10 
