96 238 14 
85 230 26 
108 219 44 
70 215 36 
84 207 65 
56 206 33 
167 200 70 
66 198 39 
67 198 77 
63 197 49 
99 195 16 
132 193 78 
72 188 53 
73 188 60 
89 185 65 
91 184 42 
81 180 39 
65 178 29 
65 177 45 
70 172 76 
86 166 80 
60 163 64 
65 163 65 
86 163 69 
82 159 41 
53 151 57 
54 145 41 
50 144 57 
59 139 44 
47 134 36 
75 130 44 
69 122 97 
63 121 51 
15 115 22 
50 112 22 
36 111 59 
51 111 95 
45 102 82 
49 86 51 
32 82 97 
32 78 54 
29 74 66 
30 74 33 
36 72 9 
33 71 7 
51 71 73 
23 70 75 
40 70 68 
18 69 41 
19 69 50 
18 68 20 
18 67 62 
25 67 40 
43 67 47 
12 66 62 
38 66 78 
19 65 46 
26 65 73 
32 62 84 
22 60 77 
19 59 33 
25 59 40 
30 59 98 
59 59 83 
22 57 73 
26 57 29 
29 57 33 
30 57 39 
49 57 9 
33 56 41 
37 55 55 
50 55 81 
51 55 10 
20 54 41 
42 54 26 
56 54 61 
13 53 63 
16 53 61 
25 53 98 
45 53 27 
25 52 52 
30 50 79 
43 49 47 
44 49 65 
13 48 68 
12 47 26 
35 47 60 
42 46 69 
40 45 38 
28 44 97 
22 43 24 
27 43 62 
46 40 54 
16 38 74 
35 38 35 
32 35 91 
18 34 58 
41 33 37 
25 27 34 
33 26 41 
28 23 29 
11 22 27 
37 20 59 
