167 200 48 
113 140 75 
114 128 59 
48 127 89 
176 127 52 
53 126 32 
53 125 8 
54 125 49 
117 123 41 
120 123 29 
61 122 37 
94 122 81 
96 119 43 
105 119 37 
115 119 31 
121 118 17 
132 118 71 
212 118 51 
98 116 47 
112 116 54 
139 116 37 
31 115 52 
112 115 67 
113 115 83 
187 115 52 
188 115 58 
102 114 88 
109 114 59 
220 114 39 
115 113 38 
123 113 62 
223 113 46 
36 112 83 
46 112 27 
76 112 85 
127 112 52 
143 112 63 
174 112 61 
76 111 78 
66 110 56 
112 110 62 
131 110 7 
142 110 57 
114 109 33 
120 109 32 
129 109 53 
131 109 39 
171 109 44 
37 108 90 
115 108 76 
181 108 35 
131 107 67 
172 107 38 
239 107 61 
181 106 82 
23 104 46 
34 104 41 
35 104 65 
114 104 68 
122 104 31 
41 103 66 
108 103 26 
110 103 72 
200 103 74 
221 103 35 
23 102 53 
40 102 60 
95 102 38 
111 102 41 
115 102 87 
205 102 26 
216 102 16 
111 101 85 
172 101 73 
125 100 92 
158 100 56 
34 99 81 
102 99 72 
108 99 37 
116 99 90 
156 99 73 
110 98 48 
111 98 73 
126 98 34 
165 97 79 
36 96 53 
52 96 97 
111 96 41 
159 96 44 
165 96 60 
73 95 59 
101 95 68 
131 95 32 
51 94 54 
102 94 21 
173 94 64 
175 94 27 
35 93 52 
80 93 37 
97 93 50 
103 93 51 
173 93 78 
174 93 40 
175 93 52 
48 92 28 
45 91 37 
107 91 59 
128 89 28 
108 88 25 
107 86 28 
56 78 85 
