167 200 92 
39 162 27 
23 155 57 
26 151 42 
59 145 73 
31 144 57 
49 143 49 
50 143 62 
46 141 42 
36 140 27 
37 140 67 
62 140 23 
24 138 45 
29 136 44 
31 136 85 
29 131 31 
28 130 76 
30 130 70 
29 129 76 
50 129 16 
28 128 42 
47 127 44 
13 126 96 
17 126 23 
45 126 33 
61 126 20 
63 126 97 
39 125 62 
51 123 50 
37 122 29 
51 122 33 
47 121 51 
34 120 48 
35 120 84 
42 120 82 
28 115 133 
52 105 47 
66 100 33 
78 97 61 
86 96 49 
69 95 87 
72 94 28 
57 93 51 
70 93 86 
77 91 74 
82 88 55 
96 84 31 
74 79 31 
93 78 39 
107 67 63 
93 62 81 
104 54 83 
114 54 54 
114 53 94 
102 52 63 
105 52 19 
107 52 28 
117 52 25 
104 51 54 
113 49 2 
106 48 85 
112 48 46 
135 46 24 
144 43 107 
120 41 42 
130 33 31 
146 32 92 
153 29 48 
156 29 75 
144 28 71 
146 28 54 
155 28 54 
156 28 60 
144 27 76 
125 25 76 
141 23 49 
136 22 62 
143 22 30 
149 20 6 
150 20 47 
155 20 31 
150 19 41 
129 17 66 
130 14 36 
