167 200 69 
39 100 70 
14 99 32 
15 99 31 
35 98 56 
36 98 49 
24 97 67 
41 97 44 
43 97 38 
46 97 73 
54 97 52 
28 96 90 
45 96 25 
46 96 56 
47 96 78 
48 96 58 
54 96 85 
13 95 33 
44 95 82 
46 95 94 
18 94 76 
37 94 33 
38 94 55 
47 94 55 
49 94 22 
52 94 39 
39 93 61 
41 93 56 
45 93 27 
19 92 35 
24 92 67 
27 92 50 
36 92 22 
39 92 44 
42 92 71 
43 92 103 
44 92 73 
45 92 51 
46 92 50 
51 92 59 
52 92 147 
19 91 32 
31 91 36 
36 91 22 
38 91 66 
40 91 117 
43 91 65 
44 91 60 
47 91 39 
48 91 61 
50 91 65 
51 91 67 
19 90 28 
21 90 77 
31 90 6 
33 90 40 
34 90 32 
35 90 57 
38 90 111 
40 90 49 
41 90 25 
44 90 77 
45 90 34 
46 90 59 
47 90 67 
50 90 18 
52 90 90 
14 89 30 
16 89 40 
17 89 37 
19 89 55 
21 89 54 
27 89 110 
28 89 81 
30 89 36 
33 89 65 
35 89 80 
38 89 52 
39 89 56 
42 89 28 
43 89 92 
44 89 41 
45 89 67 
47 89 112 
48 89 67 
49 89 73 
50 89 63 
24 88 18 
33 88 33 
36 88 61 
38 88 67 
39 88 37 
40 88 115 
41 88 94 
42 88 121 
43 88 121 
44 88 54 
45 88 83 
46 88 42 
47 88 56 
48 88 83 
50 88 103 
51 88 84 
53 88 71 
24 87 60 
28 87 68 
30 87 47 
34 87 103 
35 87 82 
36 87 68 
38 87 90 
40 87 57 
41 87 95 
42 87 98 
43 87 128 
44 87 136 
45 87 102 
46 87 64 
48 87 53 
49 87 51 
51 87 111 
52 87 95 
53 87 63 
54 87 59 
55 87 44 
56 87 15 
17 86 73 
30 86 88 
33 86 94 
35 86 117 
36 86 65 
38 86 83 
39 86 132 
40 86 154 
41 86 137 
42 86 150 
43 86 26 
44 86 98 
45 86 124 
46 86 60 
47 86 64 
48 86 65 
50 86 92 
51 86 44 
52 86 87 
53 86 36 
55 86 24 
19 85 26 
20 85 91 
23 85 45 
26 85 84 
27 85 68 
28 85 64 
29 85 82 
30 85 63 
31 85 53 
32 85 60 
33 85 66 
34 85 109 
37 85 136 
38 85 90 
39 85 75 
40 85 23 
41 85 39 
42 85 93 
43 85 150 
44 85 125 
45 85 77 
46 85 105 
47 85 125 
48 85 17 
49 85 97 
50 85 81 
52 85 70 
55 85 60 
18 84 70 
19 84 23 
22 84 82 
29 84 57 
32 84 99 
33 84 67 
36 84 89 
37 84 59 
38 84 95 
39 84 109 
40 84 65 
41 84 52 
42 84 164 
43 84 126 
44 84 86 
45 84 43 
46 84 147 
47 84 56 
49 84 53 
52 84 87 
56 84 57 
14 83 56 
23 83 60 
29 83 49 
33 83 78 
35 83 70 
36 83 61 
38 83 62 
39 83 110 
40 83 103 
41 83 156 
42 83 218 
43 83 65 
44 83 100 
45 83 86 
46 83 113 
47 83 83 
48 83 71 
49 83 16 
50 83 59 
51 83 88 
57 83 54 
58 83 29 
26 82 52 
29 82 20 
33 82 51 
35 82 84 
36 82 126 
37 82 93 
38 82 108 
39 82 66 
41 82 141 
42 82 167 
43 82 69 
44 82 132 
45 82 96 
46 82 92 
47 82 105 
50 82 42 
51 82 49 
52 82 55 
55 82 32 
60 82 15 
22 81 17 
27 81 79 
39 81 46 
40 81 98 
41 81 29 
42 81 75 
43 81 68 
44 81 129 
45 81 63 
46 81 77 
48 81 37 
49 81 30 
53 81 40 
54 81 68 
25 80 60 
30 80 75 
36 80 38 
39 80 67 
40 80 65 
45 80 192 
46 80 12 
47 80 73 
48 80 151 
50 80 75 
52 80 57 
54 80 48 
20 79 38 
31 79 74 
32 79 41 
40 79 59 
41 79 51 
42 79 71 
43 79 102 
44 79 25 
45 79 54 
46 79 19 
48 79 45 
54 79 34 
29 78 22 
37 78 61 
38 78 45 
39 78 59 
40 78 67 
41 78 116 
44 78 88 
45 78 109 
46 78 73 
48 78 60 
49 78 92 
57 78 26 
9 77 62 
31 77 55 
35 77 33 
40 77 68 
41 77 48 
42 77 67 
43 77 60 
45 77 50 
47 77 58 
49 77 79 
52 77 82 
12 76 62 
25 76 73 
33 76 49 
40 76 70 
41 76 39 
43 76 66 
49 76 56 
50 76 73 
8 75 30 
13 75 26 
32 75 53 
33 75 95 
34 75 86 
37 75 23 
40 75 45 
42 75 52 
43 75 88 
44 75 60 
47 75 49 
13 74 26 
47 74 54 
48 74 73 
38 73 46 
40 73 47 
34 72 105 
40 72 63 
46 72 68 
31 71 91 
35 66 23 
