167 200 45 
32 106 46 
33 106 80 
36 106 39 
34 105 52 
11 97 61 
29 96 93 
20 93 72 
40 93 113 
41 93 40 
17 92 38 
16 91 47 
19 91 61 
44 91 27 
55 91 56 
37 90 50 
25 89 16 
30 86 83 
57 85 54 
38 80 28 
15 79 79 
28 75 51 
40 73 67 
41 72 48 
41 71 94 
23 70 59 
41 70 74 
36 65 77 
40 65 83 
45 65 80 
37 64 65 
38 63 67 
58 62 67 
47 61 22 
67 61 43 
13 60 49 
18 54 34 
13 53 59 
52 53 55 
77 52 17 
17 48 36 
55 48 33 
58 44 56 
62 40 118 
63 40 10 
49 39 30 
52 39 31 
61 39 67 
33 36 36 
57 36 45 
33 35 79 
49 35 22 
51 35 57 
56 34 47 
88 34 41 
60 28 57 
59 27 72 
59 26 22 
25 25 63 
53 24 26 
51 20 54 
43 19 31 
72 19 55 
49 16 47 
56 14 49 
58 9 78 
51 7 33 
47 6 58 
50 4 42 
