66 232 76 
67 232 41 
66 231 71 
72 231 38 
57 226 31 
57 224 39 
66 212 68 
80 206 29 
105 206 41 
76 201 37 
167 200 38 
69 199 24 
40 198 20 
74 198 81 
87 197 43 
98 191 40 
43 183 13 
78 183 46 
85 183 88 
29 180 26 
54 179 77 
43 170 41 
37 163 53 
77 160 50 
31 155 65 
28 149 59 
60 137 69 
45 136 43 
49 133 74 
17 128 42 
45 121 71 
48 121 85 
46 120 47 
64 120 19 
44 119 24 
44 114 72 
52 114 65 
53 114 47 
24 112 37 
40 112 43 
43 112 62 
43 111 36 
28 109 50 
36 109 49 
45 109 92 
33 107 61 
43 107 60 
44 107 20 
42 106 43 
41 105 55 
18 98 21 
42 96 53 
42 95 44 
47 93 23 
51 90 23 
24 88 34 
46 88 66 
50 87 30 
51 87 60 
65 81 49 
22 79 83 
64 75 34 
54 72 77 
45 65 53 
53 65 63 
37 61 78 
21 58 31 
39 54 32 
40 54 30 
31 44 42 
47 44 60 
18 39 52 
21 34 67 
27 31 38 
30 26 17 
