26 230 56 
27 230 53 
14 224 68 
29 218 53 
30 217 59 
12 205 58 
13 204 26 
167 200 71 
29 192 29 
41 186 46 
55 185 54 
57 182 100 
51 176 94 
45 174 34 
47 174 48 
23 173 51 
24 169 55 
53 169 67 
24 161 76 
36 161 82 
25 152 33 
27 152 65 
47 152 49 
22 150 76 
24 149 44 
26 149 43 
44 141 23 
21 137 49 
41 135 45 
42 135 50 
47 131 34 
22 130 52 
28 129 18 
41 127 122 
82 126 51 
50 123 71 
51 123 26 
50 122 57 
51 122 94 
56 122 28 
32 119 51 
50 119 93 
32 118 62 
48 116 106 
71 116 39 
36 115 42 
50 115 17 
83 115 50 
59 114 60 
30 109 62 
56 109 70 
40 108 34 
31 105 54 
35 103 54 
43 103 39 
48 102 88 
49 102 79 
65 102 62 
36 101 62 
36 99 58 
29 97 46 
77 96 64 
86 89 50 
58 86 54 
88 79 59 
94 78 45 
94 76 59 
51 73 32 
48 72 42 
85 72 40 
78 70 68 
69 66 31 
116 66 32 
79 63 63 
144 58 49 
73 55 78 
70 54 60 
90 54 22 
105 52 67 
75 48 52 
77 47 56 
78 47 30 
110 47 60 
108 46 38 
129 46 12 
65 45 29 
83 45 25 
89 45 40 
94 43 30 
66 42 35 
112 42 47 
79 38 34 
85 38 71 
99 38 50 
108 38 34 
83 37 80 
78 35 36 
100 34 74 
103 33 59 
73 32 40 
74 31 61 
97 29 94 
104 28 26 
98 27 52 
66 26 92 
122 26 50 
132 24 70 
92 23 77 
106 22 45 
76 21 20 
95 21 59 
106 21 77 
56 18 40 
130 18 36 
122 15 56 
85 13 18 
89 10 9 
114 9 42 
