158 240 59 
166 233 46 
135 232 17 
173 232 36 
213 230 34 
151 228 36 
174 226 63 
185 222 55 
161 220 75 
201 217 43 
196 216 66 
201 216 20 
202 216 58 
187 214 65 
206 212 59 
154 210 79 
184 208 72 
178 207 73 
178 206 24 
164 203 42 
154 202 70 
146 200 52 
167 200 78 
198 200 47 
199 200 37 
148 199 38 
148 198 42 
150 197 44 
161 195 74 
143 192 51 
203 192 40 
203 191 22 
129 189 14 
159 189 44 
173 189 50 
106 186 88 
106 185 70 
199 183 44 
106 182 30 
129 179 68 
164 176 56 
198 176 45 
106 175 38 
114 171 19 
145 168 44 
167 166 68 
144 165 64 
155 162 73 
170 160 74 
122 159 37 
143 149 52 
147 149 53 
168 147 39 
131 143 67 
132 143 56 
81 141 76 
112 141 69 
40 131 67 
55 127 37 
88 127 59 
90 125 65 
80 123 13 
78 122 39 
127 119 45 
69 118 56 
63 117 84 
64 117 56 
65 117 57 
107 117 61 
73 114 58 
75 114 58 
96 110 32 
91 109 60 
96 109 26 
65 106 67 
103 106 19 
56 104 62 
68 104 59 
84 103 63 
99 101 59 
64 97 55 
88 95 43 
89 95 40 
33 94 26 
57 94 36 
81 93 50 
87 91 57 
108 90 30 
36 89 67 
37 88 56 
110 88 140 
65 85 62 
22 83 52 
67 83 40 
68 83 73 
22 82 66 
34 82 87 
38 82 77 
24 79 46 
25 78 61 
27 78 46 
70 76 30 
56 75 26 
46 74 36 
118 74 47 
46 73 60 
40 71 114 
38 69 42 
50 69 30 
58 69 54 
32 65 59 
32 64 52 
60 58 59 
67 58 28 
71 55 72 
47 54 33 
47 53 39 
10 50 47 
38 50 44 
86 50 39 
47 42 41 
23 38 20 
39 31 21 
35 25 62 
70 20 31 
19 18 67 
