167 200 87 
13 88 58 
20 88 24 
15 87 30 
17 87 53 
20 87 23 
12 86 23 
14 86 77 
17 86 93 
19 86 66 
15 85 44 
16 85 67 
20 85 51 
12 84 24 
14 84 47 
21 84 30 
11 83 26 
14 83 51 
10 82 67 
11 82 33 
12 82 51 
16 82 74 
17 82 23 
10 81 25 
13 81 49 
15 81 56 
16 81 31 
13 80 61 
14 80 78 
19 80 16 
12 79 54 
13 79 77 
19 79 50 
20 79 63 
16 78 49 
17 78 21 
21 78 42 
14 76 8 
18 76 54 
14 75 87 
15 75 49 
12 73 55 
14 73 71 
17 73 19 
19 72 31 
24 72 45 
10 69 37 
16 65 81 
25 62 53 
16 59 34 
21 59 57 
22 59 85 
25 59 58 
34 57 64 
12 52 63 
27 52 34 
26 51 24 
30 51 61 
38 51 36 
45 51 53 
35 50 64 
42 50 41 
37 49 47 
40 49 20 
42 49 114 
43 49 56 
22 48 15 
29 48 35 
39 48 74 
42 48 29 
43 48 33 
19 47 34 
22 47 100 
30 46 30 
38 46 87 
40 46 61 
16 45 19 
20 45 37 
24 45 65 
27 45 74 
30 45 94 
35 45 106 
36 45 70 
39 45 31 
33 44 49 
39 44 59 
33 43 69 
19 41 85 
39 41 50 
22 40 38 
28 40 67 
30 40 37 
38 40 71 
18 39 64 
33 39 86 
23 38 5 
31 38 6 
34 38 51 
37 38 20 
38 38 45 
40 38 60 
41 38 111 
49 38 17 
30 37 57 
34 37 19 
38 37 73 
39 37 46 
47 37 87 
20 36 32 
22 36 53 
24 36 94 
26 36 62 
38 36 48 
39 36 41 
44 36 23 
46 36 43 
48 36 51 
21 35 61 
23 35 65 
24 35 27 
26 35 63 
31 35 75 
36 35 79 
44 35 67 
45 35 29 
23 34 108 
33 34 60 
28 33 43 
40 33 40 
41 33 25 
42 33 44 
43 33 95 
46 33 29 
17 32 52 
22 32 63 
28 32 60 
29 32 46 
36 32 60 
42 32 62 
44 32 15 
13 31 61 
24 31 62 
26 31 55 
28 31 85 
29 31 50 
31 31 59 
32 31 72 
33 31 60 
34 31 70 
35 31 46 
38 31 62 
39 31 43 
41 31 50 
46 31 58 
48 31 22 
56 31 64 
30 30 90 
31 30 20 
32 30 63 
41 30 25 
46 30 54 
48 30 13 
50 30 70 
52 30 40 
21 29 44 
26 29 36 
29 29 52 
31 29 29 
32 29 57 
34 29 52 
35 29 33 
37 29 59 
40 29 44 
41 29 47 
44 29 57 
31 28 65 
34 28 44 
36 28 129 
37 28 54 
41 28 18 
42 28 29 
44 28 32 
45 28 20 
47 28 74 
56 28 32 
21 27 33 
22 27 71 
35 27 93 
36 27 48 
37 27 31 
38 27 32 
39 27 74 
40 27 27 
41 27 49 
49 27 91 
56 27 47 
15 26 20 
23 26 56 
24 26 75 
25 26 66 
27 26 87 
34 26 52 
35 26 74 
39 26 18 
41 26 67 
42 26 79 
44 26 45 
48 26 95 
50 26 79 
52 26 52 
16 25 26 
17 25 34 
19 25 67 
25 25 30 
31 25 51 
33 25 51 
34 25 76 
39 25 66 
40 25 31 
43 25 83 
47 25 42 
48 25 23 
54 25 40 
23 24 51 
27 24 43 
31 24 37 
32 24 68 
33 24 70 
36 24 116 
40 24 65 
46 24 46 
47 24 55 
18 23 50 
22 23 69 
30 23 56 
31 23 98 
35 23 25 
37 23 61 
41 23 69 
43 23 21 
45 23 33 
46 23 59 
47 23 42 
52 23 26 
53 23 37 
22 22 68 
25 22 55 
30 22 46 
32 22 23 
33 22 47 
35 22 59 
39 22 26 
40 22 65 
42 22 90 
45 22 74 
46 22 79 
47 22 38 
57 22 79 
60 22 66 
26 21 37 
28 21 88 
31 21 55 
33 21 122 
34 21 87 
38 21 98 
39 21 79 
40 21 101 
41 21 29 
42 21 50 
43 21 67 
44 21 27 
45 21 84 
49 21 87 
50 21 27 
51 21 79 
55 21 55 
58 21 70 
62 21 51 
22 20 32 
27 20 41 
30 20 113 
31 20 10 
32 20 52 
34 20 62 
37 20 40 
38 20 63 
40 20 27 
41 20 77 
42 20 33 
43 20 40 
44 20 32 
45 20 98 
46 20 52 
49 20 51 
50 20 59 
52 20 35 
55 20 26 
25 19 33 
28 19 39 
30 19 74 
32 19 65 
34 19 74 
35 19 105 
38 19 60 
40 19 146 
42 19 90 
46 19 120 
47 19 38 
49 19 26 
50 19 43 
51 19 60 
52 19 59 
54 19 36 
14 18 33 
24 18 61 
27 18 44 
29 18 115 
30 18 34 
32 18 38 
34 18 25 
35 18 36 
37 18 63 
40 18 22 
41 18 57 
42 18 46 
46 18 40 
47 18 40 
50 18 14 
58 18 30 
22 17 12 
26 17 13 
29 17 106 
30 17 70 
31 17 76 
33 17 36 
34 17 53 
38 17 40 
39 17 52 
41 17 56 
42 17 100 
43 17 35 
47 17 85 
59 17 75 
22 16 38 
30 16 25 
34 16 94 
35 16 55 
36 16 48 
41 16 76 
42 16 140 
43 16 51 
44 16 23 
45 16 64 
49 16 66 
51 16 41 
52 16 73 
54 16 53 
57 16 122 
21 15 26 
22 15 47 
36 15 42 
37 15 73 
39 15 125 
40 15 49 
41 15 33 
42 15 57 
44 15 133 
54 15 108 
55 15 59 
58 15 14 
27 14 72 
29 14 77 
30 14 32 
32 14 49 
37 14 87 
38 14 25 
39 14 60 
40 14 114 
41 14 55 
42 14 78 
43 14 41 
44 14 63 
45 14 39 
46 14 66 
47 14 120 
49 14 55 
51 14 37 
53 14 50 
55 14 15 
58 14 101 
28 13 54 
33 13 56 
34 13 37 
38 13 100 
39 13 74 
40 13 92 
42 13 55 
43 13 11 
45 13 71 
47 13 59 
49 13 52 
50 13 66 
51 13 48 
52 13 13 
54 13 88 
8 12 40 
29 12 25 
33 12 53 
35 12 12 
36 12 62 
37 12 56 
38 12 71 
41 12 36 
42 12 109 
43 12 20 
45 12 38 
49 12 25 
50 12 87 
54 12 52 
22 11 65 
29 11 54 
38 11 66 
39 11 68 
41 11 19 
42 11 73 
44 11 67 
46 11 45 
49 11 15 
50 11 51 
53 11 21 
54 11 74 
56 11 44 
42 10 48 
43 10 33 
46 10 46 
53 10 32 
54 10 40 
35 9 65 
36 9 44 
39 9 66 
45 9 107 
49 9 33 
55 9 58 
9 8 61 
34 8 46 
35 8 69 
37 8 46 
38 8 73 
39 8 99 
40 8 33 
51 8 110 
54 8 66 
58 8 52 
62 8 49 
20 7 60 
32 7 52 
37 7 37 
38 7 41 
39 7 31 
41 7 61 
43 7 101 
45 7 44 
51 7 66 
62 7 78 
34 6 57 
44 6 39 
47 6 42 
50 6 54 
51 6 31 
40 5 49 
41 5 44 
42 5 57 
48 5 66 
51 5 41 
40 4 54 
46 4 45 
53 4 54 
54 4 44 
55 4 79 
28 3 29 
40 3 71 
44 3 72 
54 3 39 
33 2 45 
48 2 54 
40 1 69 
43 1 68 
54 1 46 
40 0 72 
