37 240 51 
20 238 27 
29 236 45 
46 233 58 
45 232 36 
62 227 28 
25 226 71 
44 226 45 
30 225 58 
31 225 29 
53 225 77 
25 224 45 
52 223 42 
53 223 45 
53 222 80 
58 219 30 
29 218 32 
30 217 34 
26 213 19 
31 211 61 
29 210 31 
30 210 93 
32 210 53 
43 210 85 
46 210 87 
167 200 31 
51 196 76 
32 192 45 
57 191 54 
44 190 44 
49 187 60 
25 174 71 
36 168 45 
46 161 34 
34 157 46 
58 157 59 
37 151 74 
16 147 47 
53 146 93 
36 137 69 
46 137 33 
54 132 97 
44 114 44 
51 108 85 
53 105 52 
50 95 63 
60 84 76 
57 75 63 
65 75 28 
57 73 51 
79 73 45 
59 66 30 
61 66 33 
62 66 50 
62 65 87 
73 65 76 
62 64 52 
82 62 33 
69 58 51 
63 55 21 
82 46 61 
71 40 35 
85 36 62 
79 34 19 
79 19 82 
61 6 48 
