167 200 54 
246 167 45 
244 162 36 
236 129 48 
240 127 52 
237 112 75 
234 107 34 
226 105 42 
245 100 30 
233 74 100 
216 72 98 
235 72 36 
231 71 31 
222 64 39 
223 63 73 
220 59 73 
233 59 18 
242 59 39 
231 58 61 
225 57 56 
188 56 26 
235 53 52 
213 52 68 
195 51 44 
203 51 74 
232 51 24 
235 51 26 
237 50 25 
244 50 55 
230 49 32 
237 49 93 
243 49 90 
229 48 37 
236 48 101 
201 47 24 
231 47 48 
202 46 52 
203 46 21 
208 46 21 
230 46 43 
231 46 38 
201 45 49 
210 45 29 
231 45 25 
240 45 82 
204 44 46 
218 44 57 
225 44 40 
227 44 18 
235 44 26 
247 44 51 
214 43 36 
215 43 36 
218 43 41 
232 43 21 
236 43 18 
237 43 33 
246 43 123 
247 43 44 
197 41 68 
211 41 72 
227 41 70 
230 41 42 
199 40 24 
220 40 53 
239 40 45 
195 39 84 
222 39 44 
236 39 81 
237 39 41 
240 39 46 
211 38 17 
216 38 27 
228 38 15 
240 38 45 
198 36 26 
201 36 53 
214 36 39 
188 35 60 
202 35 61 
210 35 48 
220 35 33 
221 35 78 
228 35 86 
229 35 75 
230 35 37 
211 34 41 
213 34 24 
221 34 37 
223 34 65 
224 34 34 
237 34 55 
209 33 73 
211 33 32 
216 33 17 
216 32 13 
219 32 70 
223 32 57 
224 32 16 
194 31 50 
200 31 77 
207 31 44 
209 31 74 
211 31 65 
216 31 24 
222 31 84 
236 31 70 
202 30 42 
203 30 12 
206 30 66 
214 30 57 
216 30 26 
220 30 19 
227 30 45 
237 30 73 
238 30 15 
192 29 25 
211 29 79 
218 29 93 
193 28 26 
205 28 42 
215 28 38 
220 28 23 
222 28 41 
228 28 30 
230 28 46 
207 27 40 
228 27 66 
209 26 60 
217 26 42 
235 26 51 
189 25 45 
195 25 57 
217 25 36 
235 25 59 
203 24 34 
209 24 30 
222 24 82 
201 23 101 
216 23 51 
227 23 105 
240 23 37 
197 22 42 
200 22 12 
202 22 78 
212 22 46 
215 22 18 
232 22 71 
193 21 56 
196 21 41 
199 21 79 
208 21 92 
209 21 59 
210 21 70 
211 21 42 
220 21 63 
230 21 65 
246 21 51 
188 20 74 
191 20 29 
204 20 106 
206 20 48 
209 20 37 
221 20 54 
237 20 48 
242 20 88 
243 20 27 
182 19 32 
188 19 75 
206 19 67 
209 19 33 
230 19 87 
235 19 51 
237 19 31 
177 18 67 
182 18 77 
184 18 69 
190 18 29 
196 18 89 
213 18 34 
230 18 30 
232 18 13 
236 18 78 
237 18 66 
203 17 46 
204 17 60 
211 17 87 
215 17 86 
232 17 66 
233 17 51 
204 16 91 
212 16 78 
213 16 26 
214 16 69 
225 16 62 
231 16 63 
186 15 76 
189 15 43 
191 15 64 
200 15 26 
205 15 70 
207 15 71 
208 15 57 
243 15 7 
172 14 29 
182 14 59 
196 14 25 
215 14 49 
193 13 57 
206 13 31 
231 13 81 
193 12 19 
216 12 16 
220 12 12 
209 11 70 
216 11 103 
217 11 45 
218 11 54 
212 10 22 
223 10 62 
184 9 30 
195 9 39 
200 9 61 
214 9 43 
225 9 24 
212 8 48 
219 8 43 
199 7 43 
201 7 52 
225 7 72 
238 7 83 
207 5 79 
200 4 46 
