101 241 40 
105 238 65 
106 238 63 
127 238 44 
106 237 58 
139 237 44 
104 236 39 
115 234 43 
135 234 70 
136 233 45 
107 231 73 
111 230 49 
118 230 30 
124 229 75 
127 229 38 
134 229 36 
127 228 41 
134 228 73 
115 227 27 
110 226 77 
112 226 57 
118 226 59 
97 225 27 
107 225 44 
126 224 60 
127 224 53 
102 222 76 
103 222 86 
97 221 77 
104 221 27 
115 219 25 
100 218 22 
111 218 60 
121 218 81 
145 218 70 
127 217 35 
107 215 48 
108 215 47 
110 215 39 
115 214 60 
121 214 52 
106 213 112 
108 213 76 
116 213 54 
121 213 11 
122 213 98 
114 212 17 
121 212 102 
96 211 64 
127 211 18 
128 211 36 
81 210 54 
116 210 107 
129 210 34 
108 209 41 
119 209 24 
120 209 72 
119 208 66 
119 207 69 
105 206 29 
112 206 53 
135 206 29 
105 205 62 
123 205 72 
125 205 60 
104 204 83 
106 204 59 
100 203 97 
102 202 43 
107 202 93 
110 201 95 
111 201 34 
115 201 79 
130 201 45 
167 200 44 
112 199 40 
113 199 75 
119 199 91 
122 199 78 
105 198 46 
123 198 108 
128 198 33 
119 197 73 
122 197 98 
92 196 65 
120 196 83 
121 196 45 
93 195 26 
94 195 34 
106 195 9 
116 195 42 
118 195 75 
122 195 31 
125 195 55 
128 195 52 
92 194 74 
100 194 79 
111 194 55 
118 194 25 
119 194 29 
99 193 80 
113 193 22 
121 193 79 
123 193 43 
91 192 16 
92 192 47 
114 192 62 
116 192 18 
120 192 29 
125 192 63 
128 191 84 
138 191 51 
106 190 71 
108 190 59 
113 190 40 
128 190 17 
131 190 47 
133 190 68 
99 189 37 
115 189 54 
125 189 19 
128 189 55 
131 189 65 
110 188 52 
111 188 22 
116 188 22 
114 187 74 
115 187 66 
117 187 54 
123 187 83 
130 187 83 
137 187 44 
142 187 32 
102 186 45 
113 186 35 
118 186 38 
120 186 14 
133 186 53 
112 185 64 
114 185 18 
115 185 66 
118 185 56 
125 185 104 
126 185 75 
107 184 39 
109 184 49 
120 184 50 
129 184 128 
130 184 65 
102 183 29 
121 183 39 
129 183 55 
131 183 95 
135 183 48 
136 183 21 
120 182 68 
124 182 98 
125 182 43 
105 181 41 
109 181 122 
115 181 28 
117 181 95 
119 181 20 
121 181 45 
97 180 49 
102 180 59 
112 180 88 
116 180 63 
117 180 97 
122 180 15 
127 180 51 
128 180 125 
135 180 50 
115 179 83 
119 179 76 
121 179 65 
122 179 54 
127 179 73 
113 178 29 
124 178 20 
102 177 19 
109 177 29 
113 177 82 
116 177 51 
117 177 30 
120 177 38 
121 177 63 
126 177 43 
104 176 80 
117 176 78 
127 176 44 
114 175 92 
117 175 80 
123 175 36 
127 175 78 
129 175 45 
131 175 62 
118 174 60 
119 174 51 
122 174 87 
104 173 38 
112 173 39 
115 173 38 
119 173 70 
120 173 77 
121 173 30 
123 173 103 
128 173 57 
131 173 76 
134 173 46 
143 173 65 
114 172 25 
118 172 23 
119 172 130 
125 172 60 
131 172 79 
115 171 30 
120 171 66 
121 171 47 
126 171 37 
137 171 116 
107 170 48 
116 170 97 
117 170 48 
128 170 43 
129 170 33 
137 170 33 
94 169 36 
121 169 47 
137 169 13 
118 168 37 
111 167 37 
119 167 68 
122 167 49 
123 167 49 
114 166 90 
116 166 54 
117 166 57 
118 166 69 
119 166 85 
122 166 74 
123 166 68 
142 166 93 
110 165 47 
117 165 52 
120 165 58 
113 164 72 
116 164 49 
117 164 23 
131 164 53 
113 163 82 
118 163 9 
122 163 39 
105 161 54 
106 161 144 
115 160 20 
127 160 81 
131 160 25 
123 159 47 
139 159 74 
140 159 68 
135 158 82 
139 158 35 
114 157 43 
122 157 12 
129 157 26 
110 156 79 
113 154 59 
137 154 50 
114 153 105 
120 153 48 
124 153 39 
141 152 77 
124 150 37 
122 149 74 
125 149 71 
126 149 43 
130 149 57 
131 149 43 
135 149 36 
124 148 75 
106 147 42 
130 147 51 
127 146 19 
121 145 79 
110 144 105 
127 144 133 
131 144 23 
133 144 38 
116 143 52 
121 143 19 
125 143 81 
116 140 73 
115 139 82 
117 139 60 
119 139 60 
127 139 95 
124 138 45 
107 137 49 
116 137 62 
121 137 84 
115 136 37 
111 135 47 
128 134 62 
115 133 64 
118 133 7 
114 132 29 
129 132 59 
130 132 38 
132 132 52 
115 131 39 
132 131 23 
133 131 44 
116 129 117 
127 128 65 
114 126 101 
118 124 68 
127 122 77 
123 121 102 
125 121 46 
123 120 51 
117 119 16 
124 119 66 
124 118 30 
114 117 38 
128 117 64 
128 116 54 
130 116 97 
131 116 66 
128 115 68 
132 113 69 
126 112 79 
117 110 23 
121 108 18 
122 108 30 
124 108 71 
129 104 22 
130 104 21 
136 104 57 
129 98 44 
124 97 56 
123 93 50 
128 92 40 
124 91 56 
129 86 69 
120 84 25 
121 84 16 
126 84 63 
128 80 79 
130 80 39 
131 80 74 
130 79 36 
132 79 10 
129 78 58 
130 78 78 
130 77 44 
