158 235 47 
166 234 76 
161 222 49 
184 216 36 
156 214 61 
170 212 72 
174 205 55 
174 204 56 
178 202 40 
167 200 89 
183 198 109 
184 198 95 
194 189 32 
194 188 75 
173 186 55 
184 182 77 
168 181 49 
190 181 28 
175 180 36 
200 174 20 
181 173 30 
200 173 30 
179 172 36 
201 171 29 
173 170 38 
191 170 59 
187 166 33 
188 166 65 
188 164 59 
193 163 57 
200 163 95 
198 162 49 
186 160 23 
203 160 63 
187 159 62 
193 157 14 
207 157 33 
190 156 37 
191 156 51 
204 155 60 
214 154 34 
215 154 14 
202 153 76 
214 153 49 
203 152 57 
199 151 27 
200 151 60 
203 150 71 
205 150 80 
194 147 70 
208 147 34 
195 146 35 
205 145 32 
221 144 55 
204 143 36 
205 143 51 
220 143 38 
180 142 41 
202 142 34 
203 142 80 
211 142 25 
199 141 11 
206 141 28 
210 141 60 
193 140 48 
202 140 36 
202 139 67 
207 139 31 
197 135 51 
216 134 62 
181 132 38 
198 132 68 
208 132 54 
198 130 135 
199 130 16 
221 130 52 
186 129 59 
199 129 49 
217 128 35 
220 128 42 
205 126 105 
197 123 60 
221 120 56 
201 114 45 
210 114 58 
211 113 36 
205 112 50 
203 111 48 
211 111 17 
217 106 44 
223 106 32 
211 104 34 
222 104 57 
222 103 68 
227 103 56 
200 101 89 
202 101 33 
220 83 32 
212 77 66 
231 66 68 
239 64 55 
225 63 45 
240 58 79 
241 58 30 
246 54 39 
237 50 58 
237 47 65 
236 46 33 
225 39 19 
224 38 37 
235 26 27 
240 23 36 
241 22 33 
