44 230 81 
19 211 68 
100 205 47 
102 205 21 
167 200 29 
58 197 49 
30 178 51 
54 176 58 
52 173 39 
58 173 20 
46 170 16 
54 167 64 
77 165 76 
46 163 49 
106 163 39 
52 161 30 
56 161 51 
65 157 29 
43 156 30 
44 156 53 
112 154 38 
44 151 75 
146 151 67 
34 146 54 
51 144 88 
106 143 76 
134 143 47 
140 139 87 
93 136 90 
66 134 57 
98 134 77 
157 132 36 
31 130 38 
126 130 70 
165 129 48 
187 129 98 
89 128 49 
34 127 59 
116 127 83 
156 127 82 
164 127 15 
155 126 41 
123 123 50 
170 120 65 
126 119 68 
58 118 64 
142 117 29 
143 117 81 
135 116 44 
139 114 128 
162 113 49 
138 112 56 
187 110 53 
147 104 41 
117 103 52 
158 103 40 
161 103 43 
218 101 42 
173 100 40 
216 100 47 
218 100 15 
136 99 63 
193 99 20 
134 97 54 
168 95 49 
136 93 19 
157 93 47 
133 92 87 
135 91 44 
185 90 46 
204 90 40 
181 89 61 
188 89 34 
180 88 70 
121 87 69 
135 87 27 
141 86 56 
138 80 22 
146 80 33 
205 77 37 
232 77 38 
233 77 51 
241 77 45 
231 76 73 
232 76 55 
231 75 24 
204 74 82 
219 74 54 
245 73 42 
183 71 48 
239 71 90 
234 70 47 
196 69 75 
232 67 69 
233 66 60 
205 65 62 
239 65 63 
212 64 60 
220 63 64 
240 58 75 
218 57 46 
227 57 52 
208 56 89 
236 56 38 
209 55 93 
221 51 55 
247 50 67 
229 48 64 
245 45 51 
239 44 62 
224 43 37 
227 43 55 
227 42 74 
240 41 46 
215 40 42 
222 32 50 
217 31 80 
238 27 75 
223 17 45 
