200 231 60 
204 231 66 
209 231 25 
209 229 68 
194 226 61 
216 225 47 
217 225 6 
195 222 41 
195 220 57 
197 220 28 
189 219 25 
195 219 86 
197 219 65 
211 219 51 
193 218 19 
209 218 87 
214 215 23 
212 214 74 
207 212 54 
213 211 62 
184 210 79 
188 208 23 
204 208 36 
194 206 70 
200 205 82 
208 204 33 
199 202 45 
229 202 43 
187 201 74 
167 200 42 
207 194 72 
209 194 43 
217 194 38 
218 194 14 
220 194 53 
209 193 88 
210 193 71 
214 186 48 
200 185 61 
191 183 28 
218 167 76 
220 153 21 
211 151 51 
192 150 60 
196 139 30 
198 137 60 
234 135 79 
202 130 47 
203 130 102 
205 130 54 
227 128 61 
212 118 78 
227 111 26 
216 105 59 
207 99 29 
219 99 52 
206 96 54 
207 96 82 
220 96 65 
209 95 56 
209 94 60 
202 91 53 
221 88 51 
207 86 45 
206 83 14 
228 80 47 
200 72 59 
202 53 15 
223 51 18 
214 48 38 
222 46 26 
216 41 54 
221 41 43 
218 36 11 
191 34 42 
192 34 67 
219 33 81 
215 32 49 
212 28 24 
229 28 46 
213 24 57 
218 24 32 
215 23 81 
189 20 57 
209 19 51 
199 13 47 
208 13 54 
218 13 59 
221 13 31 
