167 200 36 
22 97 85 
10 95 66 
20 94 58 
16 90 60 
24 90 73 
25 89 36 
9 84 49 
29 78 21 
28 77 47 
30 76 23 
31 71 46 
40 68 49 
38 67 53 
39 67 87 
34 66 47 
39 65 29 
40 65 34 
49 65 42 
38 64 78 
30 63 77 
40 63 31 
49 63 72 
33 62 79 
35 62 29 
38 62 115 
39 62 41 
43 62 62 
44 62 70 
45 62 73 
46 62 30 
36 61 37 
37 61 79 
38 61 65 
39 61 41 
43 61 45 
36 60 79 
37 60 47 
39 60 66 
40 60 79 
41 60 59 
33 58 33 
39 58 79 
40 58 20 
36 57 28 
40 57 70 
42 57 52 
43 57 54 
35 56 26 
38 56 109 
44 56 81 
37 55 43 
38 55 43 
41 55 72 
38 54 39 
38 50 40 
41 49 19 
58 41 42 
56 37 80 
62 37 58 
63 31 31 
65 31 13 
62 30 27 
64 29 45 
66 28 91 
67 26 61 
